<shapes type=list>
	<ruler.pixel type=vector names=FALSE length=1 as.numeric=TRUE >253.001976276866</ruler.pixel>
	<ruler.interval type=vector names=FALSE length=1 as.numeric=TRUE >1</ruler.interval>
	<scaling.units type=vector names=FALSE length=1 as.numeric=FALSE >cm</scaling.units>
	<scaling type=vector names=FALSE length=1 as.numeric=TRUE >0.00395253829521741</scaling>
	<image.name type=vector names=FALSE length=1 as.numeric=FALSE >TU202138_15_L.JPG</image.name>
	<landmarks.pixel type=matrix rownames=TRUE colnames=FALSE nrow=20 ncol=2 as.numeric=TRUE >
		snout_tip	1930	926
		dorsal_ant	2698	751
		dorsal_post	2930	821
		caud_upper	3534	809
		caud_lower	3578	1008
		anal_post	3287	1032
		anal_ant	3157	1099
		pelv_1	2760	1141
		pect_1	2345	1083
		lower_operc	2303	1076
		upper_operc	2299	852
		eye_center	2110	900
		eye_1_ant	2055	900
		eye_2	2068	862
		eye_3_dors	2113	845
		eye_4	2152	853
		eye_5_post	2168	900
		eye_6	2150	940
		eye_7_vent	2112	961
		eye_8	2069	940
	</landmarks.pixel>
	<landmarks.scaled type=matrix rownames=TRUE colnames=FALSE nrow=20 ncol=2 as.numeric=TRUE >
		snout_tip	7.6283989097696	-3.66005046137132
		dorsal_ant	10.6639483204966	-2.96835625970827
		dorsal_post	11.580937204987	-3.24503394037349
		caud_upper	13.9682703352983	-3.19760348083088
		caud_lower	14.1421820202879	-3.98415860157915
		anal_post	12.9919933763796	-4.07901952066436
		anal_ant	12.4781633980014	-4.34383958644393
		pelv_1	10.9090056948	-4.50984619484306
		pect_1	9.26870230228482	-4.28059897372045
		lower_operc	9.10269569388569	-4.25293120565393
		upper_operc	9.08688554070482	-3.36756262752523
		eye_center	8.33985580290873	-3.55728446569567
		eye_1_ant	8.12246619667177	-3.55728446569567
		eye_2	8.1738491945096	-3.40708801047741
		eye_3_dors	8.35171341779438	-3.33989485945871
		eye_4	8.50586241130786	-3.37151516582045
		eye_5_post	8.56910302403134	-3.55728446569567
		eye_6	8.49795733471743	-3.71538599750436
		eye_7_vent	8.34776087949917	-3.79838930170393
		eye_8	8.17780173280482	-3.71538599750436
	</landmarks.scaled>
	<curves.control type=list>
		<body_ant type=matrix rownames=FALSE colnames=FALSE nrow=7 ncol=2 as.numeric=TRUE >
			1930	926
			2021	800
			2263	785
			2320	770
			2442	766
			2562	749
			2698	751
		</body_ant>
		<body_post type=matrix rownames=FALSE colnames=FALSE nrow=5 ncol=2 as.numeric=TRUE >
			2930	821
			3122	856
			3406	839
			3474	833
			3534	809
		</body_post>
		<opercle type=matrix rownames=FALSE colnames=FALSE nrow=3 ncol=2 as.numeric=TRUE >
			2303	1076
			2368	1024
			2299	852
		</opercle>
	</curves.control>
	<curves.pixel type=list>
		<body_ant type=matrix rownames=FALSE colnames=FALSE nrow=784 ncol=2 as.numeric=TRUE >
			1930	926
			1931	925
			1931	924
			1932	923
			1933	922
			1933	921
			1934	920
			1935	920
			1936	919
			1936	918
			1937	917
			1938	916
			1938	915
			1939	914
			1940	913
			1941	912
			1941	911
			1942	911
			1943	910
			1944	909
			1944	908
			1945	907
			1946	906
			1947	905
			1947	904
			1948	904
			1949	903
			1950	902
			1950	901
			1951	900
			1952	899
			1953	899
			1954	898
			1954	897
			1955	896
			1956	895
			1957	894
			1958	894
			1959	893
			1959	892
			1960	891
			1961	890
			1962	890
			1963	889
			1964	888
			1964	887
			1965	886
			1966	886
			1967	885
			1968	884
			1969	883
			1970	882
			1971	882
			1972	881
			1972	880
			1973	879
			1974	879
			1975	878
			1976	877
			1977	876
			1978	876
			1979	875
			1980	874
			1981	873
			1982	873
			1983	872
			1983	871
			1984	870
			1985	870
			1986	869
			1987	868
			1988	867
			1989	867
			1990	866
			1991	865
			1992	865
			1993	864
			1994	863
			1995	863
			1996	862
			1997	861
			1998	860
			1999	860
			2000	859
			2001	858
			2002	858
			2003	857
			2004	856
			2005	856
			2006	855
			2007	854
			2008	854
			2009	853
			2010	853
			2011	852
			2012	852
			2013	851
			2014	850
			2015	850
			2016	849
			2017	848
			2018	848
			2019	847
			2020	847
			2021	846
			2022	846
			2023	845
			2024	845
			2025	844
			2026	844
			2027	843
			2028	843
			2029	842
			2030	842
			2031	841
			2032	841
			2033	840
			2034	840
			2035	839
			2036	838
			2037	838
			2038	837
			2039	837
			2040	837
			2041	836
			2042	836
			2043	835
			2044	835
			2045	834
			2046	834
			2047	833
			2048	833
			2049	832
			2050	832
			2051	831
			2052	831
			2053	830
			2054	830
			2055	829
			2056	829
			2057	828
			2058	828
			2059	828
			2060	827
			2061	827
			2062	826
			2063	826
			2064	826
			2064	825
			2065	825
			2066	825
			2067	824
			2068	824
			2069	824
			2070	823
			2071	823
			2072	822
			2073	822
			2074	822
			2075	821
			2076	821
			2077	821
			2078	820
			2079	820
			2080	819
			2081	819
			2082	819
			2083	818
			2084	818
			2085	818
			2086	817
			2087	817
			2088	817
			2089	816
			2090	816
			2091	816
			2092	815
			2093	815
			2094	815
			2095	814
			2096	814
			2097	814
			2098	813
			2099	813
			2100	813
			2101	812
			2102	812
			2103	812
			2104	811
			2105	811
			2106	811
			2107	811
			2108	810
			2109	810
			2110	810
			2111	809
			2112	809
			2113	809
			2114	808
			2115	808
			2116	808
			2117	808
			2118	807
			2119	807
			2120	807
			2121	807
			2122	806
			2123	806
			2124	806
			2125	806
			2126	805
			2127	805
			2128	805
			2129	805
			2130	804
			2131	804
			2132	804
			2133	804
			2134	803
			2135	803
			2136	803
			2137	803
			2138	802
			2139	802
			2140	802
			2141	802
			2142	801
			2143	801
			2144	801
			2145	801
			2146	801
			2147	800
			2148	800
			2149	800
			2150	800
			2151	799
			2152	799
			2153	799
			2154	799
			2155	799
			2156	798
			2157	798
			2158	798
			2159	798
			2160	798
			2161	797
			2162	797
			2163	797
			2164	797
			2165	797
			2166	797
			2167	796
			2168	796
			2169	796
			2170	796
			2171	796
			2172	796
			2173	795
			2174	795
			2175	795
			2176	795
			2177	795
			2178	794
			2179	794
			2180	794
			2181	794
			2182	794
			2183	794
			2184	793
			2185	793
			2186	793
			2187	793
			2188	793
			2189	793
			2190	793
			2191	792
			2192	792
			2193	792
			2194	792
			2195	792
			2196	792
			2197	792
			2198	791
			2199	791
			2200	791
			2201	791
			2202	791
			2203	791
			2204	791
			2205	790
			2206	790
			2207	790
			2208	790
			2209	790
			2210	790
			2211	790
			2212	790
			2213	790
			2214	789
			2215	789
			2216	789
			2217	789
			2218	789
			2219	789
			2220	789
			2221	789
			2222	788
			2223	788
			2224	788
			2225	788
			2226	788
			2227	788
			2228	788
			2229	788
			2230	788
			2231	788
			2232	787
			2233	787
			2234	787
			2235	787
			2236	787
			2237	787
			2238	787
			2239	787
			2240	787
			2241	787
			2242	787
			2243	786
			2244	786
			2245	786
			2246	786
			2247	786
			2248	786
			2249	786
			2250	786
			2251	786
			2252	786
			2253	786
			2254	786
			2255	786
			2256	785
			2257	785
			2258	785
			2259	785
			2260	785
			2261	785
			2262	785
			2263	785
			2264	785
			2265	784
			2266	784
			2267	784
			2268	784
			2269	784
			2269	783
			2270	783
			2271	783
			2272	783
			2273	783
			2274	782
			2275	782
			2276	782
			2277	782
			2278	781
			2279	781
			2280	781
			2281	781
			2282	781
			2283	780
			2284	780
			2285	780
			2286	780
			2287	780
			2288	780
			2289	779
			2290	779
			2291	779
			2292	779
			2293	779
			2294	778
			2295	778
			2296	778
			2297	778
			2298	778
			2299	778
			2300	777
			2301	777
			2302	777
			2303	777
			2304	777
			2305	777
			2306	777
			2307	776
			2308	776
			2309	776
			2310	776
			2311	776
			2312	776
			2313	776
			2314	775
			2315	775
			2316	775
			2317	775
			2318	775
			2319	775
			2320	775
			2321	775
			2322	774
			2323	774
			2324	774
			2325	774
			2326	774
			2327	774
			2328	774
			2329	774
			2330	773
			2331	773
			2332	773
			2333	773
			2334	773
			2335	773
			2336	773
			2337	773
			2338	773
			2339	772
			2340	772
			2341	772
			2342	772
			2343	772
			2344	772
			2345	772
			2346	772
			2347	772
			2348	772
			2349	771
			2350	771
			2351	771
			2352	771
			2353	771
			2354	771
			2355	771
			2356	771
			2357	771
			2358	771
			2359	771
			2360	771
			2361	770
			2362	770
			2363	770
			2364	770
			2365	770
			2366	770
			2367	770
			2368	770
			2369	770
			2370	770
			2371	770
			2372	770
			2373	769
			2374	769
			2375	769
			2376	769
			2377	769
			2378	769
			2379	769
			2380	769
			2381	769
			2382	769
			2383	769
			2384	769
			2385	769
			2386	769
			2387	769
			2388	768
			2389	768
			2390	768
			2391	768
			2392	768
			2393	768
			2394	768
			2395	768
			2396	768
			2397	768
			2398	768
			2399	768
			2400	768
			2401	768
			2402	768
			2403	768
			2404	768
			2405	768
			2406	768
			2407	767
			2408	767
			2409	767
			2410	767
			2411	767
			2412	767
			2413	767
			2414	767
			2415	767
			2416	767
			2417	767
			2418	767
			2419	767
			2420	767
			2421	767
			2422	767
			2423	767
			2424	767
			2425	767
			2426	767
			2427	767
			2428	767
			2429	766
			2430	766
			2431	766
			2432	766
			2433	766
			2434	766
			2435	766
			2436	766
			2437	766
			2438	766
			2439	766
			2440	766
			2441	766
			2442	766
			2443	766
			2444	766
			2445	766
			2446	765
			2447	765
			2448	765
			2449	765
			2450	765
			2451	765
			2452	765
			2453	764
			2454	764
			2455	764
			2456	764
			2457	764
			2458	764
			2459	764
			2460	764
			2461	763
			2462	763
			2463	763
			2464	763
			2465	763
			2466	763
			2467	763
			2468	763
			2469	762
			2470	762
			2471	762
			2472	762
			2473	762
			2474	762
			2475	762
			2476	762
			2477	762
			2478	761
			2479	761
			2480	761
			2481	761
			2482	761
			2483	761
			2484	761
			2485	761
			2486	760
			2487	760
			2488	760
			2489	760
			2490	760
			2491	760
			2492	760
			2493	760
			2494	760
			2495	759
			2496	759
			2497	759
			2498	759
			2499	759
			2500	759
			2501	759
			2502	759
			2503	759
			2504	759
			2505	758
			2506	758
			2507	758
			2508	758
			2509	758
			2510	758
			2511	758
			2512	758
			2513	758
			2514	758
			2515	758
			2516	757
			2517	757
			2518	757
			2519	757
			2520	757
			2521	757
			2522	757
			2523	757
			2524	757
			2525	757
			2526	757
			2527	757
			2528	756
			2529	756
			2530	756
			2531	756
			2532	756
			2533	756
			2534	756
			2535	756
			2536	756
			2537	756
			2538	756
			2539	756
			2540	756
			2541	755
			2542	755
			2543	755
			2544	755
			2545	755
			2546	755
			2547	755
			2548	755
			2549	755
			2550	755
			2551	755
			2552	755
			2553	755
			2554	754
			2555	754
			2556	754
			2557	754
			2558	754
			2559	754
			2560	754
			2561	754
			2562	754
			2563	754
			2564	754
			2565	754
			2566	754
			2567	754
			2568	754
			2569	754
			2570	754
			2571	753
			2572	753
			2573	753
			2574	753
			2575	753
			2576	753
			2577	753
			2578	753
			2579	753
			2580	753
			2581	753
			2582	753
			2583	753
			2584	753
			2585	753
			2586	753
			2587	753
			2588	753
			2589	753
			2590	753
			2591	752
			2592	752
			2593	752
			2594	752
			2595	752
			2596	752
			2597	752
			2598	752
			2599	752
			2600	752
			2601	752
			2602	752
			2603	752
			2604	752
			2605	752
			2606	752
			2607	752
			2608	752
			2609	752
			2610	752
			2611	752
			2612	752
			2613	752
			2614	752
			2615	752
			2616	752
			2617	752
			2618	751
			2619	751
			2620	751
			2621	751
			2622	751
			2623	751
			2624	751
			2625	751
			2626	751
			2627	751
			2628	751
			2629	751
			2630	751
			2631	751
			2632	751
			2633	751
			2634	751
			2635	751
			2636	751
			2637	751
			2638	751
			2639	751
			2640	751
			2641	751
			2642	751
			2643	751
			2644	751
			2645	751
			2646	751
			2647	751
			2648	751
			2649	751
			2650	751
			2651	751
			2652	751
			2653	751
			2654	751
			2655	751
			2656	751
			2657	751
			2658	751
			2659	751
			2660	751
			2661	751
			2662	751
			2663	751
			2664	751
			2665	751
			2666	751
			2667	751
			2668	751
			2669	751
			2670	751
			2671	751
			2672	751
			2673	751
			2674	751
			2675	751
			2676	751
			2677	751
			2678	751
			2679	751
			2680	751
			2681	751
			2682	751
			2683	751
			2684	751
			2685	751
			2686	751
			2687	751
			2688	751
			2689	751
			2690	751
			2691	751
			2692	751
			2693	751
			2694	751
			2695	751
			2696	751
			2697	751
			2698	751
		</body_ant>
		<body_post type=matrix rownames=FALSE colnames=FALSE nrow=612 ncol=2 as.numeric=TRUE >
			2930	821
			2931	821
			2932	821
			2933	822
			2934	822
			2935	822
			2936	822
			2937	822
			2938	822
			2939	823
			2940	823
			2941	823
			2942	823
			2943	823
			2944	823
			2944	824
			2945	824
			2946	824
			2947	824
			2948	824
			2949	824
			2950	824
			2951	825
			2952	825
			2953	825
			2954	825
			2955	825
			2956	825
			2957	826
			2958	826
			2959	826
			2960	826
			2961	826
			2962	826
			2963	827
			2964	827
			2965	827
			2966	827
			2967	827
			2968	827
			2969	827
			2970	828
			2971	828
			2972	828
			2973	828
			2974	828
			2975	828
			2976	828
			2977	829
			2978	829
			2979	829
			2980	829
			2981	829
			2982	829
			2983	829
			2984	830
			2985	830
			2986	830
			2987	830
			2988	830
			2989	830
			2990	830
			2991	830
			2992	831
			2993	831
			2994	831
			2995	831
			2996	831
			2997	831
			2998	831
			2999	832
			3000	832
			3001	832
			3002	832
			3003	832
			3004	832
			3005	832
			3006	832
			3007	833
			3008	833
			3009	833
			3010	833
			3011	833
			3012	833
			3013	833
			3014	833
			3015	833
			3016	834
			3017	834
			3018	834
			3019	834
			3020	834
			3021	834
			3022	834
			3023	834
			3024	834
			3025	835
			3026	835
			3027	835
			3028	835
			3029	835
			3030	835
			3031	835
			3032	835
			3033	835
			3034	835
			3034	836
			3035	836
			3036	836
			3037	836
			3038	836
			3039	836
			3040	836
			3041	836
			3042	836
			3043	836
			3044	836
			3045	837
			3046	837
			3047	837
			3048	837
			3049	837
			3050	837
			3051	837
			3052	837
			3053	837
			3054	837
			3055	837
			3056	838
			3057	838
			3058	838
			3059	838
			3060	838
			3061	838
			3062	838
			3063	838
			3064	838
			3065	838
			3066	838
			3067	838
			3068	839
			3069	839
			3070	839
			3071	839
			3072	839
			3073	839
			3074	839
			3075	839
			3076	839
			3077	839
			3078	839
			3079	839
			3080	839
			3081	839
			3082	840
			3083	840
			3084	840
			3085	840
			3086	840
			3087	840
			3088	840
			3089	840
			3090	840
			3091	840
			3092	840
			3093	840
			3094	840
			3095	840
			3096	841
			3097	841
			3098	841
			3099	841
			3100	841
			3101	841
			3102	841
			3103	841
			3104	841
			3105	841
			3106	841
			3107	841
			3108	841
			3109	841
			3110	841
			3111	841
			3112	841
			3113	842
			3114	842
			3115	842
			3116	842
			3117	842
			3118	842
			3119	842
			3120	842
			3121	842
			3122	842
			3123	842
			3124	842
			3125	842
			3126	842
			3127	842
			3128	842
			3129	842
			3130	842
			3131	842
			3132	842
			3133	843
			3134	843
			3135	843
			3136	843
			3137	843
			3138	843
			3139	843
			3140	843
			3141	843
			3142	843
			3143	843
			3144	843
			3145	843
			3146	843
			3147	843
			3148	843
			3149	843
			3150	843
			3151	843
			3152	843
			3153	843
			3154	843
			3155	843
			3156	843
			3157	843
			3158	843
			3159	843
			3160	844
			3161	844
			3162	844
			3163	844
			3164	844
			3165	844
			3166	844
			3167	844
			3168	844
			3169	844
			3170	844
			3171	844
			3172	844
			3173	844
			3174	844
			3175	844
			3176	844
			3177	844
			3178	844
			3179	844
			3180	844
			3181	844
			3182	844
			3183	844
			3184	844
			3185	844
			3186	844
			3187	844
			3188	844
			3189	844
			3190	844
			3191	844
			3192	844
			3193	844
			3194	844
			3195	844
			3196	844
			3197	844
			3198	844
			3199	844
			3200	844
			3201	844
			3202	844
			3203	844
			3204	844
			3205	844
			3206	844
			3207	844
			3208	844
			3209	844
			3210	844
			3211	844
			3212	844
			3213	844
			3214	845
			3215	845
			3216	845
			3217	845
			3218	845
			3219	845
			3220	845
			3221	845
			3222	845
			3223	845
			3224	845
			3225	845
			3226	845
			3227	845
			3228	845
			3229	845
			3230	845
			3231	845
			3232	845
			3233	845
			3234	845
			3235	845
			3236	845
			3237	845
			3238	845
			3239	845
			3240	845
			3241	845
			3242	845
			3243	845
			3244	845
			3245	845
			3246	845
			3247	845
			3248	844
			3249	844
			3250	844
			3251	844
			3252	844
			3253	844
			3254	844
			3255	844
			3256	844
			3257	844
			3258	844
			3259	844
			3260	844
			3261	844
			3262	844
			3263	844
			3264	844
			3265	844
			3266	844
			3267	844
			3268	844
			3269	844
			3270	844
			3271	844
			3272	844
			3273	844
			3274	844
			3275	844
			3276	844
			3277	844
			3278	844
			3279	844
			3280	844
			3281	844
			3282	844
			3283	844
			3284	844
			3285	844
			3286	844
			3287	844
			3288	844
			3289	844
			3290	844
			3291	844
			3292	844
			3293	844
			3294	844
			3295	844
			3296	844
			3297	844
			3298	844
			3299	844
			3300	844
			3301	844
			3302	844
			3303	844
			3304	844
			3305	843
			3306	843
			3307	843
			3308	843
			3309	843
			3310	843
			3311	843
			3312	843
			3313	843
			3314	843
			3315	843
			3316	843
			3317	843
			3318	843
			3319	843
			3320	843
			3321	843
			3322	843
			3323	843
			3324	843
			3325	843
			3326	843
			3327	843
			3328	843
			3329	843
			3330	843
			3331	843
			3332	843
			3333	843
			3334	843
			3335	842
			3336	842
			3337	842
			3338	842
			3339	842
			3340	842
			3341	842
			3342	842
			3343	842
			3344	842
			3345	842
			3346	842
			3347	842
			3348	842
			3349	842
			3350	842
			3351	842
			3352	842
			3353	842
			3354	842
			3355	842
			3356	842
			3357	842
			3358	842
			3359	841
			3360	841
			3361	841
			3362	841
			3363	841
			3364	841
			3365	841
			3366	841
			3367	841
			3368	841
			3369	841
			3370	841
			3371	841
			3372	841
			3373	841
			3374	841
			3375	841
			3376	841
			3377	841
			3378	841
			3379	841
			3379	840
			3380	840
			3381	840
			3382	840
			3383	840
			3384	840
			3385	840
			3386	840
			3387	840
			3388	840
			3389	840
			3390	840
			3391	840
			3392	840
			3393	840
			3394	840
			3395	840
			3396	840
			3397	840
			3398	839
			3399	839
			3400	839
			3401	839
			3402	839
			3403	839
			3404	839
			3405	839
			3406	839
			3407	839
			3408	839
			3409	839
			3410	839
			3411	839
			3412	838
			3413	838
			3414	838
			3415	838
			3416	838
			3417	838
			3418	838
			3419	838
			3420	838
			3421	837
			3422	837
			3423	837
			3424	837
			3425	837
			3426	837
			3427	837
			3428	837
			3429	836
			3430	836
			3431	836
			3432	836
			3433	836
			3434	836
			3435	836
			3436	835
			3437	835
			3438	835
			3439	835
			3440	835
			3441	835
			3442	835
			3443	834
			3444	834
			3445	834
			3446	834
			3447	834
			3448	833
			3449	833
			3450	833
			3451	833
			3452	833
			3453	833
			3453	832
			3454	832
			3455	832
			3456	832
			3457	832
			3458	832
			3458	831
			3459	831
			3460	831
			3461	831
			3462	831
			3463	830
			3464	830
			3465	830
			3466	830
			3467	830
			3468	829
			3469	829
			3470	829
			3471	829
			3472	828
			3473	828
			3474	828
			3475	828
			3476	828
			3477	827
			3478	827
			3479	827
			3480	827
			3481	826
			3482	826
			3483	826
			3484	826
			3485	825
			3486	825
			3487	825
			3488	824
			3489	824
			3490	824
			3491	824
			3492	823
			3493	823
			3494	823
			3495	822
			3496	822
			3497	822
			3498	822
			3499	821
			3500	821
			3501	821
			3502	820
			3503	820
			3504	820
			3505	819
			3506	819
			3507	819
			3508	818
			3509	818
			3510	818
			3511	818
			3512	817
			3513	817
			3514	817
			3515	816
			3516	816
			3517	816
			3518	815
			3519	815
			3520	814
			3521	814
			3522	814
			3523	813
			3524	813
			3525	813
			3525	812
			3526	812
			3527	812
			3528	811
			3529	811
			3530	811
			3530	810
			3531	810
			3532	810
			3533	809
			3534	809
		</body_post>
		<opercle type=matrix rownames=FALSE colnames=FALSE nrow=238 ncol=2 as.numeric=TRUE >
			2303	1076
			2304	1076
			2304	1075
			2305	1075
			2305	1074
			2306	1074
			2306	1073
			2307	1073
			2307	1072
			2308	1072
			2308	1071
			2309	1071
			2309	1070
			2310	1070
			2310	1069
			2311	1069
			2311	1068
			2312	1068
			2312	1067
			2313	1067
			2313	1066
			2314	1065
			2315	1064
			2316	1063
			2316	1062
			2317	1061
			2318	1060
			2319	1059
			2320	1058
			2320	1057
			2320	1056
			2321	1055
			2322	1054
			2322	1053
			2323	1052
			2323	1051
			2324	1050
			2324	1049
			2325	1048
			2325	1047
			2326	1046
			2326	1045
			2326	1044
			2327	1044
			2327	1043
			2327	1042
			2328	1041
			2328	1040
			2328	1039
			2329	1038
			2329	1037
			2329	1036
			2330	1035
			2330	1034
			2330	1033
			2331	1032
			2331	1031
			2331	1030
			2331	1029
			2332	1028
			2332	1027
			2332	1026
			2332	1025
			2332	1024
			2332	1023
			2333	1022
			2333	1021
			2333	1020
			2333	1019
			2333	1018
			2333	1017
			2334	1016
			2334	1015
			2334	1014
			2334	1013
			2334	1012
			2334	1011
			2334	1010
			2334	1009
			2334	1008
			2334	1007
			2334	1006
			2334	1005
			2334	1004
			2334	1003
			2334	1002
			2334	1001
			2335	1000
			2335	999
			2335	998
			2335	997
			2335	996
			2335	995
			2334	994
			2334	993
			2334	992
			2334	991
			2334	990
			2334	989
			2334	988
			2334	987
			2334	986
			2334	985
			2334	984
			2334	983
			2334	982
			2334	981
			2334	980
			2334	979
			2334	978
			2333	977
			2333	976
			2333	975
			2333	974
			2333	973
			2333	972
			2333	971
			2333	970
			2333	969
			2332	968
			2332	967
			2332	966
			2332	965
			2332	964
			2332	963
			2332	962
			2331	961
			2331	960
			2331	959
			2331	958
			2331	957
			2331	956
			2330	955
			2330	954
			2330	953
			2330	952
			2330	951
			2329	950
			2329	949
			2329	948
			2329	947
			2329	946
			2328	945
			2328	944
			2328	943
			2328	942
			2328	941
			2327	940
			2327	939
			2327	938
			2327	937
			2327	936
			2326	935
			2326	934
			2326	933
			2326	932
			2325	931
			2325	930
			2325	929
			2325	928
			2324	927
			2324	926
			2324	925
			2324	924
			2323	923
			2323	922
			2323	921
			2322	920
			2322	919
			2322	918
			2322	917
			2321	916
			2321	915
			2321	914
			2320	913
			2320	912
			2320	911
			2319	910
			2319	909
			2319	908
			2318	907
			2318	906
			2318	905
			2318	904
			2317	903
			2317	902
			2317	901
			2316	900
			2316	899
			2316	898
			2315	897
			2315	896
			2315	895
			2314	894
			2314	893
			2314	892
			2313	891
			2313	890
			2313	889
			2313	888
			2312	887
			2312	886
			2312	885
			2311	884
			2311	883
			2311	882
			2310	882
			2310	881
			2309	880
			2309	879
			2309	878
			2308	877
			2308	876
			2308	875
			2307	874
			2307	873
			2307	872
			2306	871
			2306	870
			2305	869
			2305	868
			2305	867
			2304	866
			2304	865
			2304	864
			2303	863
			2303	862
			2302	861
			2302	860
			2302	859
			2301	858
			2301	857
			2301	856
			2300	856
			2300	855
			2300	854
			2299	853
			2299	852
		</opercle>
	</curves.pixel>
	<curves.scaled type=list>
		<body_ant type=matrix rownames=FALSE colnames=FALSE nrow=784 ncol=2 as.numeric=TRUE >
			7.6283989097696	-3.66005046137132
			7.63235144806482	-3.6560979230761
			7.63235144806482	-3.65214538478088
			7.63630398636003	-3.64819284648567
			7.64025652465525	-3.64424030819045
			7.64025652465525	-3.64028776989523
			7.64420906295047	-3.63633523160002
			7.64816160124568	-3.63633523160002
			7.6521141395409	-3.6323826933048
			7.6521141395409	-3.62843015500958
			7.65606667783612	-3.62447761671436
			7.66001921613134	-3.62052507841915
			7.66001921613134	-3.61657254012393
			7.66397175442655	-3.61262000182871
			7.66792429272177	-3.60866746353349
			7.67187683101699	-3.60471492523828
			7.67187683101699	-3.60076238694306
			7.67582936931221	-3.60076238694306
			7.67978190760742	-3.59680984864784
			7.68373444590264	-3.59285731035262
			7.68373444590264	-3.58890477205741
			7.68768698419786	-3.58495223376219
			7.69163952249308	-3.58099969546697
			7.69559206078829	-3.57704715717175
			7.69559206078829	-3.57309461887654
			7.69954459908351	-3.57309461887654
			7.70349713737873	-3.56914208058132
			7.70744967567395	-3.5651895422861
			7.70744967567395	-3.56123700399088
			7.71140221396916	-3.55728446569567
			7.71535475226438	-3.55333192740045
			7.7193072905596	-3.55333192740045
			7.72325982885482	-3.54937938910523
			7.72325982885482	-3.54542685081001
			7.72721236715003	-3.5414743125148
			7.73116490544525	-3.53752177421958
			7.73511744374047	-3.53356923592436
			7.73906998203568	-3.53356923592436
			7.7430225203309	-3.52961669762915
			7.7430225203309	-3.52566415933393
			7.74697505862612	-3.52171162103871
			7.75092759692134	-3.51775908274349
			7.75488013521655	-3.51775908274349
			7.75883267351177	-3.51380654444828
			7.76278521180699	-3.50985400615306
			7.76278521180699	-3.50590146785784
			7.76673775010221	-3.50194892956262
			7.77069028839742	-3.50194892956262
			7.77464282669264	-3.49799639126741
			7.77859536498786	-3.49404385297219
			7.78254790328308	-3.49009131467697
			7.78650044157829	-3.48613877638175
			7.79045297987351	-3.48613877638175
			7.79440551816873	-3.48218623808654
			7.79440551816873	-3.47823369979132
			7.79835805646395	-3.4742811614961
			7.80231059475916	-3.4742811614961
			7.80626313305438	-3.47032862320088
			7.8102156713496	-3.46637608490567
			7.81416820964482	-3.46242354661045
			7.81812074794003	-3.46242354661045
			7.82207328623525	-3.45847100831523
			7.82602582453047	-3.45451847002001
			7.82997836282569	-3.4505659317248
			7.8339309011209	-3.4505659317248
			7.83788343941612	-3.44661339342958
			7.83788343941612	-3.44266085513436
			7.84183597771134	-3.43870831683914
			7.84578851600655	-3.43870831683914
			7.84974105430177	-3.43475577854393
			7.85369359259699	-3.43080324024871
			7.85764613089221	-3.42685070195349
			7.86159866918742	-3.42685070195349
			7.86555120748264	-3.42289816365828
			7.86950374577786	-3.41894562536306
			7.87345628407308	-3.41894562536306
			7.87740882236829	-3.41499308706784
			7.88136136066351	-3.41104054877262
			7.88531389895873	-3.41104054877262
			7.88926643725395	-3.40708801047741
			7.89321897554916	-3.40313547218219
			7.89717151384438	-3.39918293388697
			7.9011240521396	-3.39918293388697
			7.90507659043482	-3.39523039559175
			7.90902912873003	-3.39127785729654
			7.91298166702525	-3.39127785729654
			7.91693420532047	-3.38732531900132
			7.92088674361569	-3.3833727807061
			7.9248392819109	-3.3833727807061
			7.92879182020612	-3.37942024241088
			7.93274435850134	-3.37546770411567
			7.93669689679656	-3.37546770411567
			7.94064943509177	-3.37151516582045
			7.94460197338699	-3.37151516582045
			7.94855451168221	-3.36756262752523
			7.95250704997742	-3.36756262752523
			7.95645958827264	-3.36361008923001
			7.96041212656786	-3.3596575509348
			7.96436466486308	-3.3596575509348
			7.96831720315829	-3.35570501263958
			7.97226974145351	-3.35175247434436
			7.97622227974873	-3.35175247434436
			7.98017481804395	-3.34779993604914
			7.98412735633916	-3.34779993604914
			7.98807989463438	-3.34384739775393
			7.9920324329296	-3.34384739775393
			7.99598497122482	-3.33989485945871
			7.99993750952003	-3.33989485945871
			8.00389004781525	-3.33594232116349
			8.00784258611047	-3.33594232116349
			8.01179512440569	-3.33198978286828
			8.0157476627009	-3.33198978286828
			8.01970020099612	-3.32803724457306
			8.02365273929134	-3.32803724457306
			8.02760527758656	-3.32408470627784
			8.03155781588177	-3.32408470627784
			8.03551035417699	-3.32013216798262
			8.03946289247221	-3.32013216798262
			8.04341543076742	-3.31617962968741
			8.04736796906264	-3.31222709139219
			8.05132050735786	-3.31222709139219
			8.05527304565308	-3.30827455309697
			8.0592255839483	-3.30827455309697
			8.06317812224351	-3.30827455309697
			8.06713066053873	-3.30432201480175
			8.07108319883395	-3.30432201480175
			8.07503573712916	-3.30036947650654
			8.07898827542438	-3.30036947650654
			8.0829408137196	-3.29641693821132
			8.08689335201482	-3.29641693821132
			8.09084589031003	-3.2924643999161
			8.09479842860525	-3.2924643999161
			8.09875096690047	-3.28851186162088
			8.10270350519569	-3.28851186162088
			8.1066560434909	-3.28455932332567
			8.11060858178612	-3.28455932332567
			8.11456112008134	-3.28060678503045
			8.11851365837656	-3.28060678503045
			8.12246619667177	-3.27665424673523
			8.12641873496699	-3.27665424673523
			8.13037127326221	-3.27270170844001
			8.13432381155743	-3.27270170844001
			8.13827634985264	-3.27270170844001
			8.14222888814786	-3.2687491701448
			8.14618142644308	-3.2687491701448
			8.15013396473829	-3.26479663184958
			8.15408650303351	-3.26479663184958
			8.15803904132873	-3.26479663184958
			8.15803904132873	-3.26084409355436
			8.16199157962395	-3.26084409355436
			8.16594411791917	-3.26084409355436
			8.16989665621438	-3.25689155525914
			8.1738491945096	-3.25689155525914
			8.17780173280482	-3.25689155525914
			8.18175427110003	-3.25293901696393
			8.18570680939525	-3.25293901696393
			8.18965934769047	-3.24898647866871
			8.19361188598569	-3.24898647866871
			8.1975644242809	-3.24898647866871
			8.20151696257612	-3.24503394037349
			8.20546950087134	-3.24503394037349
			8.20942203916656	-3.24503394037349
			8.21337457746177	-3.24108140207827
			8.21732711575699	-3.24108140207827
			8.22127965405221	-3.23712886378306
			8.22523219234743	-3.23712886378306
			8.22918473064264	-3.23712886378306
			8.23313726893786	-3.23317632548784
			8.23708980723308	-3.23317632548784
			8.2410423455283	-3.23317632548784
			8.24499488382351	-3.22922378719262
			8.24894742211873	-3.22922378719262
			8.25289996041395	-3.22922378719262
			8.25685249870916	-3.22527124889741
			8.26080503700438	-3.22527124889741
			8.2647575752996	-3.22527124889741
			8.26871011359482	-3.22131871060219
			8.27266265189004	-3.22131871060219
			8.27661519018525	-3.22131871060219
			8.28056772848047	-3.21736617230697
			8.28452026677569	-3.21736617230697
			8.2884728050709	-3.21736617230697
			8.29242534336612	-3.21341363401175
			8.29637788166134	-3.21341363401175
			8.30033041995656	-3.21341363401175
			8.30428295825177	-3.20946109571654
			8.30823549654699	-3.20946109571654
			8.31218803484221	-3.20946109571654
			8.31614057313743	-3.20550855742132
			8.32009311143264	-3.20550855742132
			8.32404564972786	-3.20550855742132
			8.32799818802308	-3.20550855742132
			8.3319507263183	-3.2015560191261
			8.33590326461351	-3.2015560191261
			8.33985580290873	-3.2015560191261
			8.34380834120395	-3.19760348083088
			8.34776087949917	-3.19760348083088
			8.35171341779438	-3.19760348083088
			8.3556659560896	-3.19365094253567
			8.35961849438482	-3.19365094253567
			8.36357103268003	-3.19365094253567
			8.36752357097525	-3.19365094253567
			8.37147610927047	-3.18969840424045
			8.37542864756569	-3.18969840424045
			8.37938118586091	-3.18969840424045
			8.38333372415612	-3.18969840424045
			8.38728626245134	-3.18574586594523
			8.39123880074656	-3.18574586594523
			8.39519133904177	-3.18574586594523
			8.39914387733699	-3.18574586594523
			8.40309641563221	-3.18179332765001
			8.40704895392743	-3.18179332765001
			8.41100149222264	-3.18179332765001
			8.41495403051786	-3.18179332765001
			8.41890656881308	-3.1778407893548
			8.4228591071083	-3.1778407893548
			8.42681164540351	-3.1778407893548
			8.43076418369873	-3.1778407893548
			8.43471672199395	-3.17388825105958
			8.43866926028917	-3.17388825105958
			8.44262179858438	-3.17388825105958
			8.4465743368796	-3.17388825105958
			8.45052687517482	-3.16993571276436
			8.45447941347004	-3.16993571276436
			8.45843195176525	-3.16993571276436
			8.46238449006047	-3.16993571276436
			8.46633702835569	-3.16598317446914
			8.47028956665091	-3.16598317446914
			8.47424210494612	-3.16598317446914
			8.47819464324134	-3.16598317446914
			8.48214718153656	-3.16598317446914
			8.48609971983178	-3.16203063617393
			8.49005225812699	-3.16203063617393
			8.49400479642221	-3.16203063617393
			8.49795733471743	-3.16203063617393
			8.50190987301264	-3.15807809787871
			8.50586241130786	-3.15807809787871
			8.50981494960308	-3.15807809787871
			8.5137674878983	-3.15807809787871
			8.51772002619351	-3.15807809787871
			8.52167256448873	-3.15412555958349
			8.52562510278395	-3.15412555958349
			8.52957764107917	-3.15412555958349
			8.53353017937438	-3.15412555958349
			8.5374827176696	-3.15412555958349
			8.54143525596482	-3.15017302128827
			8.54538779426004	-3.15017302128827
			8.54934033255525	-3.15017302128827
			8.55329287085047	-3.15017302128827
			8.55724540914569	-3.15017302128827
			8.56119794744091	-3.15017302128827
			8.56515048573612	-3.14622048299306
			8.56910302403134	-3.14622048299306
			8.57305556232656	-3.14622048299306
			8.57700810062178	-3.14622048299306
			8.58096063891699	-3.14622048299306
			8.58491317721221	-3.14622048299306
			8.58886571550743	-3.14226794469784
			8.59281825380265	-3.14226794469784
			8.59677079209786	-3.14226794469784
			8.60072333039308	-3.14226794469784
			8.6046758686883	-3.14226794469784
			8.60862840698351	-3.13831540640262
			8.61258094527873	-3.13831540640262
			8.61653348357395	-3.13831540640262
			8.62048602186917	-3.13831540640262
			8.62443856016438	-3.13831540640262
			8.6283910984596	-3.13831540640262
			8.63234363675482	-3.1343628681074
			8.63629617505004	-3.1343628681074
			8.64024871334525	-3.1343628681074
			8.64420125164047	-3.1343628681074
			8.64815378993569	-3.1343628681074
			8.65210632823091	-3.1343628681074
			8.65605886652612	-3.1343628681074
			8.66001140482134	-3.13041032981219
			8.66396394311656	-3.13041032981219
			8.66791648141178	-3.13041032981219
			8.67186901970699	-3.13041032981219
			8.67582155800221	-3.13041032981219
			8.67977409629743	-3.13041032981219
			8.68372663459265	-3.13041032981219
			8.68767917288786	-3.12645779151697
			8.69163171118308	-3.12645779151697
			8.6955842494783	-3.12645779151697
			8.69953678777352	-3.12645779151697
			8.70348932606873	-3.12645779151697
			8.70744186436395	-3.12645779151697
			8.71139440265917	-3.12645779151697
			8.71534694095438	-3.12250525322175
			8.7192994792496	-3.12250525322175
			8.72325201754482	-3.12250525322175
			8.72720455584004	-3.12250525322175
			8.73115709413525	-3.12250525322175
			8.73510963243047	-3.12250525322175
			8.73906217072569	-3.12250525322175
			8.74301470902091	-3.12250525322175
			8.74696724731612	-3.12250525322175
			8.75091978561134	-3.11855271492654
			8.75487232390656	-3.11855271492654
			8.75882486220178	-3.11855271492654
			8.76277740049699	-3.11855271492654
			8.76672993879221	-3.11855271492654
			8.77068247708743	-3.11855271492654
			8.77463501538265	-3.11855271492654
			8.77858755367786	-3.11855271492654
			8.78254009197308	-3.11460017663132
			8.7864926302683	-3.11460017663132
			8.79044516856352	-3.11460017663132
			8.79439770685873	-3.11460017663132
			8.79835024515395	-3.11460017663132
			8.80230278344917	-3.11460017663132
			8.80625532174439	-3.11460017663132
			8.8102078600396	-3.11460017663132
			8.81416039833482	-3.11460017663132
			8.81811293663004	-3.11460017663132
			8.82206547492525	-3.1106476383361
			8.82601801322047	-3.1106476383361
			8.82997055151569	-3.1106476383361
			8.83392308981091	-3.1106476383361
			8.83787562810612	-3.1106476383361
			8.84182816640134	-3.1106476383361
			8.84578070469656	-3.1106476383361
			8.84973324299178	-3.1106476383361
			8.85368578128699	-3.1106476383361
			8.85763831958221	-3.1106476383361
			8.86159085787743	-3.1106476383361
			8.86554339617265	-3.10669510004088
			8.86949593446786	-3.10669510004088
			8.87344847276308	-3.10669510004088
			8.8774010110583	-3.10669510004088
			8.88135354935352	-3.10669510004088
			8.88530608764873	-3.10669510004088
			8.88925862594395	-3.10669510004088
			8.89321116423917	-3.10669510004088
			8.89716370253439	-3.10669510004088
			8.9011162408296	-3.10669510004088
			8.90506877912482	-3.10669510004088
			8.90902131742004	-3.10669510004088
			8.91297385571526	-3.10669510004088
			8.91692639401047	-3.10274256174567
			8.92087893230569	-3.10274256174567
			8.92483147060091	-3.10274256174567
			8.92878400889613	-3.10274256174567
			8.93273654719134	-3.10274256174567
			8.93668908548656	-3.10274256174567
			8.94064162378178	-3.10274256174567
			8.94459416207699	-3.10274256174567
			8.94854670037221	-3.10274256174567
			8.95249923866743	-3.09879002345045
			8.95645177696265	-3.09879002345045
			8.96040431525786	-3.09879002345045
			8.96435685355308	-3.09879002345045
			8.9683093918483	-3.09879002345045
			8.9683093918483	-3.09483748515523
			8.97226193014352	-3.09483748515523
			8.97621446843873	-3.09483748515523
			8.98016700673395	-3.09483748515523
			8.98411954502917	-3.09483748515523
			8.98807208332439	-3.09088494686001
			8.9920246216196	-3.09088494686001
			8.99597715991482	-3.09088494686001
			8.99992969821004	-3.09088494686001
			9.00388223650526	-3.0869324085648
			9.00783477480047	-3.0869324085648
			9.01178731309569	-3.0869324085648
			9.01573985139091	-3.0869324085648
			9.01969238968612	-3.0869324085648
			9.02364492798134	-3.08297987026958
			9.02759746627656	-3.08297987026958
			9.03155000457178	-3.08297987026958
			9.035502542867	-3.08297987026958
			9.03945508116221	-3.08297987026958
			9.04340761945743	-3.08297987026958
			9.04736015775265	-3.07902733197436
			9.05131269604786	-3.07902733197436
			9.05526523434308	-3.07902733197436
			9.0592177726383	-3.07902733197436
			9.06317031093352	-3.07902733197436
			9.06712284922873	-3.07507479367914
			9.07107538752395	-3.07507479367914
			9.07502792581917	-3.07507479367914
			9.07898046411439	-3.07507479367914
			9.0829330024096	-3.07507479367914
			9.08688554070482	-3.07507479367914
			9.09083807900004	-3.07112225538393
			9.09479061729526	-3.07112225538393
			9.09874315559047	-3.07112225538393
			9.10269569388569	-3.07112225538393
			9.10664823218091	-3.07112225538393
			9.11060077047613	-3.07112225538393
			9.11455330877134	-3.07112225538393
			9.11850584706656	-3.06716971708871
			9.12245838536178	-3.06716971708871
			9.12641092365699	-3.06716971708871
			9.13036346195221	-3.06716971708871
			9.13431600024743	-3.06716971708871
			9.13826853854265	-3.06716971708871
			9.14222107683787	-3.06716971708871
			9.14617361513308	-3.06321717879349
			9.1501261534283	-3.06321717879349
			9.15407869172352	-3.06321717879349
			9.15803123001873	-3.06321717879349
			9.16198376831395	-3.06321717879349
			9.16593630660917	-3.06321717879349
			9.16988884490439	-3.06321717879349
			9.1738413831996	-3.06321717879349
			9.17779392149482	-3.05926464049827
			9.18174645979004	-3.05926464049827
			9.18569899808526	-3.05926464049827
			9.18965153638047	-3.05926464049827
			9.19360407467569	-3.05926464049827
			9.19755661297091	-3.05926464049827
			9.20150915126613	-3.05926464049827
			9.20546168956134	-3.05926464049827
			9.20941422785656	-3.05531210220306
			9.21336676615178	-3.05531210220306
			9.217319304447	-3.05531210220306
			9.22127184274221	-3.05531210220306
			9.22522438103743	-3.05531210220306
			9.22917691933265	-3.05531210220306
			9.23312945762786	-3.05531210220306
			9.23708199592308	-3.05531210220306
			9.2410345342183	-3.05531210220306
			9.24498707251352	-3.05135956390784
			9.24893961080874	-3.05135956390784
			9.25289214910395	-3.05135956390784
			9.25684468739917	-3.05135956390784
			9.26079722569439	-3.05135956390784
			9.2647497639896	-3.05135956390784
			9.26870230228482	-3.05135956390784
			9.27265484058004	-3.05135956390784
			9.27660737887526	-3.05135956390784
			9.28055991717047	-3.05135956390784
			9.28451245546569	-3.04740702561262
			9.28846499376091	-3.04740702561262
			9.29241753205613	-3.04740702561262
			9.29637007035134	-3.04740702561262
			9.30032260864656	-3.04740702561262
			9.30427514694178	-3.04740702561262
			9.308227685237	-3.04740702561262
			9.31218022353221	-3.04740702561262
			9.31613276182743	-3.04740702561262
			9.32008530012265	-3.04740702561262
			9.32403783841787	-3.04740702561262
			9.32799037671308	-3.04740702561262
			9.3319429150083	-3.0434544873174
			9.33589545330352	-3.0434544873174
			9.33984799159873	-3.0434544873174
			9.34380052989395	-3.0434544873174
			9.34775306818917	-3.0434544873174
			9.35170560648439	-3.0434544873174
			9.35565814477961	-3.0434544873174
			9.35961068307482	-3.0434544873174
			9.36356322137004	-3.0434544873174
			9.36751575966526	-3.0434544873174
			9.37146829796047	-3.0434544873174
			9.37542083625569	-3.0434544873174
			9.37937337455091	-3.03950194902219
			9.38332591284613	-3.03950194902219
			9.38727845114134	-3.03950194902219
			9.39123098943656	-3.03950194902219
			9.39518352773178	-3.03950194902219
			9.399136066027	-3.03950194902219
			9.40308860432221	-3.03950194902219
			9.40704114261743	-3.03950194902219
			9.41099368091265	-3.03950194902219
			9.41494621920787	-3.03950194902219
			9.41889875750308	-3.03950194902219
			9.4228512957983	-3.03950194902219
			9.42680383409352	-3.03950194902219
			9.43075637238874	-3.03950194902219
			9.43470891068395	-3.03950194902219
			9.43866144897917	-3.03554941072697
			9.44261398727439	-3.03554941072697
			9.4465665255696	-3.03554941072697
			9.45051906386482	-3.03554941072697
			9.45447160216004	-3.03554941072697
			9.45842414045526	-3.03554941072697
			9.46237667875048	-3.03554941072697
			9.46632921704569	-3.03554941072697
			9.47028175534091	-3.03554941072697
			9.47423429363613	-3.03554941072697
			9.47818683193134	-3.03554941072697
			9.48213937022656	-3.03554941072697
			9.48609190852178	-3.03554941072697
			9.490044446817	-3.03554941072697
			9.49399698511221	-3.03554941072697
			9.49794952340743	-3.03554941072697
			9.50190206170265	-3.03554941072697
			9.50585459999787	-3.03554941072697
			9.50980713829308	-3.03554941072697
			9.5137596765883	-3.03159687243175
			9.51771221488352	-3.03159687243175
			9.52166475317874	-3.03159687243175
			9.52561729147395	-3.03159687243175
			9.52956982976917	-3.03159687243175
			9.53352236806439	-3.03159687243175
			9.53747490635961	-3.03159687243175
			9.54142744465482	-3.03159687243175
			9.54537998295004	-3.03159687243175
			9.54933252124526	-3.03159687243175
			9.55328505954047	-3.03159687243175
			9.55723759783569	-3.03159687243175
			9.56119013613091	-3.03159687243175
			9.56514267442613	-3.03159687243175
			9.56909521272135	-3.03159687243175
			9.57304775101656	-3.03159687243175
			9.57700028931178	-3.03159687243175
			9.580952827607	-3.03159687243175
			9.58490536590221	-3.03159687243175
			9.58885790419743	-3.03159687243175
			9.59281044249265	-3.03159687243175
			9.59676298078787	-3.03159687243175
			9.60071551908308	-3.02764433413653
			9.6046680573783	-3.02764433413653
			9.60862059567352	-3.02764433413653
			9.61257313396874	-3.02764433413653
			9.61652567226395	-3.02764433413653
			9.62047821055917	-3.02764433413653
			9.62443074885439	-3.02764433413653
			9.62838328714961	-3.02764433413653
			9.63233582544482	-3.02764433413653
			9.63628836374004	-3.02764433413653
			9.64024090203526	-3.02764433413653
			9.64419344033048	-3.02764433413653
			9.64814597862569	-3.02764433413653
			9.65209851692091	-3.02764433413653
			9.65605105521613	-3.02764433413653
			9.66000359351134	-3.02764433413653
			9.66395613180656	-3.02764433413653
			9.66790867010178	-3.02369179584132
			9.671861208397	-3.02369179584132
			9.67581374669222	-3.02369179584132
			9.67976628498743	-3.02369179584132
			9.68371882328265	-3.02369179584132
			9.68767136157787	-3.02369179584132
			9.69162389987308	-3.02369179584132
			9.6955764381683	-3.0197392575461
			9.69952897646352	-3.0197392575461
			9.70348151475874	-3.0197392575461
			9.70743405305395	-3.0197392575461
			9.71138659134917	-3.0197392575461
			9.71533912964439	-3.0197392575461
			9.71929166793961	-3.0197392575461
			9.72324420623482	-3.0197392575461
			9.72719674453004	-3.01578671925088
			9.73114928282526	-3.01578671925088
			9.73510182112048	-3.01578671925088
			9.73905435941569	-3.01578671925088
			9.74300689771091	-3.01578671925088
			9.74695943600613	-3.01578671925088
			9.75091197430135	-3.01578671925088
			9.75486451259656	-3.01578671925088
			9.75881705089178	-3.01183418095567
			9.762769589187	-3.01183418095567
			9.76672212748221	-3.01183418095567
			9.77067466577743	-3.01183418095567
			9.77462720407265	-3.01183418095567
			9.77857974236787	-3.01183418095567
			9.78253228066309	-3.01183418095567
			9.7864848189583	-3.01183418095567
			9.79043735725352	-3.01183418095567
			9.79438989554874	-3.00788164266045
			9.79834243384395	-3.00788164266045
			9.80229497213917	-3.00788164266045
			9.80624751043439	-3.00788164266045
			9.81020004872961	-3.00788164266045
			9.81415258702482	-3.00788164266045
			9.81810512532004	-3.00788164266045
			9.82205766361526	-3.00788164266045
			9.82601020191048	-3.00392910436523
			9.82996274020569	-3.00392910436523
			9.83391527850091	-3.00392910436523
			9.83786781679613	-3.00392910436523
			9.84182035509135	-3.00392910436523
			9.84577289338656	-3.00392910436523
			9.84972543168178	-3.00392910436523
			9.853677969977	-3.00392910436523
			9.85763050827222	-3.00392910436523
			9.86158304656743	-2.99997656607001
			9.86553558486265	-2.99997656607001
			9.86948812315787	-2.99997656607001
			9.87344066145308	-2.99997656607001
			9.8773931997483	-2.99997656607001
			9.88134573804352	-2.99997656607001
			9.88529827633874	-2.99997656607001
			9.88925081463396	-2.99997656607001
			9.89320335292917	-2.99997656607001
			9.89715589122439	-2.99997656607001
			9.90110842951961	-2.9960240277748
			9.90506096781482	-2.9960240277748
			9.90901350611004	-2.9960240277748
			9.91296604440526	-2.9960240277748
			9.91691858270048	-2.9960240277748
			9.92087112099569	-2.9960240277748
			9.92482365929091	-2.9960240277748
			9.92877619758613	-2.9960240277748
			9.93272873588135	-2.9960240277748
			9.93668127417656	-2.9960240277748
			9.94063381247178	-2.9960240277748
			9.944586350767	-2.99207148947958
			9.94853888906222	-2.99207148947958
			9.95249142735743	-2.99207148947958
			9.95644396565265	-2.99207148947958
			9.96039650394787	-2.99207148947958
			9.96434904224309	-2.99207148947958
			9.9683015805383	-2.99207148947958
			9.97225411883352	-2.99207148947958
			9.97620665712874	-2.99207148947958
			9.98015919542395	-2.99207148947958
			9.98411173371917	-2.99207148947958
			9.98806427201439	-2.99207148947958
			9.99201681030961	-2.98811895118436
			9.99596934860483	-2.98811895118436
			9.99992188690004	-2.98811895118436
			10.0038744251953	-2.98811895118436
			10.0078269634905	-2.98811895118436
			10.0117795017857	-2.98811895118436
			10.0157320400809	-2.98811895118436
			10.0196845783761	-2.98811895118436
			10.0236371166713	-2.98811895118436
			10.0275896549666	-2.98811895118436
			10.0315421932618	-2.98811895118436
			10.035494731557	-2.98811895118436
			10.0394472698522	-2.98811895118436
			10.0433998081474	-2.98416641288914
			10.0473523464427	-2.98416641288914
			10.0513048847379	-2.98416641288914
			10.0552574230331	-2.98416641288914
			10.0592099613283	-2.98416641288914
			10.0631624996235	-2.98416641288914
			10.0671150379187	-2.98416641288914
			10.071067576214	-2.98416641288914
			10.0750201145092	-2.98416641288914
			10.0789726528044	-2.98416641288914
			10.0829251910996	-2.98416641288914
			10.0868777293948	-2.98416641288914
			10.09083026769	-2.98416641288914
			10.0947828059853	-2.98021387459393
			10.0987353442805	-2.98021387459393
			10.1026878825757	-2.98021387459393
			10.1066404208709	-2.98021387459393
			10.1105929591661	-2.98021387459393
			10.1145454974613	-2.98021387459393
			10.1184980357566	-2.98021387459393
			10.1224505740518	-2.98021387459393
			10.126403112347	-2.98021387459393
			10.1303556506422	-2.98021387459393
			10.1343081889374	-2.98021387459393
			10.1382607272327	-2.98021387459393
			10.1422132655279	-2.98021387459393
			10.1461658038231	-2.98021387459393
			10.1501183421183	-2.98021387459393
			10.1540708804135	-2.98021387459393
			10.1580234187087	-2.98021387459393
			10.161975957004	-2.97626133629871
			10.1659284952992	-2.97626133629871
			10.1698810335944	-2.97626133629871
			10.1738335718896	-2.97626133629871
			10.1777861101848	-2.97626133629871
			10.18173864848	-2.97626133629871
			10.1856911867753	-2.97626133629871
			10.1896437250705	-2.97626133629871
			10.1935962633657	-2.97626133629871
			10.1975488016609	-2.97626133629871
			10.2015013399561	-2.97626133629871
			10.2054538782513	-2.97626133629871
			10.2094064165466	-2.97626133629871
			10.2133589548418	-2.97626133629871
			10.217311493137	-2.97626133629871
			10.2212640314322	-2.97626133629871
			10.2252165697274	-2.97626133629871
			10.2291691080227	-2.97626133629871
			10.2331216463179	-2.97626133629871
			10.2370741846131	-2.97626133629871
			10.2410267229083	-2.97230879800349
			10.2449792612035	-2.97230879800349
			10.2489317994987	-2.97230879800349
			10.252884337794	-2.97230879800349
			10.2568368760892	-2.97230879800349
			10.2607894143844	-2.97230879800349
			10.2647419526796	-2.97230879800349
			10.2686944909748	-2.97230879800349
			10.27264702927	-2.97230879800349
			10.2765995675653	-2.97230879800349
			10.2805521058605	-2.97230879800349
			10.2845046441557	-2.97230879800349
			10.2884571824509	-2.97230879800349
			10.2924097207461	-2.97230879800349
			10.2963622590413	-2.97230879800349
			10.3003147973366	-2.97230879800349
			10.3042673356318	-2.97230879800349
			10.308219873927	-2.97230879800349
			10.3121724122222	-2.97230879800349
			10.3161249505174	-2.97230879800349
			10.3200774888127	-2.97230879800349
			10.3240300271079	-2.97230879800349
			10.3279825654031	-2.97230879800349
			10.3319351036983	-2.97230879800349
			10.3358876419935	-2.97230879800349
			10.3398401802887	-2.97230879800349
			10.343792718584	-2.97230879800349
			10.3477452568792	-2.96835625970827
			10.3516977951744	-2.96835625970827
			10.3556503334696	-2.96835625970827
			10.3596028717648	-2.96835625970827
			10.36355541006	-2.96835625970827
			10.3675079483553	-2.96835625970827
			10.3714604866505	-2.96835625970827
			10.3754130249457	-2.96835625970827
			10.3793655632409	-2.96835625970827
			10.3833181015361	-2.96835625970827
			10.3872706398313	-2.96835625970827
			10.3912231781266	-2.96835625970827
			10.3951757164218	-2.96835625970827
			10.399128254717	-2.96835625970827
			10.4030807930122	-2.96835625970827
			10.4070333313074	-2.96835625970827
			10.4109858696027	-2.96835625970827
			10.4149384078979	-2.96835625970827
			10.4188909461931	-2.96835625970827
			10.4228434844883	-2.96835625970827
			10.4267960227835	-2.96835625970827
			10.4307485610787	-2.96835625970827
			10.434701099374	-2.96835625970827
			10.4386536376692	-2.96835625970827
			10.4426061759644	-2.96835625970827
			10.4465587142596	-2.96835625970827
			10.4505112525548	-2.96835625970827
			10.45446379085	-2.96835625970827
			10.4584163291453	-2.96835625970827
			10.4623688674405	-2.96835625970827
			10.4663214057357	-2.96835625970827
			10.4702739440309	-2.96835625970827
			10.4742264823261	-2.96835625970827
			10.4781790206213	-2.96835625970827
			10.4821315589166	-2.96835625970827
			10.4860840972118	-2.96835625970827
			10.490036635507	-2.96835625970827
			10.4939891738022	-2.96835625970827
			10.4979417120974	-2.96835625970827
			10.5018942503927	-2.96835625970827
			10.5058467886879	-2.96835625970827
			10.5097993269831	-2.96835625970827
			10.5137518652783	-2.96835625970827
			10.5177044035735	-2.96835625970827
			10.5216569418687	-2.96835625970827
			10.525609480164	-2.96835625970827
			10.5295620184592	-2.96835625970827
			10.5335145567544	-2.96835625970827
			10.5374670950496	-2.96835625970827
			10.5414196333448	-2.96835625970827
			10.54537217164	-2.96835625970827
			10.5493247099353	-2.96835625970827
			10.5532772482305	-2.96835625970827
			10.5572297865257	-2.96835625970827
			10.5611823248209	-2.96835625970827
			10.5651348631161	-2.96835625970827
			10.5690874014113	-2.96835625970827
			10.5730399397066	-2.96835625970827
			10.5769924780018	-2.96835625970827
			10.580945016297	-2.96835625970827
			10.5848975545922	-2.96835625970827
			10.5888500928874	-2.96835625970827
			10.5928026311827	-2.96835625970827
			10.5967551694779	-2.96835625970827
			10.6007077077731	-2.96835625970827
			10.6046602460683	-2.96835625970827
			10.6086127843635	-2.96835625970827
			10.6125653226587	-2.96835625970827
			10.616517860954	-2.96835625970827
			10.6204703992492	-2.96835625970827
			10.6244229375444	-2.96835625970827
			10.6283754758396	-2.96835625970827
			10.6323280141348	-2.96835625970827
			10.63628055243	-2.96835625970827
			10.6402330907253	-2.96835625970827
			10.6441856290205	-2.96835625970827
			10.6481381673157	-2.96835625970827
			10.6520907056109	-2.96835625970827
			10.6560432439061	-2.96835625970827
			10.6599957822013	-2.96835625970827
			10.6639483204966	-2.96835625970827
		</body_ant>
		<body_post type=matrix rownames=FALSE colnames=FALSE nrow=612 ncol=2 as.numeric=TRUE >
			11.580937204987	-3.24503394037349
			11.5848897432822	-3.24503394037349
			11.5888422815774	-3.24503394037349
			11.5927948198727	-3.24898647866871
			11.5967473581679	-3.24898647866871
			11.6006998964631	-3.24898647866871
			11.6046524347583	-3.24898647866871
			11.6086049730535	-3.24898647866871
			11.6125575113487	-3.24898647866871
			11.616510049644	-3.25293901696393
			11.6204625879392	-3.25293901696393
			11.6244151262344	-3.25293901696393
			11.6283676645296	-3.25293901696393
			11.6323202028248	-3.25293901696393
			11.63627274112	-3.25293901696393
			11.63627274112	-3.25689155525914
			11.6402252794153	-3.25689155525914
			11.6441778177105	-3.25689155525914
			11.6481303560057	-3.25689155525914
			11.6520828943009	-3.25689155525914
			11.6560354325961	-3.25689155525914
			11.6599879708914	-3.25689155525914
			11.6639405091866	-3.26084409355436
			11.6678930474818	-3.26084409355436
			11.671845585777	-3.26084409355436
			11.6757981240722	-3.26084409355436
			11.6797506623674	-3.26084409355436
			11.6837032006627	-3.26084409355436
			11.6876557389579	-3.26479663184958
			11.6916082772531	-3.26479663184958
			11.6955608155483	-3.26479663184958
			11.6995133538435	-3.26479663184958
			11.7034658921387	-3.26479663184958
			11.707418430434	-3.26479663184958
			11.7113709687292	-3.2687491701448
			11.7153235070244	-3.2687491701448
			11.7192760453196	-3.2687491701448
			11.7232285836148	-3.2687491701448
			11.72718112191	-3.2687491701448
			11.7311336602053	-3.2687491701448
			11.7350861985005	-3.2687491701448
			11.7390387367957	-3.27270170844001
			11.7429912750909	-3.27270170844001
			11.7469438133861	-3.27270170844001
			11.7508963516814	-3.27270170844001
			11.7548488899766	-3.27270170844001
			11.7588014282718	-3.27270170844001
			11.762753966567	-3.27270170844001
			11.7667065048622	-3.27665424673523
			11.7706590431574	-3.27665424673523
			11.7746115814527	-3.27665424673523
			11.7785641197479	-3.27665424673523
			11.7825166580431	-3.27665424673523
			11.7864691963383	-3.27665424673523
			11.7904217346335	-3.27665424673523
			11.7943742729287	-3.28060678503045
			11.798326811224	-3.28060678503045
			11.8022793495192	-3.28060678503045
			11.8062318878144	-3.28060678503045
			11.8101844261096	-3.28060678503045
			11.8141369644048	-3.28060678503045
			11.8180895027	-3.28060678503045
			11.8220420409953	-3.28060678503045
			11.8259945792905	-3.28455932332567
			11.8299471175857	-3.28455932332567
			11.8338996558809	-3.28455932332567
			11.8378521941761	-3.28455932332567
			11.8418047324714	-3.28455932332567
			11.8457572707666	-3.28455932332567
			11.8497098090618	-3.28455932332567
			11.853662347357	-3.28851186162088
			11.8576148856522	-3.28851186162088
			11.8615674239474	-3.28851186162088
			11.8655199622427	-3.28851186162088
			11.8694725005379	-3.28851186162088
			11.8734250388331	-3.28851186162088
			11.8773775771283	-3.28851186162088
			11.8813301154235	-3.28851186162088
			11.8852826537187	-3.2924643999161
			11.889235192014	-3.2924643999161
			11.8931877303092	-3.2924643999161
			11.8971402686044	-3.2924643999161
			11.9010928068996	-3.2924643999161
			11.9050453451948	-3.2924643999161
			11.9089978834901	-3.2924643999161
			11.9129504217853	-3.2924643999161
			11.9169029600805	-3.2924643999161
			11.9208554983757	-3.29641693821132
			11.9248080366709	-3.29641693821132
			11.9287605749661	-3.29641693821132
			11.9327131132614	-3.29641693821132
			11.9366656515566	-3.29641693821132
			11.9406181898518	-3.29641693821132
			11.944570728147	-3.29641693821132
			11.9485232664422	-3.29641693821132
			11.9524758047374	-3.29641693821132
			11.9564283430327	-3.30036947650654
			11.9603808813279	-3.30036947650654
			11.9643334196231	-3.30036947650654
			11.9682859579183	-3.30036947650654
			11.9722384962135	-3.30036947650654
			11.9761910345087	-3.30036947650654
			11.980143572804	-3.30036947650654
			11.9840961110992	-3.30036947650654
			11.9880486493944	-3.30036947650654
			11.9920011876896	-3.30036947650654
			11.9920011876896	-3.30432201480175
			11.9959537259848	-3.30432201480175
			11.9999062642801	-3.30432201480175
			12.0038588025753	-3.30432201480175
			12.0078113408705	-3.30432201480175
			12.0117638791657	-3.30432201480175
			12.0157164174609	-3.30432201480175
			12.0196689557561	-3.30432201480175
			12.0236214940514	-3.30432201480175
			12.0275740323466	-3.30432201480175
			12.0315265706418	-3.30432201480175
			12.035479108937	-3.30827455309697
			12.0394316472322	-3.30827455309697
			12.0433841855274	-3.30827455309697
			12.0473367238227	-3.30827455309697
			12.0512892621179	-3.30827455309697
			12.0552418004131	-3.30827455309697
			12.0591943387083	-3.30827455309697
			12.0631468770035	-3.30827455309697
			12.0670994152987	-3.30827455309697
			12.071051953594	-3.30827455309697
			12.0750044918892	-3.30827455309697
			12.0789570301844	-3.31222709139219
			12.0829095684796	-3.31222709139219
			12.0868621067748	-3.31222709139219
			12.0908146450701	-3.31222709139219
			12.0947671833653	-3.31222709139219
			12.0987197216605	-3.31222709139219
			12.1026722599557	-3.31222709139219
			12.1066247982509	-3.31222709139219
			12.1105773365461	-3.31222709139219
			12.1145298748414	-3.31222709139219
			12.1184824131366	-3.31222709139219
			12.1224349514318	-3.31222709139219
			12.126387489727	-3.31617962968741
			12.1303400280222	-3.31617962968741
			12.1342925663174	-3.31617962968741
			12.1382451046127	-3.31617962968741
			12.1421976429079	-3.31617962968741
			12.1461501812031	-3.31617962968741
			12.1501027194983	-3.31617962968741
			12.1540552577935	-3.31617962968741
			12.1580077960887	-3.31617962968741
			12.161960334384	-3.31617962968741
			12.1659128726792	-3.31617962968741
			12.1698654109744	-3.31617962968741
			12.1738179492696	-3.31617962968741
			12.1777704875648	-3.31617962968741
			12.1817230258601	-3.32013216798262
			12.1856755641553	-3.32013216798262
			12.1896281024505	-3.32013216798262
			12.1935806407457	-3.32013216798262
			12.1975331790409	-3.32013216798262
			12.2014857173361	-3.32013216798262
			12.2054382556314	-3.32013216798262
			12.2093907939266	-3.32013216798262
			12.2133433322218	-3.32013216798262
			12.217295870517	-3.32013216798262
			12.2212484088122	-3.32013216798262
			12.2252009471074	-3.32013216798262
			12.2291534854027	-3.32013216798262
			12.2331060236979	-3.32013216798262
			12.2370585619931	-3.32408470627784
			12.2410111002883	-3.32408470627784
			12.2449636385835	-3.32408470627784
			12.2489161768787	-3.32408470627784
			12.252868715174	-3.32408470627784
			12.2568212534692	-3.32408470627784
			12.2607737917644	-3.32408470627784
			12.2647263300596	-3.32408470627784
			12.2686788683548	-3.32408470627784
			12.2726314066501	-3.32408470627784
			12.2765839449453	-3.32408470627784
			12.2805364832405	-3.32408470627784
			12.2844890215357	-3.32408470627784
			12.2884415598309	-3.32408470627784
			12.2923940981261	-3.32408470627784
			12.2963466364214	-3.32408470627784
			12.3002991747166	-3.32408470627784
			12.3042517130118	-3.32803724457306
			12.308204251307	-3.32803724457306
			12.3121567896022	-3.32803724457306
			12.3161093278974	-3.32803724457306
			12.3200618661927	-3.32803724457306
			12.3240144044879	-3.32803724457306
			12.3279669427831	-3.32803724457306
			12.3319194810783	-3.32803724457306
			12.3358720193735	-3.32803724457306
			12.3398245576687	-3.32803724457306
			12.343777095964	-3.32803724457306
			12.3477296342592	-3.32803724457306
			12.3516821725544	-3.32803724457306
			12.3556347108496	-3.32803724457306
			12.3595872491448	-3.32803724457306
			12.3635397874401	-3.32803724457306
			12.3674923257353	-3.32803724457306
			12.3714448640305	-3.32803724457306
			12.3753974023257	-3.32803724457306
			12.3793499406209	-3.32803724457306
			12.3833024789161	-3.33198978286828
			12.3872550172114	-3.33198978286828
			12.3912075555066	-3.33198978286828
			12.3951600938018	-3.33198978286828
			12.399112632097	-3.33198978286828
			12.4030651703922	-3.33198978286828
			12.4070177086874	-3.33198978286828
			12.4109702469827	-3.33198978286828
			12.4149227852779	-3.33198978286828
			12.4188753235731	-3.33198978286828
			12.4228278618683	-3.33198978286828
			12.4267804001635	-3.33198978286828
			12.4307329384587	-3.33198978286828
			12.434685476754	-3.33198978286828
			12.4386380150492	-3.33198978286828
			12.4425905533444	-3.33198978286828
			12.4465430916396	-3.33198978286828
			12.4504956299348	-3.33198978286828
			12.4544481682301	-3.33198978286828
			12.4584007065253	-3.33198978286828
			12.4623532448205	-3.33198978286828
			12.4663057831157	-3.33198978286828
			12.4702583214109	-3.33198978286828
			12.4742108597061	-3.33198978286828
			12.4781633980014	-3.33198978286828
			12.4821159362966	-3.33198978286828
			12.4860684745918	-3.33198978286828
			12.490021012887	-3.33594232116349
			12.4939735511822	-3.33594232116349
			12.4979260894774	-3.33594232116349
			12.5018786277727	-3.33594232116349
			12.5058311660679	-3.33594232116349
			12.5097837043631	-3.33594232116349
			12.5137362426583	-3.33594232116349
			12.5176887809535	-3.33594232116349
			12.5216413192487	-3.33594232116349
			12.525593857544	-3.33594232116349
			12.5295463958392	-3.33594232116349
			12.5334989341344	-3.33594232116349
			12.5374514724296	-3.33594232116349
			12.5414040107248	-3.33594232116349
			12.5453565490201	-3.33594232116349
			12.5493090873153	-3.33594232116349
			12.5532616256105	-3.33594232116349
			12.5572141639057	-3.33594232116349
			12.5611667022009	-3.33594232116349
			12.5651192404961	-3.33594232116349
			12.5690717787914	-3.33594232116349
			12.5730243170866	-3.33594232116349
			12.5769768553818	-3.33594232116349
			12.580929393677	-3.33594232116349
			12.5848819319722	-3.33594232116349
			12.5888344702674	-3.33594232116349
			12.5927870085627	-3.33594232116349
			12.5967395468579	-3.33594232116349
			12.6006920851531	-3.33594232116349
			12.6046446234483	-3.33594232116349
			12.6085971617435	-3.33594232116349
			12.6125497000387	-3.33594232116349
			12.616502238334	-3.33594232116349
			12.6204547766292	-3.33594232116349
			12.6244073149244	-3.33594232116349
			12.6283598532196	-3.33594232116349
			12.6323123915148	-3.33594232116349
			12.6362649298101	-3.33594232116349
			12.6402174681053	-3.33594232116349
			12.6441700064005	-3.33594232116349
			12.6481225446957	-3.33594232116349
			12.6520750829909	-3.33594232116349
			12.6560276212861	-3.33594232116349
			12.6599801595814	-3.33594232116349
			12.6639326978766	-3.33594232116349
			12.6678852361718	-3.33594232116349
			12.671837774467	-3.33594232116349
			12.6757903127622	-3.33594232116349
			12.6797428510574	-3.33594232116349
			12.6836953893527	-3.33594232116349
			12.6876479276479	-3.33594232116349
			12.6916004659431	-3.33594232116349
			12.6955530042383	-3.33594232116349
			12.6995055425335	-3.33594232116349
			12.7034580808287	-3.33989485945871
			12.707410619124	-3.33989485945871
			12.7113631574192	-3.33989485945871
			12.7153156957144	-3.33989485945871
			12.7192682340096	-3.33989485945871
			12.7232207723048	-3.33989485945871
			12.7271733106001	-3.33989485945871
			12.7311258488953	-3.33989485945871
			12.7350783871905	-3.33989485945871
			12.7390309254857	-3.33989485945871
			12.7429834637809	-3.33989485945871
			12.7469360020761	-3.33989485945871
			12.7508885403714	-3.33989485945871
			12.7548410786666	-3.33989485945871
			12.7587936169618	-3.33989485945871
			12.762746155257	-3.33989485945871
			12.7666986935522	-3.33989485945871
			12.7706512318474	-3.33989485945871
			12.7746037701427	-3.33989485945871
			12.7785563084379	-3.33989485945871
			12.7825088467331	-3.33989485945871
			12.7864613850283	-3.33989485945871
			12.7904139233235	-3.33989485945871
			12.7943664616188	-3.33989485945871
			12.798318999914	-3.33989485945871
			12.8022715382092	-3.33989485945871
			12.8062240765044	-3.33989485945871
			12.8101766147996	-3.33989485945871
			12.8141291530948	-3.33989485945871
			12.8180816913901	-3.33989485945871
			12.8220342296853	-3.33989485945871
			12.8259867679805	-3.33989485945871
			12.8299393062757	-3.33989485945871
			12.8338918445709	-3.33989485945871
			12.8378443828661	-3.33594232116349
			12.8417969211614	-3.33594232116349
			12.8457494594566	-3.33594232116349
			12.8497019977518	-3.33594232116349
			12.853654536047	-3.33594232116349
			12.8576070743422	-3.33594232116349
			12.8615596126374	-3.33594232116349
			12.8655121509327	-3.33594232116349
			12.8694646892279	-3.33594232116349
			12.8734172275231	-3.33594232116349
			12.8773697658183	-3.33594232116349
			12.8813223041135	-3.33594232116349
			12.8852748424087	-3.33594232116349
			12.889227380704	-3.33594232116349
			12.8931799189992	-3.33594232116349
			12.8971324572944	-3.33594232116349
			12.9010849955896	-3.33594232116349
			12.9050375338848	-3.33594232116349
			12.9089900721801	-3.33594232116349
			12.9129426104753	-3.33594232116349
			12.9168951487705	-3.33594232116349
			12.9208476870657	-3.33594232116349
			12.9248002253609	-3.33594232116349
			12.9287527636561	-3.33594232116349
			12.9327053019514	-3.33594232116349
			12.9366578402466	-3.33594232116349
			12.9406103785418	-3.33594232116349
			12.944562916837	-3.33594232116349
			12.9485154551322	-3.33594232116349
			12.9524679934274	-3.33594232116349
			12.9564205317227	-3.33594232116349
			12.9603730700179	-3.33594232116349
			12.9643256083131	-3.33594232116349
			12.9682781466083	-3.33594232116349
			12.9722306849035	-3.33594232116349
			12.9761832231988	-3.33594232116349
			12.980135761494	-3.33594232116349
			12.9840882997892	-3.33594232116349
			12.9880408380844	-3.33594232116349
			12.9919933763796	-3.33594232116349
			12.9959459146748	-3.33594232116349
			12.9998984529701	-3.33594232116349
			13.0038509912653	-3.33594232116349
			13.0078035295605	-3.33594232116349
			13.0117560678557	-3.33594232116349
			13.0157086061509	-3.33594232116349
			13.0196611444461	-3.33594232116349
			13.0236136827414	-3.33594232116349
			13.0275662210366	-3.33594232116349
			13.0315187593318	-3.33594232116349
			13.035471297627	-3.33594232116349
			13.0394238359222	-3.33594232116349
			13.0433763742174	-3.33594232116349
			13.0473289125127	-3.33594232116349
			13.0512814508079	-3.33594232116349
			13.0552339891031	-3.33594232116349
			13.0591865273983	-3.33594232116349
			13.0631390656935	-3.33198978286828
			13.0670916039888	-3.33198978286828
			13.071044142284	-3.33198978286828
			13.0749966805792	-3.33198978286828
			13.0789492188744	-3.33198978286828
			13.0829017571696	-3.33198978286828
			13.0868542954648	-3.33198978286828
			13.0908068337601	-3.33198978286828
			13.0947593720553	-3.33198978286828
			13.0987119103505	-3.33198978286828
			13.1026644486457	-3.33198978286828
			13.1066169869409	-3.33198978286828
			13.1105695252361	-3.33198978286828
			13.1145220635314	-3.33198978286828
			13.1184746018266	-3.33198978286828
			13.1224271401218	-3.33198978286828
			13.126379678417	-3.33198978286828
			13.1303322167122	-3.33198978286828
			13.1342847550074	-3.33198978286828
			13.1382372933027	-3.33198978286828
			13.1421898315979	-3.33198978286828
			13.1461423698931	-3.33198978286828
			13.1500949081883	-3.33198978286828
			13.1540474464835	-3.33198978286828
			13.1579999847788	-3.33198978286828
			13.161952523074	-3.33198978286828
			13.1659050613692	-3.33198978286828
			13.1698575996644	-3.33198978286828
			13.1738101379596	-3.33198978286828
			13.1777626762548	-3.33198978286828
			13.1817152145501	-3.32803724457306
			13.1856677528453	-3.32803724457306
			13.1896202911405	-3.32803724457306
			13.1935728294357	-3.32803724457306
			13.1975253677309	-3.32803724457306
			13.2014779060261	-3.32803724457306
			13.2054304443214	-3.32803724457306
			13.2093829826166	-3.32803724457306
			13.2133355209118	-3.32803724457306
			13.217288059207	-3.32803724457306
			13.2212405975022	-3.32803724457306
			13.2251931357974	-3.32803724457306
			13.2291456740927	-3.32803724457306
			13.2330982123879	-3.32803724457306
			13.2370507506831	-3.32803724457306
			13.2410032889783	-3.32803724457306
			13.2449558272735	-3.32803724457306
			13.2489083655688	-3.32803724457306
			13.252860903864	-3.32803724457306
			13.2568134421592	-3.32803724457306
			13.2607659804544	-3.32803724457306
			13.2647185187496	-3.32803724457306
			13.2686710570448	-3.32803724457306
			13.2726235953401	-3.32803724457306
			13.2765761336353	-3.32408470627784
			13.2805286719305	-3.32408470627784
			13.2844812102257	-3.32408470627784
			13.2884337485209	-3.32408470627784
			13.2923862868161	-3.32408470627784
			13.2963388251114	-3.32408470627784
			13.3002913634066	-3.32408470627784
			13.3042439017018	-3.32408470627784
			13.308196439997	-3.32408470627784
			13.3121489782922	-3.32408470627784
			13.3161015165874	-3.32408470627784
			13.3200540548827	-3.32408470627784
			13.3240065931779	-3.32408470627784
			13.3279591314731	-3.32408470627784
			13.3319116697683	-3.32408470627784
			13.3358642080635	-3.32408470627784
			13.3398167463588	-3.32408470627784
			13.343769284654	-3.32408470627784
			13.3477218229492	-3.32408470627784
			13.3516743612444	-3.32408470627784
			13.3556268995396	-3.32408470627784
			13.3556268995396	-3.32013216798262
			13.3595794378348	-3.32013216798262
			13.3635319761301	-3.32013216798262
			13.3674845144253	-3.32013216798262
			13.3714370527205	-3.32013216798262
			13.3753895910157	-3.32013216798262
			13.3793421293109	-3.32013216798262
			13.3832946676061	-3.32013216798262
			13.3872472059014	-3.32013216798262
			13.3911997441966	-3.32013216798262
			13.3951522824918	-3.32013216798262
			13.399104820787	-3.32013216798262
			13.4030573590822	-3.32013216798262
			13.4070098973774	-3.32013216798262
			13.4109624356727	-3.32013216798262
			13.4149149739679	-3.32013216798262
			13.4188675122631	-3.32013216798262
			13.4228200505583	-3.32013216798262
			13.4267725888535	-3.32013216798262
			13.4307251271488	-3.31617962968741
			13.434677665444	-3.31617962968741
			13.4386302037392	-3.31617962968741
			13.4425827420344	-3.31617962968741
			13.4465352803296	-3.31617962968741
			13.4504878186248	-3.31617962968741
			13.4544403569201	-3.31617962968741
			13.4583928952153	-3.31617962968741
			13.4623454335105	-3.31617962968741
			13.4662979718057	-3.31617962968741
			13.4702505101009	-3.31617962968741
			13.4742030483961	-3.31617962968741
			13.4781555866914	-3.31617962968741
			13.4821081249866	-3.31617962968741
			13.4860606632818	-3.31222709139219
			13.490013201577	-3.31222709139219
			13.4939657398722	-3.31222709139219
			13.4979182781674	-3.31222709139219
			13.5018708164627	-3.31222709139219
			13.5058233547579	-3.31222709139219
			13.5097758930531	-3.31222709139219
			13.5137284313483	-3.31222709139219
			13.5176809696435	-3.31222709139219
			13.5216335079388	-3.30827455309697
			13.525586046234	-3.30827455309697
			13.5295385845292	-3.30827455309697
			13.5334911228244	-3.30827455309697
			13.5374436611196	-3.30827455309697
			13.5413961994148	-3.30827455309697
			13.5453487377101	-3.30827455309697
			13.5493012760053	-3.30827455309697
			13.5532538143005	-3.30432201480175
			13.5572063525957	-3.30432201480175
			13.5611588908909	-3.30432201480175
			13.5651114291861	-3.30432201480175
			13.5690639674814	-3.30432201480175
			13.5730165057766	-3.30432201480175
			13.5769690440718	-3.30432201480175
			13.580921582367	-3.30036947650654
			13.5848741206622	-3.30036947650654
			13.5888266589574	-3.30036947650654
			13.5927791972527	-3.30036947650654
			13.5967317355479	-3.30036947650654
			13.6006842738431	-3.30036947650654
			13.6046368121383	-3.30036947650654
			13.6085893504335	-3.29641693821132
			13.6125418887288	-3.29641693821132
			13.616494427024	-3.29641693821132
			13.6204469653192	-3.29641693821132
			13.6243995036144	-3.29641693821132
			13.6283520419096	-3.2924643999161
			13.6323045802048	-3.2924643999161
			13.6362571185001	-3.2924643999161
			13.6402096567953	-3.2924643999161
			13.6441621950905	-3.2924643999161
			13.6481147333857	-3.2924643999161
			13.6481147333857	-3.28851186162088
			13.6520672716809	-3.28851186162088
			13.6560198099761	-3.28851186162088
			13.6599723482714	-3.28851186162088
			13.6639248865666	-3.28851186162088
			13.6678774248618	-3.28851186162088
			13.6678774248618	-3.28455932332567
			13.671829963157	-3.28455932332567
			13.6757825014522	-3.28455932332567
			13.6797350397474	-3.28455932332567
			13.6836875780427	-3.28455932332567
			13.6876401163379	-3.28060678503045
			13.6915926546331	-3.28060678503045
			13.6955451929283	-3.28060678503045
			13.6994977312235	-3.28060678503045
			13.7034502695188	-3.28060678503045
			13.707402807814	-3.27665424673523
			13.7113553461092	-3.27665424673523
			13.7153078844044	-3.27665424673523
			13.7192604226996	-3.27665424673523
			13.7232129609948	-3.27270170844001
			13.7271654992901	-3.27270170844001
			13.7311180375853	-3.27270170844001
			13.7350705758805	-3.27270170844001
			13.7390231141757	-3.27270170844001
			13.7429756524709	-3.2687491701448
			13.7469281907661	-3.2687491701448
			13.7508807290614	-3.2687491701448
			13.7548332673566	-3.2687491701448
			13.7587858056518	-3.26479663184958
			13.762738343947	-3.26479663184958
			13.7666908822422	-3.26479663184958
			13.7706434205374	-3.26479663184958
			13.7745959588327	-3.26084409355436
			13.7785484971279	-3.26084409355436
			13.7825010354231	-3.26084409355436
			13.7864535737183	-3.25689155525914
			13.7904061120135	-3.25689155525914
			13.7943586503088	-3.25689155525914
			13.798311188604	-3.25689155525914
			13.8022637268992	-3.25293901696393
			13.8062162651944	-3.25293901696393
			13.8101688034896	-3.25293901696393
			13.8141213417848	-3.24898647866871
			13.8180738800801	-3.24898647866871
			13.8220264183753	-3.24898647866871
			13.8259789566705	-3.24898647866871
			13.8299314949657	-3.24503394037349
			13.8338840332609	-3.24503394037349
			13.8378365715561	-3.24503394037349
			13.8417891098514	-3.24108140207827
			13.8457416481466	-3.24108140207827
			13.8496941864418	-3.24108140207827
			13.853646724737	-3.23712886378306
			13.8575992630322	-3.23712886378306
			13.8615518013274	-3.23712886378306
			13.8655043396227	-3.23317632548784
			13.8694568779179	-3.23317632548784
			13.8734094162131	-3.23317632548784
			13.8773619545083	-3.23317632548784
			13.8813144928035	-3.22922378719262
			13.8852670310988	-3.22922378719262
			13.889219569394	-3.22922378719262
			13.8931721076892	-3.22527124889741
			13.8971246459844	-3.22527124889741
			13.9010771842796	-3.22527124889741
			13.9050297225748	-3.22131871060219
			13.9089822608701	-3.22131871060219
			13.9129347991653	-3.21736617230697
			13.9168873374605	-3.21736617230697
			13.9208398757557	-3.21736617230697
			13.9247924140509	-3.21341363401175
			13.9287449523461	-3.21341363401175
			13.9326974906414	-3.21341363401175
			13.9326974906414	-3.20946109571654
			13.9366500289366	-3.20946109571654
			13.9406025672318	-3.20946109571654
			13.944555105527	-3.20550855742132
			13.9485076438222	-3.20550855742132
			13.9524601821175	-3.20550855742132
			13.9524601821175	-3.2015560191261
			13.9564127204127	-3.2015560191261
			13.9603652587079	-3.2015560191261
			13.9643177970031	-3.19760348083088
			13.9682703352983	-3.19760348083088
		</body_post>
		<opercle type=matrix rownames=FALSE colnames=FALSE nrow=238 ncol=2 as.numeric=TRUE >
			9.10269569388569	-4.25293120565393
			9.10664823218091	-4.25293120565393
			9.10664823218091	-4.24897866735871
			9.11060077047613	-4.24897866735871
			9.11060077047613	-4.2450261290635
			9.11455330877134	-4.2450261290635
			9.11455330877134	-4.24107359076828
			9.11850584706656	-4.24107359076828
			9.11850584706656	-4.23712105247306
			9.12245838536178	-4.23712105247306
			9.12245838536178	-4.23316851417784
			9.12641092365699	-4.23316851417784
			9.12641092365699	-4.22921597588263
			9.13036346195221	-4.22921597588263
			9.13036346195221	-4.22526343758741
			9.13431600024743	-4.22526343758741
			9.13431600024743	-4.22131089929219
			9.13826853854265	-4.22131089929219
			9.13826853854265	-4.21735836099697
			9.14222107683787	-4.21735836099697
			9.14222107683787	-4.21340582270176
			9.14617361513308	-4.20945328440654
			9.1501261534283	-4.20550074611132
			9.15407869172352	-4.2015482078161
			9.15407869172352	-4.19759566952089
			9.15803123001873	-4.19364313122567
			9.16198376831395	-4.18969059293045
			9.16593630660917	-4.18573805463523
			9.16988884490439	-4.18178551634002
			9.16988884490439	-4.1778329780448
			9.16988884490439	-4.17388043974958
			9.1738413831996	-4.16992790145437
			9.17779392149482	-4.16597536315915
			9.17779392149482	-4.16202282486393
			9.18174645979004	-4.15807028656871
			9.18174645979004	-4.1541177482735
			9.18569899808526	-4.15016520997828
			9.18569899808526	-4.14621267168306
			9.18965153638047	-4.14226013338784
			9.18965153638047	-4.13830759509263
			9.19360407467569	-4.13435505679741
			9.19360407467569	-4.13040251850219
			9.19360407467569	-4.12644998020697
			9.19755661297091	-4.12644998020697
			9.19755661297091	-4.12249744191176
			9.19755661297091	-4.11854490361654
			9.20150915126613	-4.11459236532132
			9.20150915126613	-4.1106398270261
			9.20150915126613	-4.10668728873089
			9.20546168956134	-4.10273475043567
			9.20546168956134	-4.09878221214045
			9.20546168956134	-4.09482967384523
			9.20941422785656	-4.09087713555002
			9.20941422785656	-4.0869245972548
			9.20941422785656	-4.08297205895958
			9.21336676615178	-4.07901952066436
			9.21336676615178	-4.07506698236915
			9.21336676615178	-4.07111444407393
			9.21336676615178	-4.06716190577871
			9.217319304447	-4.0632093674835
			9.217319304447	-4.05925682918828
			9.217319304447	-4.05530429089306
			9.217319304447	-4.05135175259784
			9.217319304447	-4.04739921430263
			9.217319304447	-4.04344667600741
			9.22127184274221	-4.03949413771219
			9.22127184274221	-4.03554159941697
			9.22127184274221	-4.03158906112176
			9.22127184274221	-4.02763652282654
			9.22127184274221	-4.02368398453132
			9.22127184274221	-4.0197314462361
			9.22522438103743	-4.01577890794089
			9.22522438103743	-4.01182636964567
			9.22522438103743	-4.00787383135045
			9.22522438103743	-4.00392129305523
			9.22522438103743	-3.99996875476002
			9.22522438103743	-3.9960162164648
			9.22522438103743	-3.99206367816958
			9.22522438103743	-3.98811113987436
			9.22522438103743	-3.98415860157915
			9.22522438103743	-3.98020606328393
			9.22522438103743	-3.97625352498871
			9.22522438103743	-3.9723009866935
			9.22522438103743	-3.96834844839828
			9.22522438103743	-3.96439591010306
			9.22522438103743	-3.96044337180784
			9.22522438103743	-3.95649083351263
			9.22917691933265	-3.95253829521741
			9.22917691933265	-3.94858575692219
			9.22917691933265	-3.94463321862697
			9.22917691933265	-3.94068068033176
			9.22917691933265	-3.93672814203654
			9.22917691933265	-3.93277560374132
			9.22522438103743	-3.9288230654461
			9.22522438103743	-3.92487052715089
			9.22522438103743	-3.92091798885567
			9.22522438103743	-3.91696545056045
			9.22522438103743	-3.91301291226523
			9.22522438103743	-3.90906037397002
			9.22522438103743	-3.9051078356748
			9.22522438103743	-3.90115529737958
			9.22522438103743	-3.89720275908436
			9.22522438103743	-3.89325022078915
			9.22522438103743	-3.88929768249393
			9.22522438103743	-3.88534514419871
			9.22522438103743	-3.88139260590349
			9.22522438103743	-3.87744006760828
			9.22522438103743	-3.87348752931306
			9.22522438103743	-3.86953499101784
			9.22522438103743	-3.86558245272263
			9.22127184274221	-3.86162991442741
			9.22127184274221	-3.85767737613219
			9.22127184274221	-3.85372483783697
			9.22127184274221	-3.84977229954176
			9.22127184274221	-3.84581976124654
			9.22127184274221	-3.84186722295132
			9.22127184274221	-3.8379146846561
			9.22127184274221	-3.83396214636089
			9.22127184274221	-3.83000960806567
			9.217319304447	-3.82605706977045
			9.217319304447	-3.82210453147523
			9.217319304447	-3.81815199318002
			9.217319304447	-3.8141994548848
			9.217319304447	-3.81024691658958
			9.217319304447	-3.80629437829436
			9.217319304447	-3.80234183999915
			9.21336676615178	-3.79838930170393
			9.21336676615178	-3.79443676340871
			9.21336676615178	-3.79048422511349
			9.21336676615178	-3.78653168681828
			9.21336676615178	-3.78257914852306
			9.21336676615178	-3.77862661022784
			9.20941422785656	-3.77467407193262
			9.20941422785656	-3.77072153363741
			9.20941422785656	-3.76676899534219
			9.20941422785656	-3.76281645704697
			9.20941422785656	-3.75886391875175
			9.20546168956134	-3.75491138045654
			9.20546168956134	-3.75095884216132
			9.20546168956134	-3.7470063038661
			9.20546168956134	-3.74305376557089
			9.20546168956134	-3.73910122727567
			9.20150915126613	-3.73514868898045
			9.20150915126613	-3.73119615068523
			9.20150915126613	-3.72724361239002
			9.20150915126613	-3.7232910740948
			9.20150915126613	-3.71933853579958
			9.19755661297091	-3.71538599750436
			9.19755661297091	-3.71143345920915
			9.19755661297091	-3.70748092091393
			9.19755661297091	-3.70352838261871
			9.19755661297091	-3.69957584432349
			9.19360407467569	-3.69562330602828
			9.19360407467569	-3.69167076773306
			9.19360407467569	-3.68771822943784
			9.19360407467569	-3.68376569114262
			9.18965153638047	-3.67981315284741
			9.18965153638047	-3.67586061455219
			9.18965153638047	-3.67190807625697
			9.18965153638047	-3.66795553796175
			9.18569899808526	-3.66400299966654
			9.18569899808526	-3.66005046137132
			9.18569899808526	-3.6560979230761
			9.18569899808526	-3.65214538478088
			9.18174645979004	-3.64819284648567
			9.18174645979004	-3.64424030819045
			9.18174645979004	-3.64028776989523
			9.17779392149482	-3.63633523160002
			9.17779392149482	-3.6323826933048
			9.17779392149482	-3.62843015500958
			9.17779392149482	-3.62447761671436
			9.1738413831996	-3.62052507841915
			9.1738413831996	-3.61657254012393
			9.1738413831996	-3.61262000182871
			9.16988884490439	-3.60866746353349
			9.16988884490439	-3.60471492523828
			9.16988884490439	-3.60076238694306
			9.16593630660917	-3.59680984864784
			9.16593630660917	-3.59285731035262
			9.16593630660917	-3.58890477205741
			9.16198376831395	-3.58495223376219
			9.16198376831395	-3.58099969546697
			9.16198376831395	-3.57704715717175
			9.16198376831395	-3.57309461887654
			9.15803123001873	-3.56914208058132
			9.15803123001873	-3.5651895422861
			9.15803123001873	-3.56123700399088
			9.15407869172352	-3.55728446569567
			9.15407869172352	-3.55333192740045
			9.15407869172352	-3.54937938910523
			9.1501261534283	-3.54542685081001
			9.1501261534283	-3.5414743125148
			9.1501261534283	-3.53752177421958
			9.14617361513308	-3.53356923592436
			9.14617361513308	-3.52961669762915
			9.14617361513308	-3.52566415933393
			9.14222107683787	-3.52171162103871
			9.14222107683787	-3.51775908274349
			9.14222107683787	-3.51380654444828
			9.14222107683787	-3.50985400615306
			9.13826853854265	-3.50590146785784
			9.13826853854265	-3.50194892956262
			9.13826853854265	-3.49799639126741
			9.13431600024743	-3.49404385297219
			9.13431600024743	-3.49009131467697
			9.13431600024743	-3.48613877638175
			9.13036346195221	-3.48613877638175
			9.13036346195221	-3.48218623808654
			9.12641092365699	-3.47823369979132
			9.12641092365699	-3.4742811614961
			9.12641092365699	-3.47032862320088
			9.12245838536178	-3.46637608490567
			9.12245838536178	-3.46242354661045
			9.12245838536178	-3.45847100831523
			9.11850584706656	-3.45451847002001
			9.11850584706656	-3.4505659317248
			9.11850584706656	-3.44661339342958
			9.11455330877134	-3.44266085513436
			9.11455330877134	-3.43870831683914
			9.11060077047613	-3.43475577854393
			9.11060077047613	-3.43080324024871
			9.11060077047613	-3.42685070195349
			9.10664823218091	-3.42289816365828
			9.10664823218091	-3.41894562536306
			9.10664823218091	-3.41499308706784
			9.10269569388569	-3.41104054877262
			9.10269569388569	-3.40708801047741
			9.09874315559047	-3.40313547218219
			9.09874315559047	-3.39918293388697
			9.09874315559047	-3.39523039559175
			9.09479061729526	-3.39127785729654
			9.09479061729526	-3.38732531900132
			9.09479061729526	-3.3833727807061
			9.09083807900004	-3.3833727807061
			9.09083807900004	-3.37942024241088
			9.09083807900004	-3.37546770411567
			9.08688554070482	-3.37151516582045
			9.08688554070482	-3.36756262752523
		</opercle>
	</curves.scaled>
	<ruler.points type=matrix rownames=TRUE colnames=FALSE nrow=2 ncol=2 as.numeric=TRUE >
		Ruler point 1	2568	1944
		Ruler point 2	2821	1945
	</ruler.points>
</shapes>

