<shapes type=list>
	<ruler.pixel type=vector names=FALSE length=1 as.numeric=TRUE >325.013845858911</ruler.pixel>
	<ruler.interval type=vector names=FALSE length=1 as.numeric=TRUE >1</ruler.interval>
	<scaling.units type=vector names=FALSE length=1 as.numeric=FALSE >cm</scaling.units>
	<scaling type=vector names=FALSE length=1 as.numeric=TRUE >0.00307679199745263</scaling>
	<image.name type=vector names=FALSE length=1 as.numeric=FALSE >TU202148_2_L.JPG</image.name>
	<landmarks.pixel type=matrix rownames=TRUE colnames=FALSE nrow=20 ncol=2 as.numeric=TRUE >
		snout_tip	1706	895
		dorsal_ant	2556	659
		dorsal_post	2848	725
		caud_upper	3570	712
		caud_lower	3607	930
		anal_post	3294	959
		anal_ant	3127	1020
		pelv_1	2647	1061
		pect_1	2171	1008
		lower_operc	2105	1006
		upper_operc	2077	779
		eye_center	1885	843
		eye_1_ant	1835	846
		eye_2	1844	819
		eye_3_dors	1880	800
		eye_4	1919	806
		eye_5_post	1938	839
		eye_6	1920	872
		eye_7_vent	1883	888
		eye_8	1848	875
	</landmarks.pixel>
	<landmarks.scaled type=matrix rownames=TRUE colnames=FALSE nrow=20 ncol=2 as.numeric=TRUE >
		snout_tip	5.24900714765419	-2.7537288377201
		dorsal_ant	7.86428034548892	-2.02760592632128
		dorsal_post	8.76270360874509	-2.23067419815316
		caud_upper	10.9841474309059	-2.19067590218627
		caud_lower	11.0979887348116	-2.86141655763095
		anal_post	10.134952839609	-2.95064352555707
		anal_ant	9.62112857603437	-3.13832783740168
		pelv_1	8.14426841725711	-3.26447630929724
		pect_1	6.67971542646966	-3.10140633343225
		lower_operc	6.47664715463779	-3.09525274943735
		upper_operc	6.39049697870911	-2.3968209660156
		eye_center	5.79975291519821	-2.59373565385257
		eye_1_ant	5.64591331532558	-2.60296602984492
		eye_2	5.67360444330265	-2.5198926459137
		eye_3_dors	5.78436895521094	-2.4614335979621
		eye_4	5.9043638431116	-2.47989434994682
		eye_5_post	5.9628228910632	-2.58142848586276
		eye_6	5.90744063510905	-2.68296262177869
		eye_7_vent	5.7935993312033	-2.73219129373794
		eye_8	5.68591161129246	-2.69219299777105
	</landmarks.scaled>
	<curves.control type=list>
		<body_ant type=matrix rownames=FALSE colnames=FALSE nrow=7 ncol=2 as.numeric=TRUE >
			1706	895
			1827	768
			2073	729
			2139	713
			2260	694
			2415	664
			2556	659
		</body_ant>
		<body_post type=matrix rownames=FALSE colnames=FALSE nrow=5 ncol=2 as.numeric=TRUE >
			2848	725
			3155	769
			3375	751
			3452	753
			3570	712
		</body_post>
		<opercle type=matrix rownames=FALSE colnames=FALSE nrow=3 ncol=2 as.numeric=TRUE >
			2105	1006
			2173	879
			2077	779
		</opercle>
	</curves.control>
	<curves.pixel type=list>
		<body_ant type=matrix rownames=FALSE colnames=FALSE nrow=865 ncol=2 as.numeric=TRUE >
			1706	895
			1707	894
			1708	893
			1708	892
			1709	892
			1710	891
			1711	890
			1712	889
			1713	888
			1713	887
			1714	887
			1715	886
			1716	885
			1717	884
			1718	883
			1719	882
			1720	881
			1721	880
			1722	879
			1723	878
			1724	877
			1725	876
			1726	875
			1727	875
			1727	874
			1728	874
			1729	873
			1729	872
			1730	872
			1731	871
			1732	870
			1733	869
			1734	868
			1735	867
			1736	867
			1737	866
			1738	865
			1739	864
			1740	863
			1741	862
			1742	861
			1743	861
			1744	860
			1745	859
			1746	858
			1747	857
			1748	857
			1749	856
			1750	855
			1751	854
			1752	854
			1753	853
			1754	852
			1755	851
			1756	851
			1757	850
			1758	849
			1759	848
			1760	847
			1761	847
			1762	846
			1763	845
			1764	844
			1765	844
			1766	843
			1767	842
			1768	841
			1769	841
			1770	840
			1771	839
			1772	839
			1773	838
			1774	837
			1775	836
			1776	836
			1777	835
			1778	834
			1779	833
			1780	833
			1781	833
			1781	832
			1782	832
			1783	831
			1784	830
			1785	830
			1786	829
			1787	829
			1788	828
			1789	827
			1790	827
			1791	826
			1792	825
			1793	825
			1794	824
			1795	824
			1796	823
			1797	822
			1798	822
			1799	821
			1800	821
			1801	820
			1802	819
			1803	819
			1804	818
			1805	818
			1806	817
			1807	817
			1808	816
			1809	815
			1810	815
			1811	814
			1812	814
			1813	813
			1814	813
			1815	812
			1816	811
			1817	811
			1818	810
			1819	810
			1820	809
			1821	809
			1822	808
			1823	808
			1824	807
			1825	806
			1826	806
			1827	805
			1828	805
			1829	804
			1830	804
			1831	803
			1832	803
			1833	802
			1834	802
			1835	801
			1836	801
			1837	800
			1838	799
			1839	799
			1840	798
			1841	798
			1842	798
			1843	797
			1844	797
			1845	796
			1846	796
			1847	795
			1848	795
			1849	794
			1850	794
			1851	793
			1852	793
			1853	792
			1854	792
			1855	792
			1856	791
			1857	791
			1858	790
			1859	790
			1860	789
			1861	789
			1862	788
			1863	788
			1864	787
			1865	787
			1866	787
			1867	786
			1868	786
			1869	785
			1870	785
			1871	784
			1872	784
			1873	783
			1874	783
			1875	783
			1876	782
			1877	782
			1878	781
			1879	781
			1880	781
			1881	780
			1882	780
			1883	779
			1884	779
			1885	778
			1886	778
			1887	778
			1888	778
			1888	777
			1889	777
			1890	777
			1891	776
			1892	776
			1893	775
			1894	775
			1895	775
			1896	775
			1896	774
			1897	774
			1898	774
			1899	773
			1900	773
			1901	772
			1902	772
			1903	772
			1904	771
			1905	771
			1906	771
			1907	770
			1908	770
			1909	769
			1910	769
			1911	769
			1912	769
			1912	768
			1913	768
			1914	768
			1915	767
			1916	767
			1917	767
			1918	767
			1918	766
			1919	766
			1920	766
			1921	765
			1922	765
			1923	765
			1924	764
			1925	764
			1926	764
			1927	763
			1928	763
			1929	763
			1930	762
			1931	762
			1932	762
			1933	761
			1934	761
			1935	761
			1936	760
			1937	760
			1938	760
			1939	760
			1940	759
			1941	759
			1942	759
			1943	758
			1944	758
			1945	758
			1946	757
			1947	757
			1948	757
			1949	756
			1950	756
			1951	756
			1952	756
			1953	755
			1954	755
			1955	755
			1956	754
			1957	754
			1958	754
			1959	754
			1960	753
			1961	753
			1962	753
			1963	752
			1964	752
			1965	752
			1966	752
			1967	751
			1968	751
			1969	751
			1970	751
			1971	750
			1972	750
			1973	750
			1974	749
			1975	749
			1976	749
			1977	749
			1978	749
			1979	748
			1980	748
			1981	748
			1982	748
			1983	747
			1984	747
			1985	747
			1986	746
			1987	746
			1988	746
			1989	746
			1990	746
			1991	745
			1992	745
			1993	745
			1994	745
			1995	744
			1996	744
			1997	744
			1998	744
			1999	743
			2000	743
			2001	743
			2002	743
			2003	743
			2003	742
			2004	742
			2005	742
			2006	742
			2007	741
			2008	741
			2009	741
			2010	741
			2011	741
			2012	740
			2013	740
			2014	740
			2015	740
			2016	740
			2017	739
			2018	739
			2019	739
			2020	739
			2021	738
			2022	738
			2023	738
			2024	738
			2025	738
			2026	737
			2027	737
			2028	737
			2029	737
			2030	737
			2031	736
			2032	736
			2033	736
			2034	736
			2035	736
			2036	735
			2037	735
			2038	735
			2039	735
			2040	735
			2041	735
			2042	734
			2043	734
			2044	734
			2045	734
			2046	734
			2047	733
			2048	733
			2049	733
			2050	733
			2051	733
			2052	733
			2053	732
			2054	732
			2055	732
			2056	732
			2057	732
			2058	732
			2058	731
			2059	731
			2060	731
			2061	731
			2062	731
			2063	731
			2064	730
			2065	730
			2066	730
			2067	730
			2068	730
			2069	730
			2070	729
			2071	729
			2072	729
			2073	729
			2074	729
			2075	729
			2076	728
			2077	728
			2078	728
			2079	728
			2080	727
			2081	727
			2082	727
			2083	727
			2084	726
			2085	726
			2086	726
			2087	726
			2088	725
			2089	725
			2090	725
			2091	725
			2092	725
			2093	724
			2094	724
			2095	724
			2096	724
			2097	723
			2098	723
			2099	723
			2100	723
			2101	723
			2102	722
			2103	722
			2104	722
			2105	722
			2106	721
			2107	721
			2108	721
			2109	721
			2110	721
			2111	720
			2112	720
			2113	720
			2114	720
			2115	720
			2116	719
			2117	719
			2118	719
			2119	719
			2120	719
			2121	718
			2122	718
			2123	718
			2124	718
			2125	718
			2126	717
			2127	717
			2128	717
			2129	717
			2130	717
			2131	716
			2132	716
			2133	716
			2134	716
			2135	716
			2136	716
			2137	715
			2138	715
			2139	715
			2140	715
			2141	715
			2142	714
			2143	714
			2144	714
			2145	714
			2146	714
			2147	713
			2148	713
			2149	713
			2150	713
			2151	713
			2152	712
			2153	712
			2154	712
			2155	712
			2156	712
			2157	711
			2158	711
			2159	711
			2160	711
			2161	711
			2162	711
			2163	710
			2164	710
			2165	710
			2166	710
			2167	710
			2168	709
			2169	709
			2170	709
			2171	709
			2172	709
			2173	709
			2174	708
			2175	708
			2176	708
			2177	708
			2178	708
			2179	708
			2180	707
			2181	707
			2182	707
			2183	707
			2184	707
			2185	706
			2186	706
			2187	706
			2188	706
			2189	706
			2190	706
			2191	705
			2192	705
			2193	705
			2194	705
			2195	705
			2196	704
			2197	704
			2198	704
			2199	704
			2200	704
			2201	704
			2202	703
			2203	703
			2204	703
			2205	703
			2206	703
			2207	703
			2208	703
			2208	702
			2209	702
			2210	702
			2211	702
			2212	702
			2213	702
			2214	701
			2215	701
			2216	701
			2217	701
			2218	701
			2219	701
			2220	700
			2221	700
			2222	700
			2223	700
			2224	700
			2225	700
			2226	700
			2227	699
			2228	699
			2229	699
			2230	699
			2231	699
			2232	698
			2233	698
			2234	698
			2235	698
			2236	698
			2237	698
			2238	698
			2239	697
			2240	697
			2241	697
			2242	697
			2243	697
			2244	696
			2245	696
			2246	696
			2247	696
			2248	696
			2249	696
			2250	696
			2251	695
			2252	695
			2253	695
			2254	695
			2255	695
			2256	695
			2257	695
			2258	694
			2259	694
			2260	694
			2261	694
			2262	694
			2263	693
			2264	693
			2265	693
			2266	693
			2267	693
			2268	692
			2269	692
			2270	692
			2271	692
			2272	692
			2273	691
			2274	691
			2275	691
			2276	691
			2277	691
			2278	691
			2279	690
			2280	690
			2281	690
			2282	690
			2283	690
			2284	689
			2285	689
			2286	689
			2287	689
			2288	689
			2289	689
			2290	688
			2291	688
			2292	688
			2293	688
			2294	688
			2295	687
			2296	687
			2297	687
			2298	687
			2299	687
			2300	687
			2301	686
			2302	686
			2303	686
			2304	686
			2305	686
			2306	686
			2307	685
			2308	685
			2309	685
			2310	685
			2311	685
			2312	685
			2313	684
			2314	684
			2315	684
			2316	684
			2317	684
			2318	684
			2319	683
			2320	683
			2321	683
			2322	683
			2323	683
			2324	683
			2325	682
			2326	682
			2327	682
			2328	682
			2329	682
			2330	682
			2331	681
			2332	681
			2333	681
			2334	681
			2335	681
			2336	681
			2337	681
			2338	680
			2339	680
			2340	680
			2341	680
			2342	680
			2343	680
			2344	679
			2345	679
			2346	679
			2347	679
			2348	679
			2349	679
			2350	679
			2351	678
			2352	678
			2353	678
			2354	678
			2355	678
			2356	678
			2357	678
			2358	677
			2359	677
			2360	677
			2361	677
			2362	677
			2363	677
			2364	676
			2365	676
			2366	676
			2367	676
			2368	676
			2369	676
			2370	676
			2371	676
			2371	675
			2372	675
			2373	675
			2374	675
			2375	675
			2376	675
			2377	675
			2378	674
			2379	674
			2380	674
			2381	674
			2382	674
			2383	674
			2384	674
			2385	674
			2386	673
			2387	673
			2388	673
			2389	673
			2390	673
			2391	673
			2392	673
			2393	673
			2394	672
			2395	672
			2396	672
			2397	672
			2398	672
			2399	672
			2400	672
			2401	672
			2402	671
			2403	671
			2404	671
			2405	671
			2406	671
			2407	671
			2408	671
			2409	671
			2410	670
			2411	670
			2412	670
			2413	670
			2414	670
			2415	670
			2416	670
			2417	670
			2418	670
			2419	669
			2420	669
			2421	669
			2422	669
			2423	669
			2424	669
			2425	669
			2426	669
			2427	668
			2428	668
			2429	668
			2430	668
			2431	668
			2432	668
			2433	668
			2434	668
			2435	668
			2436	668
			2436	667
			2437	667
			2438	667
			2439	667
			2440	667
			2441	667
			2442	667
			2443	667
			2444	667
			2445	667
			2446	666
			2447	666
			2448	666
			2449	666
			2450	666
			2451	666
			2452	666
			2453	666
			2454	666
			2455	666
			2456	665
			2457	665
			2458	665
			2459	665
			2460	665
			2461	665
			2462	665
			2463	665
			2464	665
			2465	665
			2466	665
			2467	664
			2468	664
			2469	664
			2470	664
			2471	664
			2472	664
			2473	664
			2474	664
			2475	664
			2476	664
			2477	664
			2478	664
			2479	663
			2480	663
			2481	663
			2482	663
			2483	663
			2484	663
			2485	663
			2486	663
			2487	663
			2488	663
			2489	663
			2490	663
			2491	663
			2492	662
			2493	662
			2494	662
			2495	662
			2496	662
			2497	662
			2498	662
			2499	662
			2500	662
			2501	662
			2502	662
			2503	662
			2504	662
			2505	662
			2506	662
			2507	661
			2508	661
			2509	661
			2510	661
			2511	661
			2512	661
			2513	661
			2514	661
			2515	661
			2516	661
			2517	661
			2518	661
			2519	661
			2520	661
			2521	661
			2522	661
			2523	661
			2524	660
			2525	660
			2526	660
			2527	660
			2528	660
			2529	660
			2530	660
			2531	660
			2532	660
			2533	660
			2534	660
			2535	660
			2536	660
			2537	660
			2538	660
			2539	660
			2540	660
			2541	660
			2542	660
			2543	660
			2544	659
			2545	659
			2546	659
			2547	659
			2548	659
			2549	659
			2550	659
			2551	659
			2552	659
			2553	659
			2554	659
			2555	659
			2556	659
		</body_ant>
		<body_post type=matrix rownames=FALSE colnames=FALSE nrow=729 ncol=2 as.numeric=TRUE >
			2848	725
			2849	725
			2850	725
			2851	725
			2852	726
			2853	726
			2854	726
			2855	726
			2856	726
			2857	726
			2858	726
			2859	727
			2860	727
			2861	727
			2862	727
			2863	727
			2864	727
			2865	727
			2866	728
			2867	728
			2868	728
			2869	728
			2870	728
			2871	728
			2872	728
			2873	729
			2874	729
			2875	729
			2876	729
			2877	729
			2878	729
			2879	729
			2880	729
			2881	730
			2882	730
			2883	730
			2884	730
			2885	730
			2886	730
			2887	730
			2888	731
			2889	731
			2890	731
			2891	731
			2892	731
			2893	731
			2894	731
			2895	731
			2896	732
			2897	732
			2898	732
			2899	732
			2900	732
			2901	732
			2902	732
			2903	732
			2904	733
			2905	733
			2906	733
			2907	733
			2908	733
			2909	733
			2910	733
			2911	733
			2912	734
			2913	734
			2914	734
			2915	734
			2916	734
			2917	734
			2918	734
			2919	734
			2920	735
			2921	735
			2922	735
			2923	735
			2924	735
			2925	735
			2926	735
			2927	735
			2927	736
			2928	736
			2929	736
			2930	736
			2931	736
			2932	736
			2933	736
			2934	736
			2935	736
			2936	737
			2937	737
			2938	737
			2939	737
			2940	737
			2941	737
			2942	737
			2943	737
			2944	738
			2945	738
			2946	738
			2947	738
			2948	738
			2949	738
			2950	738
			2951	738
			2952	738
			2953	739
			2954	739
			2955	739
			2956	739
			2957	739
			2958	739
			2959	739
			2960	739
			2961	739
			2962	740
			2963	740
			2964	740
			2965	740
			2966	740
			2967	740
			2968	740
			2969	740
			2970	740
			2971	741
			2972	741
			2973	741
			2974	741
			2975	741
			2976	741
			2977	741
			2978	741
			2979	741
			2980	741
			2981	742
			2982	742
			2983	742
			2984	742
			2985	742
			2986	742
			2987	742
			2988	742
			2989	742
			2990	742
			2991	743
			2992	743
			2993	743
			2994	743
			2995	743
			2996	743
			2997	743
			2998	743
			2999	743
			3000	744
			3001	744
			3002	744
			3003	744
			3004	744
			3005	744
			3006	744
			3007	744
			3008	744
			3009	744
			3010	745
			3011	745
			3012	745
			3013	745
			3014	745
			3015	745
			3016	745
			3017	745
			3018	745
			3019	745
			3020	745
			3021	746
			3022	746
			3023	746
			3024	746
			3025	746
			3026	746
			3027	746
			3028	746
			3029	746
			3030	746
			3031	746
			3032	747
			3033	747
			3034	747
			3035	747
			3036	747
			3037	747
			3038	747
			3039	747
			3040	747
			3041	747
			3042	747
			3043	747
			3044	748
			3045	748
			3046	748
			3047	748
			3048	748
			3049	748
			3050	748
			3051	748
			3052	748
			3053	748
			3054	748
			3055	748
			3056	748
			3057	749
			3058	749
			3059	749
			3060	749
			3061	749
			3062	749
			3063	749
			3064	749
			3065	749
			3066	749
			3067	749
			3068	749
			3069	749
			3069	750
			3070	750
			3071	750
			3072	750
			3073	750
			3074	750
			3075	750
			3076	750
			3077	750
			3078	750
			3079	750
			3080	750
			3081	750
			3082	750
			3083	751
			3084	751
			3085	751
			3086	751
			3087	751
			3088	751
			3089	751
			3090	751
			3091	751
			3092	751
			3093	751
			3094	751
			3095	751
			3096	751
			3097	751
			3098	752
			3099	752
			3100	752
			3101	752
			3102	752
			3103	752
			3104	752
			3105	752
			3106	752
			3107	752
			3108	752
			3109	752
			3110	752
			3111	752
			3112	752
			3113	752
			3114	752
			3115	753
			3116	753
			3117	753
			3118	753
			3119	753
			3120	753
			3121	753
			3122	753
			3123	753
			3124	753
			3125	753
			3126	753
			3127	753
			3128	753
			3129	753
			3130	753
			3131	753
			3132	753
			3133	753
			3134	754
			3135	754
			3136	754
			3137	754
			3138	754
			3139	754
			3140	754
			3141	754
			3142	754
			3143	754
			3144	754
			3145	754
			3146	754
			3147	754
			3148	754
			3149	754
			3150	754
			3151	754
			3152	754
			3153	754
			3154	754
			3155	754
			3156	755
			3157	755
			3158	755
			3159	755
			3160	755
			3161	755
			3162	755
			3163	755
			3164	755
			3165	755
			3166	755
			3167	755
			3168	755
			3169	755
			3170	755
			3171	755
			3172	755
			3173	755
			3174	755
			3175	755
			3176	755
			3177	755
			3178	755
			3179	755
			3180	755
			3181	755
			3182	755
			3183	755
			3184	755
			3185	755
			3186	756
			3187	756
			3188	756
			3189	756
			3190	756
			3191	756
			3192	756
			3193	756
			3194	756
			3195	756
			3196	756
			3197	756
			3198	756
			3199	756
			3200	756
			3201	756
			3202	756
			3203	756
			3204	756
			3205	756
			3206	756
			3207	756
			3208	756
			3209	756
			3210	756
			3211	756
			3212	756
			3213	756
			3214	756
			3215	756
			3216	756
			3217	756
			3218	756
			3219	756
			3220	756
			3221	756
			3222	756
			3223	756
			3224	756
			3225	756
			3226	756
			3227	756
			3228	756
			3229	756
			3230	756
			3231	756
			3232	756
			3233	756
			3234	756
			3235	756
			3236	756
			3237	756
			3238	756
			3239	756
			3240	756
			3241	756
			3242	756
			3243	756
			3244	756
			3245	756
			3246	756
			3247	756
			3248	756
			3249	756
			3250	756
			3251	756
			3252	756
			3253	756
			3254	756
			3255	756
			3256	756
			3257	756
			3258	756
			3259	756
			3260	756
			3261	756
			3262	756
			3263	756
			3264	756
			3265	756
			3266	756
			3267	756
			3268	756
			3269	756
			3270	756
			3271	756
			3272	756
			3273	756
			3274	756
			3275	756
			3276	756
			3277	756
			3278	756
			3279	756
			3280	756
			3281	756
			3282	756
			3283	756
			3284	756
			3285	756
			3286	756
			3287	756
			3288	756
			3289	756
			3290	756
			3291	756
			3292	755
			3293	755
			3294	755
			3295	755
			3296	755
			3297	755
			3298	755
			3299	755
			3300	755
			3301	755
			3302	755
			3303	755
			3304	755
			3305	755
			3306	755
			3307	755
			3308	755
			3309	755
			3310	755
			3311	755
			3312	755
			3313	755
			3314	755
			3315	755
			3316	755
			3317	755
			3318	755
			3319	755
			3320	754
			3321	754
			3322	754
			3323	754
			3324	754
			3325	754
			3326	754
			3327	754
			3328	754
			3329	754
			3330	754
			3331	754
			3332	754
			3333	754
			3334	754
			3335	754
			3336	754
			3337	754
			3338	754
			3339	753
			3340	753
			3341	753
			3342	753
			3343	753
			3344	753
			3345	753
			3346	753
			3347	753
			3348	753
			3349	753
			3350	753
			3351	753
			3352	753
			3353	753
			3354	753
			3355	752
			3356	752
			3357	752
			3358	752
			3359	752
			3360	752
			3361	752
			3362	752
			3363	752
			3364	752
			3365	752
			3366	752
			3367	752
			3368	752
			3369	751
			3370	751
			3371	751
			3372	751
			3373	751
			3374	751
			3375	751
			3376	751
			3377	751
			3378	751
			3379	751
			3380	751
			3381	751
			3382	751
			3383	751
			3384	751
			3385	751
			3386	751
			3387	751
			3388	751
			3389	751
			3390	751
			3391	751
			3392	751
			3393	751
			3394	751
			3395	751
			3396	751
			3397	751
			3398	751
			3399	751
			3400	751
			3401	751
			3402	750
			3403	750
			3404	750
			3405	750
			3406	750
			3407	750
			3408	750
			3409	750
			3410	750
			3411	750
			3412	750
			3413	750
			3414	750
			3414	749
			3415	749
			3416	749
			3417	749
			3418	749
			3419	749
			3420	749
			3421	749
			3422	749
			3423	749
			3424	748
			3425	748
			3426	748
			3427	748
			3428	748
			3429	748
			3430	748
			3431	747
			3432	747
			3433	747
			3434	747
			3435	747
			3436	747
			3437	747
			3438	747
			3439	746
			3440	746
			3441	746
			3442	746
			3443	746
			3444	746
			3445	745
			3446	745
			3447	745
			3448	745
			3449	745
			3450	745
			3450	744
			3451	744
			3452	744
			3453	744
			3454	744
			3455	744
			3456	743
			3457	743
			3458	743
			3459	743
			3460	743
			3461	743
			3462	742
			3463	742
			3464	742
			3465	742
			3466	742
			3467	741
			3468	741
			3469	741
			3470	741
			3471	740
			3472	740
			3473	740
			3474	740
			3475	740
			3476	739
			3477	739
			3478	739
			3479	739
			3480	738
			3481	738
			3482	738
			3483	738
			3484	737
			3485	737
			3486	737
			3487	737
			3488	736
			3489	736
			3490	736
			3491	736
			3492	736
			3492	735
			3493	735
			3494	735
			3495	735
			3496	735
			3496	734
			3497	734
			3498	734
			3499	734
			3500	733
			3501	733
			3502	733
			3503	733
			3504	732
			3505	732
			3506	732
			3507	732
			3508	731
			3509	731
			3510	731
			3511	731
			3512	730
			3513	730
			3514	730
			3515	729
			3516	729
			3517	729
			3518	729
			3519	728
			3520	728
			3521	728
			3522	727
			3523	727
			3524	727
			3525	726
			3526	726
			3527	726
			3528	726
			3529	725
			3530	725
			3531	725
			3532	724
			3533	724
			3534	724
			3535	723
			3536	723
			3537	723
			3538	722
			3539	722
			3540	722
			3541	721
			3542	721
			3543	721
			3544	721
			3545	720
			3546	720
			3547	720
			3548	719
			3549	719
			3550	719
			3551	718
			3552	718
			3553	718
			3554	717
			3555	717
			3556	717
			3557	717
			3558	716
			3559	716
			3560	715
			3561	715
			3562	715
			3563	714
			3564	714
			3565	714
			3566	713
			3567	713
			3568	713
			3569	712
			3570	712
		</body_post>
		<opercle type=matrix rownames=FALSE colnames=FALSE nrow=235 ncol=2 as.numeric=TRUE >
			2105	1006
			2106	1005
			2106	1004
			2107	1003
			2107	1002
			2108	1001
			2108	1000
			2109	999
			2109	998
			2110	997
			2110	996
			2111	995
			2111	994
			2112	993
			2112	992
			2113	991
			2113	990
			2114	989
			2114	988
			2114	987
			2115	986
			2115	985
			2116	984
			2116	983
			2117	982
			2117	981
			2117	980
			2118	979
			2118	978
			2119	977
			2119	976
			2119	975
			2120	974
			2120	973
			2121	972
			2121	971
			2121	970
			2122	969
			2122	968
			2122	967
			2123	966
			2123	965
			2123	964
			2124	963
			2124	962
			2124	961
			2125	960
			2125	959
			2125	958
			2126	957
			2126	956
			2126	955
			2126	954
			2127	953
			2127	952
			2127	951
			2127	950
			2128	949
			2128	948
			2128	947
			2128	946
			2129	945
			2129	944
			2129	943
			2129	942
			2129	941
			2130	940
			2130	939
			2130	938
			2130	937
			2130	936
			2131	935
			2131	934
			2131	933
			2131	932
			2131	931
			2131	930
			2132	929
			2132	928
			2132	927
			2132	926
			2132	925
			2132	924
			2132	923
			2132	922
			2132	921
			2133	920
			2133	919
			2133	918
			2133	917
			2133	916
			2133	915
			2133	914
			2133	913
			2133	912
			2133	911
			2133	910
			2133	909
			2133	908
			2133	907
			2133	906
			2133	905
			2133	904
			2133	903
			2133	902
			2133	901
			2133	900
			2133	899
			2133	898
			2133	897
			2133	896
			2133	895
			2133	894
			2133	893
			2133	892
			2133	891
			2132	890
			2132	889
			2132	888
			2132	887
			2132	886
			2132	885
			2132	884
			2132	883
			2131	882
			2131	881
			2131	880
			2131	879
			2131	878
			2131	877
			2130	876
			2130	875
			2130	874
			2130	873
			2130	872
			2129	871
			2129	870
			2129	869
			2129	868
			2129	867
			2128	866
			2128	865
			2128	864
			2128	863
			2127	862
			2127	861
			2127	860
			2126	860
			2126	859
			2126	858
			2126	857
			2125	856
			2125	855
			2125	854
			2124	853
			2124	852
			2124	851
			2123	850
			2123	849
			2123	848
			2122	847
			2122	846
			2121	845
			2121	844
			2121	843
			2120	842
			2120	841
			2119	841
			2119	840
			2119	839
			2118	838
			2118	837
			2117	836
			2117	835
			2116	834
			2116	833
			2115	832
			2115	831
			2115	830
			2114	829
			2114	828
			2113	828
			2113	827
			2112	826
			2112	825
			2111	824
			2110	823
			2110	822
			2109	821
			2109	820
			2108	819
			2108	818
			2107	817
			2107	816
			2106	816
			2105	815
			2105	814
			2104	813
			2104	812
			2103	811
			2102	810
			2102	809
			2101	808
			2101	807
			2100	807
			2099	806
			2099	805
			2098	804
			2097	803
			2097	802
			2096	801
			2095	800
			2095	799
			2094	798
			2093	798
			2093	797
			2092	796
			2091	795
			2090	794
			2090	793
			2089	792
			2088	791
			2087	790
			2086	789
			2085	788
			2084	787
			2083	786
			2083	785
			2082	784
			2081	784
			2081	783
			2080	782
			2079	781
			2078	780
			2077	779
		</opercle>
	</curves.pixel>
	<curves.scaled type=list>
		<body_ant type=matrix rownames=FALSE colnames=FALSE nrow=865 ncol=2 as.numeric=TRUE >
			5.24900714765419	-2.7537288377201
			5.25208393965164	-2.75065204572265
			5.25516073164909	-2.7475752537252
			5.25516073164909	-2.74449846172775
			5.25823752364654	-2.74449846172775
			5.261314315644	-2.74142166973029
			5.26439110764145	-2.73834487773284
			5.2674678996389	-2.73526808573539
			5.27054469163635	-2.73219129373794
			5.27054469163635	-2.72911450174048
			5.27362148363381	-2.72911450174048
			5.27669827563126	-2.72603770974303
			5.27977506762871	-2.72296091774558
			5.28285185962616	-2.71988412574812
			5.28592865162362	-2.71680733375067
			5.28900544362107	-2.71373054175322
			5.29208223561852	-2.71065374975577
			5.29515902761598	-2.70757695775831
			5.29823581961343	-2.70450016576086
			5.30131261161088	-2.70142337376341
			5.30438940360833	-2.69834658176596
			5.30746619560579	-2.6952697897685
			5.31054298760324	-2.69219299777105
			5.31361977960069	-2.69219299777105
			5.31361977960069	-2.6891162057736
			5.31669657159814	-2.6891162057736
			5.3197733635956	-2.68603941377615
			5.3197733635956	-2.68296262177869
			5.32285015559305	-2.68296262177869
			5.3259269475905	-2.67988582978124
			5.32900373958795	-2.67680903778379
			5.33208053158541	-2.67373224578634
			5.33515732358286	-2.67065545378888
			5.33823411558031	-2.66757866179143
			5.34131090757776	-2.66757866179143
			5.34438769957522	-2.66450186979398
			5.34746449157267	-2.66142507779652
			5.35054128357012	-2.65834828579907
			5.35361807556758	-2.65527149380162
			5.35669486756503	-2.65219470180417
			5.35977165956248	-2.64911790980671
			5.36284845155993	-2.64911790980671
			5.36592524355739	-2.64604111780926
			5.36900203555484	-2.64296432581181
			5.37207882755229	-2.63988753381436
			5.37515561954974	-2.6368107418169
			5.3782324115472	-2.6368107418169
			5.38130920354465	-2.63373394981945
			5.3843859955421	-2.630657157822
			5.38746278753955	-2.62758036582455
			5.39053957953701	-2.62758036582455
			5.39361637153446	-2.62450357382709
			5.39669316353191	-2.62142678182964
			5.39976995552937	-2.61834998983219
			5.40284674752682	-2.61834998983219
			5.40592353952427	-2.61527319783474
			5.40900033152172	-2.61219640583728
			5.41207712351918	-2.60911961383983
			5.41515391551663	-2.60604282184238
			5.41823070751408	-2.60604282184238
			5.42130749951153	-2.60296602984492
			5.42438429150899	-2.59988923784747
			5.42746108350644	-2.59681244585002
			5.43053787550389	-2.59681244585002
			5.43361466750134	-2.59373565385257
			5.4366914594988	-2.59065886185511
			5.43976825149625	-2.58758206985766
			5.4428450434937	-2.58758206985766
			5.44592183549115	-2.58450527786021
			5.44899862748861	-2.58142848586276
			5.45207541948606	-2.58142848586276
			5.45515221148351	-2.5783516938653
			5.45822900348097	-2.57527490186785
			5.46130579547842	-2.5721981098704
			5.46438258747587	-2.5721981098704
			5.46745937947332	-2.56912131787295
			5.47053617147078	-2.56604452587549
			5.47361296346823	-2.56296773387804
			5.47668975546568	-2.56296773387804
			5.47976654746313	-2.56296773387804
			5.47976654746313	-2.55989094188059
			5.48284333946059	-2.55989094188059
			5.48592013145804	-2.55681414988314
			5.48899692345549	-2.55373735788568
			5.49207371545294	-2.55373735788568
			5.4951505074504	-2.55066056588823
			5.49822729944785	-2.55066056588823
			5.5013040914453	-2.54758377389078
			5.50438088344275	-2.54450698189333
			5.50745767544021	-2.54450698189333
			5.51053446743766	-2.54143018989587
			5.51361125943511	-2.53835339789842
			5.51668805143257	-2.53835339789842
			5.51976484343002	-2.53527660590097
			5.52284163542747	-2.53527660590097
			5.52591842742492	-2.53219981390351
			5.52899521942238	-2.52912302190606
			5.53207201141983	-2.52912302190606
			5.53514880341728	-2.52604622990861
			5.53822559541473	-2.52604622990861
			5.54130238741219	-2.52296943791116
			5.54437917940964	-2.5198926459137
			5.54745597140709	-2.5198926459137
			5.55053276340454	-2.51681585391625
			5.553609555402	-2.51681585391625
			5.55668634739945	-2.5137390619188
			5.5597631393969	-2.5137390619188
			5.56283993139435	-2.51066226992135
			5.56591672339181	-2.50758547792389
			5.56899351538926	-2.50758547792389
			5.57207030738671	-2.50450868592644
			5.57514709938417	-2.50450868592644
			5.57822389138162	-2.50143189392899
			5.58130068337907	-2.50143189392899
			5.58437747537652	-2.49835510193154
			5.58745426737398	-2.49527830993408
			5.59053105937143	-2.49527830993408
			5.59360785136888	-2.49220151793663
			5.59668464336633	-2.49220151793663
			5.59976143536379	-2.48912472593918
			5.60283822736124	-2.48912472593918
			5.60591501935869	-2.48604793394172
			5.60899181135614	-2.48604793394172
			5.6120686033536	-2.48297114194427
			5.61514539535105	-2.47989434994682
			5.6182221873485	-2.47989434994682
			5.62129897934595	-2.47681755794937
			5.62437577134341	-2.47681755794937
			5.62745256334086	-2.47374076595191
			5.63052935533831	-2.47374076595191
			5.63360614733577	-2.47066397395446
			5.63668293933322	-2.47066397395446
			5.63975973133067	-2.46758718195701
			5.64283652332812	-2.46758718195701
			5.64591331532558	-2.46451038995956
			5.64899010732303	-2.46451038995956
			5.65206689932048	-2.4614335979621
			5.65514369131793	-2.45835680596465
			5.65822048331539	-2.45835680596465
			5.66129727531284	-2.4552800139672
			5.66437406731029	-2.4552800139672
			5.66745085930774	-2.4552800139672
			5.6705276513052	-2.45220322196975
			5.67360444330265	-2.45220322196975
			5.6766812353001	-2.44912642997229
			5.67975802729755	-2.44912642997229
			5.68283481929501	-2.44604963797484
			5.68591161129246	-2.44604963797484
			5.68898840328991	-2.44297284597739
			5.69206519528737	-2.44297284597739
			5.69514198728482	-2.43989605397994
			5.69821877928227	-2.43989605397994
			5.70129557127972	-2.43681926198248
			5.70437236327718	-2.43681926198248
			5.70744915527463	-2.43681926198248
			5.71052594727208	-2.43374246998503
			5.71360273926953	-2.43374246998503
			5.71667953126699	-2.43066567798758
			5.71975632326444	-2.43066567798758
			5.72283311526189	-2.42758888599012
			5.72590990725934	-2.42758888599012
			5.7289866992568	-2.42451209399267
			5.73206349125425	-2.42451209399267
			5.7351402832517	-2.42143530199522
			5.73821707524915	-2.42143530199522
			5.74129386724661	-2.42143530199522
			5.74437065924406	-2.41835850999777
			5.74744745124151	-2.41835850999777
			5.75052424323897	-2.41528171800031
			5.75360103523642	-2.41528171800031
			5.75667782723387	-2.41220492600286
			5.75975461923132	-2.41220492600286
			5.76283141122878	-2.40912813400541
			5.76590820322623	-2.40912813400541
			5.76898499522368	-2.40912813400541
			5.77206178722113	-2.40605134200796
			5.77513857921859	-2.40605134200796
			5.77821537121604	-2.4029745500105
			5.78129216321349	-2.4029745500105
			5.78436895521094	-2.4029745500105
			5.7874457472084	-2.39989775801305
			5.79052253920585	-2.39989775801305
			5.7935993312033	-2.3968209660156
			5.79667612320075	-2.3968209660156
			5.79975291519821	-2.39374417401815
			5.80282970719566	-2.39374417401815
			5.80590649919311	-2.39374417401815
			5.80898329119056	-2.39374417401815
			5.80898329119056	-2.39066738202069
			5.81206008318802	-2.39066738202069
			5.81513687518547	-2.39066738202069
			5.81821366718292	-2.38759059002324
			5.82129045918038	-2.38759059002324
			5.82436725117783	-2.38451379802579
			5.82744404317528	-2.38451379802579
			5.83052083517273	-2.38451379802579
			5.83359762717019	-2.38451379802579
			5.83359762717019	-2.38143700602834
			5.83667441916764	-2.38143700602834
			5.83975121116509	-2.38143700602834
			5.84282800316254	-2.37836021403088
			5.84590479516	-2.37836021403088
			5.84898158715745	-2.37528342203343
			5.8520583791549	-2.37528342203343
			5.85513517115235	-2.37528342203343
			5.85821196314981	-2.37220663003598
			5.86128875514726	-2.37220663003598
			5.86436554714471	-2.37220663003598
			5.86744233914216	-2.36912983803852
			5.87051913113962	-2.36912983803852
			5.87359592313707	-2.36605304604107
			5.87667271513452	-2.36605304604107
			5.87974950713198	-2.36605304604107
			5.88282629912943	-2.36605304604107
			5.88282629912943	-2.36297625404362
			5.88590309112688	-2.36297625404362
			5.88897988312433	-2.36297625404362
			5.89205667512179	-2.35989946204617
			5.89513346711924	-2.35989946204617
			5.89821025911669	-2.35989946204617
			5.90128705111414	-2.35989946204617
			5.90128705111414	-2.35682267004871
			5.9043638431116	-2.35682267004871
			5.90744063510905	-2.35682267004871
			5.9105174271065	-2.35374587805126
			5.91359421910395	-2.35374587805126
			5.91667101110141	-2.35374587805126
			5.91974780309886	-2.35066908605381
			5.92282459509631	-2.35066908605381
			5.92590138709376	-2.35066908605381
			5.92897817909122	-2.34759229405636
			5.93205497108867	-2.34759229405636
			5.93513176308612	-2.34759229405636
			5.93820855508358	-2.3445155020589
			5.94128534708103	-2.3445155020589
			5.94436213907848	-2.3445155020589
			5.94743893107593	-2.34143871006145
			5.95051572307339	-2.34143871006145
			5.95359251507084	-2.34143871006145
			5.95666930706829	-2.338361918064
			5.95974609906574	-2.338361918064
			5.9628228910632	-2.338361918064
			5.96589968306065	-2.338361918064
			5.9689764750581	-2.33528512606655
			5.97205326705555	-2.33528512606655
			5.97513005905301	-2.33528512606655
			5.97820685105046	-2.33220833406909
			5.98128364304791	-2.33220833406909
			5.98436043504536	-2.33220833406909
			5.98743722704282	-2.32913154207164
			5.99051401904027	-2.32913154207164
			5.99359081103772	-2.32913154207164
			5.99666760303518	-2.32605475007419
			5.99974439503263	-2.32605475007419
			6.00282118703008	-2.32605475007419
			6.00589797902753	-2.32605475007419
			6.00897477102499	-2.32297795807674
			6.01205156302244	-2.32297795807674
			6.01512835501989	-2.32297795807674
			6.01820514701734	-2.31990116607928
			6.0212819390148	-2.31990116607928
			6.02435873101225	-2.31990116607928
			6.0274355230097	-2.31990116607928
			6.03051231500715	-2.31682437408183
			6.03358910700461	-2.31682437408183
			6.03666589900206	-2.31682437408183
			6.03974269099951	-2.31374758208438
			6.04281948299696	-2.31374758208438
			6.04589627499442	-2.31374758208438
			6.04897306699187	-2.31374758208438
			6.05204985898932	-2.31067079008692
			6.05512665098678	-2.31067079008692
			6.05820344298423	-2.31067079008692
			6.06128023498168	-2.31067079008692
			6.06435702697913	-2.30759399808947
			6.06743381897659	-2.30759399808947
			6.07051061097404	-2.30759399808947
			6.07358740297149	-2.30451720609202
			6.07666419496894	-2.30451720609202
			6.0797409869664	-2.30451720609202
			6.08281777896385	-2.30451720609202
			6.0858945709613	-2.30451720609202
			6.08897136295875	-2.30144041409457
			6.09204815495621	-2.30144041409457
			6.09512494695366	-2.30144041409457
			6.09820173895111	-2.30144041409457
			6.10127853094856	-2.29836362209711
			6.10435532294602	-2.29836362209711
			6.10743211494347	-2.29836362209711
			6.11050890694092	-2.29528683009966
			6.11358569893838	-2.29528683009966
			6.11666249093583	-2.29528683009966
			6.11973928293328	-2.29528683009966
			6.12281607493073	-2.29528683009966
			6.12589286692819	-2.29221003810221
			6.12896965892564	-2.29221003810221
			6.13204645092309	-2.29221003810221
			6.13512324292054	-2.29221003810221
			6.138200034918	-2.28913324610476
			6.14127682691545	-2.28913324610476
			6.1443536189129	-2.28913324610476
			6.14743041091035	-2.28913324610476
			6.15050720290781	-2.2860564541073
			6.15358399490526	-2.2860564541073
			6.15666078690271	-2.2860564541073
			6.15973757890016	-2.2860564541073
			6.16281437089762	-2.2860564541073
			6.16281437089762	-2.28297966210985
			6.16589116289507	-2.28297966210985
			6.16896795489252	-2.28297966210985
			6.17204474688998	-2.28297966210985
			6.17512153888743	-2.2799028701124
			6.17819833088488	-2.2799028701124
			6.18127512288233	-2.2799028701124
			6.18435191487979	-2.2799028701124
			6.18742870687724	-2.2799028701124
			6.19050549887469	-2.27682607811495
			6.19358229087214	-2.27682607811495
			6.1966590828696	-2.27682607811495
			6.19973587486705	-2.27682607811495
			6.2028126668645	-2.27682607811495
			6.20588945886195	-2.27374928611749
			6.20896625085941	-2.27374928611749
			6.21204304285686	-2.27374928611749
			6.21511983485431	-2.27374928611749
			6.21819662685176	-2.27067249412004
			6.22127341884922	-2.27067249412004
			6.22435021084667	-2.27067249412004
			6.22742700284412	-2.27067249412004
			6.23050379484158	-2.27067249412004
			6.23358058683903	-2.26759570212259
			6.23665737883648	-2.26759570212259
			6.23973417083393	-2.26759570212259
			6.24281096283139	-2.26759570212259
			6.24588775482884	-2.26759570212259
			6.24896454682629	-2.26451891012514
			6.25204133882374	-2.26451891012514
			6.2551181308212	-2.26451891012514
			6.25819492281865	-2.26451891012514
			6.2612717148161	-2.26451891012514
			6.26434850681355	-2.26144211812768
			6.26742529881101	-2.26144211812768
			6.27050209080846	-2.26144211812768
			6.27357888280591	-2.26144211812768
			6.27665567480337	-2.26144211812768
			6.27973246680082	-2.26144211812768
			6.28280925879827	-2.25836532613023
			6.28588605079572	-2.25836532613023
			6.28896284279318	-2.25836532613023
			6.29203963479063	-2.25836532613023
			6.29511642678808	-2.25836532613023
			6.29819321878553	-2.25528853413278
			6.30127001078299	-2.25528853413278
			6.30434680278044	-2.25528853413278
			6.30742359477789	-2.25528853413278
			6.31050038677534	-2.25528853413278
			6.3135771787728	-2.25528853413278
			6.31665397077025	-2.25221174213533
			6.3197307627677	-2.25221174213533
			6.32280755476515	-2.25221174213533
			6.32588434676261	-2.25221174213533
			6.32896113876006	-2.25221174213533
			6.33203793075751	-2.25221174213533
			6.33203793075751	-2.24913495013787
			6.33511472275497	-2.24913495013787
			6.33819151475242	-2.24913495013787
			6.34126830674987	-2.24913495013787
			6.34434509874732	-2.24913495013787
			6.34742189074478	-2.24913495013787
			6.35049868274223	-2.24605815814042
			6.35357547473968	-2.24605815814042
			6.35665226673713	-2.24605815814042
			6.35972905873459	-2.24605815814042
			6.36280585073204	-2.24605815814042
			6.36588264272949	-2.24605815814042
			6.36895943472694	-2.24298136614297
			6.3720362267244	-2.24298136614297
			6.37511301872185	-2.24298136614297
			6.3781898107193	-2.24298136614297
			6.38126660271675	-2.24298136614297
			6.38434339471421	-2.24298136614297
			6.38742018671166	-2.23990457414551
			6.39049697870911	-2.23990457414551
			6.39357377070656	-2.23990457414551
			6.39665056270402	-2.23990457414551
			6.39972735470147	-2.23682778214806
			6.40280414669892	-2.23682778214806
			6.40588093869638	-2.23682778214806
			6.40895773069383	-2.23682778214806
			6.41203452269128	-2.23375099015061
			6.41511131468873	-2.23375099015061
			6.41818810668619	-2.23375099015061
			6.42126489868364	-2.23375099015061
			6.42434169068109	-2.23067419815316
			6.42741848267854	-2.23067419815316
			6.430495274676	-2.23067419815316
			6.43357206667345	-2.23067419815316
			6.4366488586709	-2.23067419815316
			6.43972565066835	-2.2275974061557
			6.44280244266581	-2.2275974061557
			6.44587923466326	-2.2275974061557
			6.44895602666071	-2.2275974061557
			6.45203281865816	-2.22452061415825
			6.45510961065562	-2.22452061415825
			6.45818640265307	-2.22452061415825
			6.46126319465052	-2.22452061415825
			6.46433998664797	-2.22452061415825
			6.46741677864543	-2.2214438221608
			6.47049357064288	-2.2214438221608
			6.47357036264033	-2.2214438221608
			6.47664715463779	-2.2214438221608
			6.47972394663524	-2.21836703016335
			6.48280073863269	-2.21836703016335
			6.48587753063014	-2.21836703016335
			6.4889543226276	-2.21836703016335
			6.49203111462505	-2.21836703016335
			6.4951079066225	-2.21529023816589
			6.49818469861995	-2.21529023816589
			6.50126149061741	-2.21529023816589
			6.50433828261486	-2.21529023816589
			6.50741507461231	-2.21529023816589
			6.51049186660976	-2.21221344616844
			6.51356865860722	-2.21221344616844
			6.51664545060467	-2.21221344616844
			6.51972224260212	-2.21221344616844
			6.52279903459957	-2.21221344616844
			6.52587582659703	-2.20913665417099
			6.52895261859448	-2.20913665417099
			6.53202941059193	-2.20913665417099
			6.53510620258939	-2.20913665417099
			6.53818299458684	-2.20913665417099
			6.54125978658429	-2.20605986217354
			6.54433657858174	-2.20605986217354
			6.5474133705792	-2.20605986217354
			6.55049016257665	-2.20605986217354
			6.5535669545741	-2.20605986217354
			6.55664374657155	-2.20298307017608
			6.55972053856901	-2.20298307017608
			6.56279733056646	-2.20298307017608
			6.56587412256391	-2.20298307017608
			6.56895091456136	-2.20298307017608
			6.57202770655882	-2.20298307017608
			6.57510449855627	-2.19990627817863
			6.57818129055372	-2.19990627817863
			6.58125808255117	-2.19990627817863
			6.58433487454863	-2.19990627817863
			6.58741166654608	-2.19990627817863
			6.59048845854353	-2.19682948618118
			6.59356525054099	-2.19682948618118
			6.59664204253844	-2.19682948618118
			6.59971883453589	-2.19682948618118
			6.60279562653334	-2.19682948618118
			6.6058724185308	-2.19375269418373
			6.60894921052825	-2.19375269418373
			6.6120260025257	-2.19375269418373
			6.61510279452315	-2.19375269418373
			6.61817958652061	-2.19375269418373
			6.62125637851806	-2.19067590218627
			6.62433317051551	-2.19067590218627
			6.62740996251296	-2.19067590218627
			6.63048675451042	-2.19067590218627
			6.63356354650787	-2.19067590218627
			6.63664033850532	-2.18759911018882
			6.63971713050277	-2.18759911018882
			6.64279392250023	-2.18759911018882
			6.64587071449768	-2.18759911018882
			6.64894750649513	-2.18759911018882
			6.65202429849259	-2.18759911018882
			6.65510109049004	-2.18452231819137
			6.65817788248749	-2.18452231819137
			6.66125467448494	-2.18452231819137
			6.6643314664824	-2.18452231819137
			6.66740825847985	-2.18452231819137
			6.6704850504773	-2.18144552619391
			6.67356184247475	-2.18144552619391
			6.67663863447221	-2.18144552619391
			6.67971542646966	-2.18144552619391
			6.68279221846711	-2.18144552619391
			6.68586901046456	-2.18144552619391
			6.68894580246202	-2.17836873419646
			6.69202259445947	-2.17836873419646
			6.69509938645692	-2.17836873419646
			6.69817617845437	-2.17836873419646
			6.70125297045183	-2.17836873419646
			6.70432976244928	-2.17836873419646
			6.70740655444673	-2.17529194219901
			6.71048334644419	-2.17529194219901
			6.71356013844164	-2.17529194219901
			6.71663693043909	-2.17529194219901
			6.71971372243654	-2.17529194219901
			6.722790514434	-2.17221515020156
			6.72586730643145	-2.17221515020156
			6.7289440984289	-2.17221515020156
			6.73202089042635	-2.17221515020156
			6.73509768242381	-2.17221515020156
			6.73817447442126	-2.17221515020156
			6.74125126641871	-2.1691383582041
			6.74432805841616	-2.1691383582041
			6.74740485041362	-2.1691383582041
			6.75048164241107	-2.1691383582041
			6.75355843440852	-2.1691383582041
			6.75663522640598	-2.16606156620665
			6.75971201840343	-2.16606156620665
			6.76278881040088	-2.16606156620665
			6.76586560239833	-2.16606156620665
			6.76894239439579	-2.16606156620665
			6.77201918639324	-2.16606156620665
			6.77509597839069	-2.1629847742092
			6.77817277038814	-2.1629847742092
			6.7812495623856	-2.1629847742092
			6.78432635438305	-2.1629847742092
			6.7874031463805	-2.1629847742092
			6.79047993837795	-2.1629847742092
			6.79355673037541	-2.1629847742092
			6.79355673037541	-2.15990798221175
			6.79663352237286	-2.15990798221175
			6.79971031437031	-2.15990798221175
			6.80278710636776	-2.15990798221175
			6.80586389836522	-2.15990798221175
			6.80894069036267	-2.15990798221175
			6.81201748236012	-2.15683119021429
			6.81509427435758	-2.15683119021429
			6.81817106635503	-2.15683119021429
			6.82124785835248	-2.15683119021429
			6.82432465034993	-2.15683119021429
			6.82740144234739	-2.15683119021429
			6.83047823434484	-2.15375439821684
			6.83355502634229	-2.15375439821684
			6.83663181833974	-2.15375439821684
			6.8397086103372	-2.15375439821684
			6.84278540233465	-2.15375439821684
			6.8458621943321	-2.15375439821684
			6.84893898632955	-2.15375439821684
			6.85201577832701	-2.15067760621939
			6.85509257032446	-2.15067760621939
			6.85816936232191	-2.15067760621939
			6.86124615431936	-2.15067760621939
			6.86432294631682	-2.15067760621939
			6.86739973831427	-2.14760081422194
			6.87047653031172	-2.14760081422194
			6.87355332230918	-2.14760081422194
			6.87663011430663	-2.14760081422194
			6.87970690630408	-2.14760081422194
			6.88278369830153	-2.14760081422194
			6.88586049029899	-2.14760081422194
			6.88893728229644	-2.14452402222448
			6.89201407429389	-2.14452402222448
			6.89509086629134	-2.14452402222448
			6.8981676582888	-2.14452402222448
			6.90124445028625	-2.14452402222448
			6.9043212422837	-2.14144723022703
			6.90739803428115	-2.14144723022703
			6.91047482627861	-2.14144723022703
			6.91355161827606	-2.14144723022703
			6.91662841027351	-2.14144723022703
			6.91970520227096	-2.14144723022703
			6.92278199426842	-2.14144723022703
			6.92585878626587	-2.13837043822958
			6.92893557826332	-2.13837043822958
			6.93201237026078	-2.13837043822958
			6.93508916225823	-2.13837043822958
			6.93816595425568	-2.13837043822958
			6.94124274625313	-2.13837043822958
			6.94431953825059	-2.13837043822958
			6.94739633024804	-2.13529364623213
			6.95047312224549	-2.13529364623213
			6.95354991424294	-2.13529364623213
			6.9566267062404	-2.13529364623213
			6.95970349823785	-2.13529364623213
			6.9627802902353	-2.13221685423467
			6.96585708223275	-2.13221685423467
			6.96893387423021	-2.13221685423467
			6.97201066622766	-2.13221685423467
			6.97508745822511	-2.13221685423467
			6.97816425022256	-2.12914006223722
			6.98124104222002	-2.12914006223722
			6.98431783421747	-2.12914006223722
			6.98739462621492	-2.12914006223722
			6.99047141821237	-2.12914006223722
			6.99354821020983	-2.12606327023977
			6.99662500220728	-2.12606327023977
			6.99970179420473	-2.12606327023977
			7.00277858620219	-2.12606327023977
			7.00585537819964	-2.12606327023977
			7.00893217019709	-2.12606327023977
			7.01200896219454	-2.12298647824231
			7.015085754192	-2.12298647824231
			7.01816254618945	-2.12298647824231
			7.0212393381869	-2.12298647824231
			7.02431613018435	-2.12298647824231
			7.02739292218181	-2.11990968624486
			7.03046971417926	-2.11990968624486
			7.03354650617671	-2.11990968624486
			7.03662329817416	-2.11990968624486
			7.03970009017162	-2.11990968624486
			7.04277688216907	-2.11990968624486
			7.04585367416652	-2.11683289424741
			7.04893046616397	-2.11683289424741
			7.05200725816143	-2.11683289424741
			7.05508405015888	-2.11683289424741
			7.05816084215633	-2.11683289424741
			7.06123763415379	-2.11375610224996
			7.06431442615124	-2.11375610224996
			7.06739121814869	-2.11375610224996
			7.07046801014614	-2.11375610224996
			7.0735448021436	-2.11375610224996
			7.07662159414105	-2.11375610224996
			7.0796983861385	-2.1106793102525
			7.08277517813595	-2.1106793102525
			7.08585197013341	-2.1106793102525
			7.08892876213086	-2.1106793102525
			7.09200555412831	-2.1106793102525
			7.09508234612576	-2.1106793102525
			7.09815913812322	-2.10760251825505
			7.10123593012067	-2.10760251825505
			7.10431272211812	-2.10760251825505
			7.10738951411557	-2.10760251825505
			7.11046630611303	-2.10760251825505
			7.11354309811048	-2.10760251825505
			7.11661989010793	-2.1045257262576
			7.11969668210538	-2.1045257262576
			7.12277347410284	-2.1045257262576
			7.12585026610029	-2.1045257262576
			7.12892705809774	-2.1045257262576
			7.1320038500952	-2.1045257262576
			7.13508064209265	-2.10144893426015
			7.1381574340901	-2.10144893426015
			7.14123422608755	-2.10144893426015
			7.14431101808501	-2.10144893426015
			7.14738781008246	-2.10144893426015
			7.15046460207991	-2.10144893426015
			7.15354139407736	-2.09837214226269
			7.15661818607482	-2.09837214226269
			7.15969497807227	-2.09837214226269
			7.16277177006972	-2.09837214226269
			7.16584856206717	-2.09837214226269
			7.16892535406463	-2.09837214226269
			7.17200214606208	-2.09529535026524
			7.17507893805953	-2.09529535026524
			7.17815573005698	-2.09529535026524
			7.18123252205444	-2.09529535026524
			7.18430931405189	-2.09529535026524
			7.18738610604934	-2.09529535026524
			7.1904628980468	-2.09529535026524
			7.19353969004425	-2.09221855826779
			7.1966164820417	-2.09221855826779
			7.19969327403915	-2.09221855826779
			7.20277006603661	-2.09221855826779
			7.20584685803406	-2.09221855826779
			7.20892365003151	-2.09221855826779
			7.21200044202896	-2.08914176627034
			7.21507723402642	-2.08914176627034
			7.21815402602387	-2.08914176627034
			7.22123081802132	-2.08914176627034
			7.22430761001877	-2.08914176627034
			7.22738440201623	-2.08914176627034
			7.23046119401368	-2.08914176627034
			7.23353798601113	-2.08606497427288
			7.23661477800858	-2.08606497427288
			7.23969157000604	-2.08606497427288
			7.24276836200349	-2.08606497427288
			7.24584515400094	-2.08606497427288
			7.2489219459984	-2.08606497427288
			7.25199873799585	-2.08606497427288
			7.2550755299933	-2.08298818227543
			7.25815232199075	-2.08298818227543
			7.26122911398821	-2.08298818227543
			7.26430590598566	-2.08298818227543
			7.26738269798311	-2.08298818227543
			7.27045948998056	-2.08298818227543
			7.27353628197802	-2.07991139027798
			7.27661307397547	-2.07991139027798
			7.27968986597292	-2.07991139027798
			7.28276665797037	-2.07991139027798
			7.28584344996783	-2.07991139027798
			7.28892024196528	-2.07991139027798
			7.29199703396273	-2.07991139027798
			7.29507382596019	-2.07991139027798
			7.29507382596019	-2.07683459828052
			7.29815061795764	-2.07683459828052
			7.30122740995509	-2.07683459828052
			7.30430420195254	-2.07683459828052
			7.30738099395	-2.07683459828052
			7.31045778594745	-2.07683459828052
			7.3135345779449	-2.07683459828052
			7.31661136994235	-2.07375780628307
			7.31968816193981	-2.07375780628307
			7.32276495393726	-2.07375780628307
			7.32584174593471	-2.07375780628307
			7.32891853793216	-2.07375780628307
			7.33199532992962	-2.07375780628307
			7.33507212192707	-2.07375780628307
			7.33814891392452	-2.07375780628307
			7.34122570592197	-2.07068101428562
			7.34430249791943	-2.07068101428562
			7.34737928991688	-2.07068101428562
			7.35045608191433	-2.07068101428562
			7.35353287391179	-2.07068101428562
			7.35660966590924	-2.07068101428562
			7.35968645790669	-2.07068101428562
			7.36276324990414	-2.07068101428562
			7.3658400419016	-2.06760422228817
			7.36891683389905	-2.06760422228817
			7.3719936258965	-2.06760422228817
			7.37507041789395	-2.06760422228817
			7.37814720989141	-2.06760422228817
			7.38122400188886	-2.06760422228817
			7.38430079388631	-2.06760422228817
			7.38737758588376	-2.06760422228817
			7.39045437788122	-2.06452743029071
			7.39353116987867	-2.06452743029071
			7.39660796187612	-2.06452743029071
			7.39968475387357	-2.06452743029071
			7.40276154587103	-2.06452743029071
			7.40583833786848	-2.06452743029071
			7.40891512986593	-2.06452743029071
			7.41199192186339	-2.06452743029071
			7.41506871386084	-2.06145063829326
			7.41814550585829	-2.06145063829326
			7.42122229785574	-2.06145063829326
			7.4242990898532	-2.06145063829326
			7.42737588185065	-2.06145063829326
			7.4304526738481	-2.06145063829326
			7.43352946584555	-2.06145063829326
			7.43660625784301	-2.06145063829326
			7.43968304984046	-2.06145063829326
			7.44275984183791	-2.05837384629581
			7.44583663383536	-2.05837384629581
			7.44891342583282	-2.05837384629581
			7.45199021783027	-2.05837384629581
			7.45506700982772	-2.05837384629581
			7.45814380182517	-2.05837384629581
			7.46122059382263	-2.05837384629581
			7.46429738582008	-2.05837384629581
			7.46737417781753	-2.05529705429836
			7.47045096981499	-2.05529705429836
			7.47352776181244	-2.05529705429836
			7.47660455380989	-2.05529705429836
			7.47968134580734	-2.05529705429836
			7.4827581378048	-2.05529705429836
			7.48583492980225	-2.05529705429836
			7.4889117217997	-2.05529705429836
			7.49198851379715	-2.05529705429836
			7.49506530579461	-2.05529705429836
			7.49506530579461	-2.0522202623009
			7.49814209779206	-2.0522202623009
			7.50121888978951	-2.0522202623009
			7.50429568178696	-2.0522202623009
			7.50737247378442	-2.0522202623009
			7.51044926578187	-2.0522202623009
			7.51352605777932	-2.0522202623009
			7.51660284977677	-2.0522202623009
			7.51967964177423	-2.0522202623009
			7.52275643377168	-2.0522202623009
			7.52583322576913	-2.04914347030345
			7.52891001776659	-2.04914347030345
			7.53198680976404	-2.04914347030345
			7.53506360176149	-2.04914347030345
			7.53814039375894	-2.04914347030345
			7.5412171857564	-2.04914347030345
			7.54429397775385	-2.04914347030345
			7.5473707697513	-2.04914347030345
			7.55044756174875	-2.04914347030345
			7.55352435374621	-2.04914347030345
			7.55660114574366	-2.046066678306
			7.55967793774111	-2.046066678306
			7.56275472973856	-2.046066678306
			7.56583152173602	-2.046066678306
			7.56890831373347	-2.046066678306
			7.57198510573092	-2.046066678306
			7.57506189772837	-2.046066678306
			7.57813868972583	-2.046066678306
			7.58121548172328	-2.046066678306
			7.58429227372073	-2.046066678306
			7.58736906571819	-2.046066678306
			7.59044585771564	-2.04298988630855
			7.59352264971309	-2.04298988630855
			7.59659944171054	-2.04298988630855
			7.599676233708	-2.04298988630855
			7.60275302570545	-2.04298988630855
			7.6058298177029	-2.04298988630855
			7.60890660970035	-2.04298988630855
			7.61198340169781	-2.04298988630855
			7.61506019369526	-2.04298988630855
			7.61813698569271	-2.04298988630855
			7.62121377769016	-2.04298988630855
			7.62429056968762	-2.04298988630855
			7.62736736168507	-2.03991309431109
			7.63044415368252	-2.03991309431109
			7.63352094567997	-2.03991309431109
			7.63659773767743	-2.03991309431109
			7.63967452967488	-2.03991309431109
			7.64275132167233	-2.03991309431109
			7.64582811366978	-2.03991309431109
			7.64890490566724	-2.03991309431109
			7.65198169766469	-2.03991309431109
			7.65505848966214	-2.03991309431109
			7.6581352816596	-2.03991309431109
			7.66121207365705	-2.03991309431109
			7.6642888656545	-2.03991309431109
			7.66736565765195	-2.03683630231364
			7.67044244964941	-2.03683630231364
			7.67351924164686	-2.03683630231364
			7.67659603364431	-2.03683630231364
			7.67967282564176	-2.03683630231364
			7.68274961763922	-2.03683630231364
			7.68582640963667	-2.03683630231364
			7.68890320163412	-2.03683630231364
			7.69197999363157	-2.03683630231364
			7.69505678562903	-2.03683630231364
			7.69813357762648	-2.03683630231364
			7.70121036962393	-2.03683630231364
			7.70428716162138	-2.03683630231364
			7.70736395361884	-2.03683630231364
			7.71044074561629	-2.03683630231364
			7.71351753761374	-2.03375951031619
			7.7165943296112	-2.03375951031619
			7.71967112160865	-2.03375951031619
			7.7227479136061	-2.03375951031619
			7.72582470560355	-2.03375951031619
			7.72890149760101	-2.03375951031619
			7.73197828959846	-2.03375951031619
			7.73505508159591	-2.03375951031619
			7.73813187359336	-2.03375951031619
			7.74120866559082	-2.03375951031619
			7.74428545758827	-2.03375951031619
			7.74736224958572	-2.03375951031619
			7.75043904158317	-2.03375951031619
			7.75351583358063	-2.03375951031619
			7.75659262557808	-2.03375951031619
			7.75966941757553	-2.03375951031619
			7.76274620957298	-2.03375951031619
			7.76582300157044	-2.03068271831874
			7.76889979356789	-2.03068271831874
			7.77197658556534	-2.03068271831874
			7.7750533775628	-2.03068271831874
			7.77813016956025	-2.03068271831874
			7.7812069615577	-2.03068271831874
			7.78428375355515	-2.03068271831874
			7.78736054555261	-2.03068271831874
			7.79043733755006	-2.03068271831874
			7.79351412954751	-2.03068271831874
			7.79659092154496	-2.03068271831874
			7.79966771354242	-2.03068271831874
			7.80274450553987	-2.03068271831874
			7.80582129753732	-2.03068271831874
			7.80889808953477	-2.03068271831874
			7.81197488153223	-2.03068271831874
			7.81505167352968	-2.03068271831874
			7.81812846552713	-2.03068271831874
			7.82120525752458	-2.03068271831874
			7.82428204952204	-2.03068271831874
			7.82735884151949	-2.02760592632128
			7.83043563351694	-2.02760592632128
			7.8335124255144	-2.02760592632128
			7.83658921751185	-2.02760592632128
			7.8396660095093	-2.02760592632128
			7.84274280150675	-2.02760592632128
			7.84581959350421	-2.02760592632128
			7.84889638550166	-2.02760592632128
			7.85197317749911	-2.02760592632128
			7.85504996949656	-2.02760592632128
			7.85812676149402	-2.02760592632128
			7.86120355349147	-2.02760592632128
			7.86428034548892	-2.02760592632128
		</body_ant>
		<body_post type=matrix rownames=FALSE colnames=FALSE nrow=729 ncol=2 as.numeric=TRUE >
			8.76270360874509	-2.23067419815316
			8.76578040074254	-2.23067419815316
			8.76885719274	-2.23067419815316
			8.77193398473745	-2.23067419815316
			8.7750107767349	-2.23375099015061
			8.77808756873235	-2.23375099015061
			8.78116436072981	-2.23375099015061
			8.78424115272726	-2.23375099015061
			8.78731794472471	-2.23375099015061
			8.79039473672216	-2.23375099015061
			8.79347152871962	-2.23375099015061
			8.79654832071707	-2.23682778214806
			8.79962511271452	-2.23682778214806
			8.80270190471197	-2.23682778214806
			8.80577869670943	-2.23682778214806
			8.80885548870688	-2.23682778214806
			8.81193228070433	-2.23682778214806
			8.81500907270178	-2.23682778214806
			8.81808586469924	-2.23990457414551
			8.82116265669669	-2.23990457414551
			8.82423944869414	-2.23990457414551
			8.82731624069159	-2.23990457414551
			8.83039303268905	-2.23990457414551
			8.8334698246865	-2.23990457414551
			8.83654661668395	-2.23990457414551
			8.8396234086814	-2.24298136614297
			8.84270020067886	-2.24298136614297
			8.84577699267631	-2.24298136614297
			8.84885378467376	-2.24298136614297
			8.85193057667122	-2.24298136614297
			8.85500736866867	-2.24298136614297
			8.85808416066612	-2.24298136614297
			8.86116095266357	-2.24298136614297
			8.86423774466103	-2.24605815814042
			8.86731453665848	-2.24605815814042
			8.87039132865593	-2.24605815814042
			8.87346812065338	-2.24605815814042
			8.87654491265084	-2.24605815814042
			8.87962170464829	-2.24605815814042
			8.88269849664574	-2.24605815814042
			8.8857752886432	-2.24913495013787
			8.88885208064065	-2.24913495013787
			8.8919288726381	-2.24913495013787
			8.89500566463555	-2.24913495013787
			8.89808245663301	-2.24913495013787
			8.90115924863046	-2.24913495013787
			8.90423604062791	-2.24913495013787
			8.90731283262536	-2.24913495013787
			8.91038962462282	-2.25221174213533
			8.91346641662027	-2.25221174213533
			8.91654320861772	-2.25221174213533
			8.91962000061517	-2.25221174213533
			8.92269679261263	-2.25221174213533
			8.92577358461008	-2.25221174213533
			8.92885037660753	-2.25221174213533
			8.93192716860498	-2.25221174213533
			8.93500396060244	-2.25528853413278
			8.93808075259989	-2.25528853413278
			8.94115754459734	-2.25528853413278
			8.94423433659479	-2.25528853413278
			8.94731112859225	-2.25528853413278
			8.9503879205897	-2.25528853413278
			8.95346471258715	-2.25528853413278
			8.9565415045846	-2.25528853413278
			8.95961829658206	-2.25836532613023
			8.96269508857951	-2.25836532613023
			8.96577188057696	-2.25836532613023
			8.96884867257442	-2.25836532613023
			8.97192546457187	-2.25836532613023
			8.97500225656932	-2.25836532613023
			8.97807904856677	-2.25836532613023
			8.98115584056423	-2.25836532613023
			8.98423263256168	-2.26144211812768
			8.98730942455913	-2.26144211812768
			8.99038621655658	-2.26144211812768
			8.99346300855404	-2.26144211812768
			8.99653980055149	-2.26144211812768
			8.99961659254894	-2.26144211812768
			9.0026933845464	-2.26144211812768
			9.00577017654385	-2.26144211812768
			9.00577017654385	-2.26451891012514
			9.0088469685413	-2.26451891012514
			9.01192376053875	-2.26451891012514
			9.01500055253621	-2.26451891012514
			9.01807734453366	-2.26451891012514
			9.02115413653111	-2.26451891012514
			9.02423092852856	-2.26451891012514
			9.02730772052602	-2.26451891012514
			9.03038451252347	-2.26451891012514
			9.03346130452092	-2.26759570212259
			9.03653809651837	-2.26759570212259
			9.03961488851583	-2.26759570212259
			9.04269168051328	-2.26759570212259
			9.04576847251073	-2.26759570212259
			9.04884526450818	-2.26759570212259
			9.05192205650564	-2.26759570212259
			9.05499884850309	-2.26759570212259
			9.05807564050054	-2.27067249412004
			9.06115243249799	-2.27067249412004
			9.06422922449545	-2.27067249412004
			9.0673060164929	-2.27067249412004
			9.07038280849035	-2.27067249412004
			9.0734596004878	-2.27067249412004
			9.07653639248526	-2.27067249412004
			9.07961318448271	-2.27067249412004
			9.08268997648016	-2.27067249412004
			9.08576676847762	-2.27374928611749
			9.08884356047507	-2.27374928611749
			9.09192035247252	-2.27374928611749
			9.09499714446997	-2.27374928611749
			9.09807393646743	-2.27374928611749
			9.10115072846488	-2.27374928611749
			9.10422752046233	-2.27374928611749
			9.10730431245978	-2.27374928611749
			9.11038110445724	-2.27374928611749
			9.11345789645469	-2.27682607811495
			9.11653468845214	-2.27682607811495
			9.11961148044959	-2.27682607811495
			9.12268827244705	-2.27682607811495
			9.1257650644445	-2.27682607811495
			9.12884185644195	-2.27682607811495
			9.13191864843941	-2.27682607811495
			9.13499544043686	-2.27682607811495
			9.13807223243431	-2.27682607811495
			9.14114902443176	-2.2799028701124
			9.14422581642922	-2.2799028701124
			9.14730260842667	-2.2799028701124
			9.15037940042412	-2.2799028701124
			9.15345619242157	-2.2799028701124
			9.15653298441903	-2.2799028701124
			9.15960977641648	-2.2799028701124
			9.16268656841393	-2.2799028701124
			9.16576336041138	-2.2799028701124
			9.16884015240884	-2.2799028701124
			9.17191694440629	-2.28297966210985
			9.17499373640374	-2.28297966210985
			9.17807052840119	-2.28297966210985
			9.18114732039865	-2.28297966210985
			9.1842241123961	-2.28297966210985
			9.18730090439355	-2.28297966210985
			9.19037769639101	-2.28297966210985
			9.19345448838846	-2.28297966210985
			9.19653128038591	-2.28297966210985
			9.19960807238336	-2.28297966210985
			9.20268486438082	-2.2860564541073
			9.20576165637827	-2.2860564541073
			9.20883844837572	-2.2860564541073
			9.21191524037317	-2.2860564541073
			9.21499203237063	-2.2860564541073
			9.21806882436808	-2.2860564541073
			9.22114561636553	-2.2860564541073
			9.22422240836298	-2.2860564541073
			9.22729920036044	-2.2860564541073
			9.23037599235789	-2.28913324610476
			9.23345278435534	-2.28913324610476
			9.23652957635279	-2.28913324610476
			9.23960636835025	-2.28913324610476
			9.2426831603477	-2.28913324610476
			9.24575995234515	-2.28913324610476
			9.2488367443426	-2.28913324610476
			9.25191353634006	-2.28913324610476
			9.25499032833751	-2.28913324610476
			9.25806712033496	-2.28913324610476
			9.26114391233242	-2.29221003810221
			9.26422070432987	-2.29221003810221
			9.26729749632732	-2.29221003810221
			9.27037428832477	-2.29221003810221
			9.27345108032223	-2.29221003810221
			9.27652787231968	-2.29221003810221
			9.27960466431713	-2.29221003810221
			9.28268145631458	-2.29221003810221
			9.28575824831204	-2.29221003810221
			9.28883504030949	-2.29221003810221
			9.29191183230694	-2.29221003810221
			9.29498862430439	-2.29528683009966
			9.29806541630185	-2.29528683009966
			9.3011422082993	-2.29528683009966
			9.30421900029675	-2.29528683009966
			9.30729579229421	-2.29528683009966
			9.31037258429166	-2.29528683009966
			9.31344937628911	-2.29528683009966
			9.31652616828656	-2.29528683009966
			9.31960296028402	-2.29528683009966
			9.32267975228147	-2.29528683009966
			9.32575654427892	-2.29528683009966
			9.32883333627637	-2.29836362209711
			9.33191012827383	-2.29836362209711
			9.33498692027128	-2.29836362209711
			9.33806371226873	-2.29836362209711
			9.34114050426618	-2.29836362209711
			9.34421729626364	-2.29836362209711
			9.34729408826109	-2.29836362209711
			9.35037088025854	-2.29836362209711
			9.35344767225599	-2.29836362209711
			9.35652446425345	-2.29836362209711
			9.3596012562509	-2.29836362209711
			9.36267804824835	-2.29836362209711
			9.3657548402458	-2.30144041409457
			9.36883163224326	-2.30144041409457
			9.37190842424071	-2.30144041409457
			9.37498521623816	-2.30144041409457
			9.37806200823561	-2.30144041409457
			9.38113880023307	-2.30144041409457
			9.38421559223052	-2.30144041409457
			9.38729238422797	-2.30144041409457
			9.39036917622543	-2.30144041409457
			9.39344596822288	-2.30144041409457
			9.39652276022033	-2.30144041409457
			9.39959955221778	-2.30144041409457
			9.40267634421524	-2.30144041409457
			9.40575313621269	-2.30451720609202
			9.40882992821014	-2.30451720609202
			9.4119067202076	-2.30451720609202
			9.41498351220505	-2.30451720609202
			9.4180603042025	-2.30451720609202
			9.42113709619995	-2.30451720609202
			9.42421388819741	-2.30451720609202
			9.42729068019486	-2.30451720609202
			9.43036747219231	-2.30451720609202
			9.43344426418976	-2.30451720609202
			9.43652105618722	-2.30451720609202
			9.43959784818467	-2.30451720609202
			9.44267464018212	-2.30451720609202
			9.44267464018212	-2.30759399808947
			9.44575143217957	-2.30759399808947
			9.44882822417703	-2.30759399808947
			9.45190501617448	-2.30759399808947
			9.45498180817193	-2.30759399808947
			9.45805860016938	-2.30759399808947
			9.46113539216684	-2.30759399808947
			9.46421218416429	-2.30759399808947
			9.46728897616174	-2.30759399808947
			9.47036576815919	-2.30759399808947
			9.47344256015665	-2.30759399808947
			9.4765193521541	-2.30759399808947
			9.47959614415155	-2.30759399808947
			9.482672936149	-2.30759399808947
			9.48574972814646	-2.31067079008692
			9.48882652014391	-2.31067079008692
			9.49190331214136	-2.31067079008692
			9.49498010413881	-2.31067079008692
			9.49805689613627	-2.31067079008692
			9.50113368813372	-2.31067079008692
			9.50421048013117	-2.31067079008692
			9.50728727212863	-2.31067079008692
			9.51036406412608	-2.31067079008692
			9.51344085612353	-2.31067079008692
			9.51651764812098	-2.31067079008692
			9.51959444011844	-2.31067079008692
			9.52267123211589	-2.31067079008692
			9.52574802411334	-2.31067079008692
			9.5288248161108	-2.31067079008692
			9.53190160810825	-2.31374758208438
			9.5349784001057	-2.31374758208438
			9.53805519210315	-2.31374758208438
			9.54113198410061	-2.31374758208438
			9.54420877609806	-2.31374758208438
			9.54728556809551	-2.31374758208438
			9.55036236009296	-2.31374758208438
			9.55343915209042	-2.31374758208438
			9.55651594408787	-2.31374758208438
			9.55959273608532	-2.31374758208438
			9.56266952808277	-2.31374758208438
			9.56574632008023	-2.31374758208438
			9.56882311207768	-2.31374758208438
			9.57189990407513	-2.31374758208438
			9.57497669607258	-2.31374758208438
			9.57805348807004	-2.31374758208438
			9.58113028006749	-2.31374758208438
			9.58420707206494	-2.31682437408183
			9.58728386406239	-2.31682437408183
			9.59036065605985	-2.31682437408183
			9.5934374480573	-2.31682437408183
			9.59651424005475	-2.31682437408183
			9.5995910320522	-2.31682437408183
			9.60266782404966	-2.31682437408183
			9.60574461604711	-2.31682437408183
			9.60882140804456	-2.31682437408183
			9.61189820004202	-2.31682437408183
			9.61497499203947	-2.31682437408183
			9.61805178403692	-2.31682437408183
			9.62112857603437	-2.31682437408183
			9.62420536803183	-2.31682437408183
			9.62728216002928	-2.31682437408183
			9.63035895202673	-2.31682437408183
			9.63343574402418	-2.31682437408183
			9.63651253602164	-2.31682437408183
			9.63958932801909	-2.31682437408183
			9.64266612001654	-2.31990116607928
			9.64574291201399	-2.31990116607928
			9.64881970401145	-2.31990116607928
			9.6518964960089	-2.31990116607928
			9.65497328800635	-2.31990116607928
			9.65805008000381	-2.31990116607928
			9.66112687200126	-2.31990116607928
			9.66420366399871	-2.31990116607928
			9.66728045599616	-2.31990116607928
			9.67035724799362	-2.31990116607928
			9.67343403999107	-2.31990116607928
			9.67651083198852	-2.31990116607928
			9.67958762398597	-2.31990116607928
			9.68266441598343	-2.31990116607928
			9.68574120798088	-2.31990116607928
			9.68881799997833	-2.31990116607928
			9.69189479197578	-2.31990116607928
			9.69497158397324	-2.31990116607928
			9.69804837597069	-2.31990116607928
			9.70112516796814	-2.31990116607928
			9.70420195996559	-2.31990116607928
			9.70727875196305	-2.31990116607928
			9.7103555439605	-2.32297795807674
			9.71343233595795	-2.32297795807674
			9.7165091279554	-2.32297795807674
			9.71958591995286	-2.32297795807674
			9.72266271195031	-2.32297795807674
			9.72573950394776	-2.32297795807674
			9.72881629594522	-2.32297795807674
			9.73189308794267	-2.32297795807674
			9.73496987994012	-2.32297795807674
			9.73804667193757	-2.32297795807674
			9.74112346393503	-2.32297795807674
			9.74420025593248	-2.32297795807674
			9.74727704792993	-2.32297795807674
			9.75035383992738	-2.32297795807674
			9.75343063192484	-2.32297795807674
			9.75650742392229	-2.32297795807674
			9.75958421591974	-2.32297795807674
			9.76266100791719	-2.32297795807674
			9.76573779991465	-2.32297795807674
			9.7688145919121	-2.32297795807674
			9.77189138390955	-2.32297795807674
			9.774968175907	-2.32297795807674
			9.77804496790446	-2.32297795807674
			9.78112175990191	-2.32297795807674
			9.78419855189936	-2.32297795807674
			9.78727534389682	-2.32297795807674
			9.79035213589427	-2.32297795807674
			9.79342892789172	-2.32297795807674
			9.79650571988917	-2.32297795807674
			9.79958251188663	-2.32297795807674
			9.80265930388408	-2.32605475007419
			9.80573609588153	-2.32605475007419
			9.80881288787898	-2.32605475007419
			9.81188967987644	-2.32605475007419
			9.81496647187389	-2.32605475007419
			9.81804326387134	-2.32605475007419
			9.82112005586879	-2.32605475007419
			9.82419684786625	-2.32605475007419
			9.8272736398637	-2.32605475007419
			9.83035043186115	-2.32605475007419
			9.8334272238586	-2.32605475007419
			9.83650401585606	-2.32605475007419
			9.83958080785351	-2.32605475007419
			9.84265759985096	-2.32605475007419
			9.84573439184842	-2.32605475007419
			9.84881118384587	-2.32605475007419
			9.85188797584332	-2.32605475007419
			9.85496476784077	-2.32605475007419
			9.85804155983823	-2.32605475007419
			9.86111835183568	-2.32605475007419
			9.86419514383313	-2.32605475007419
			9.86727193583058	-2.32605475007419
			9.87034872782804	-2.32605475007419
			9.87342551982549	-2.32605475007419
			9.87650231182294	-2.32605475007419
			9.87957910382039	-2.32605475007419
			9.88265589581785	-2.32605475007419
			9.8857326878153	-2.32605475007419
			9.88880947981275	-2.32605475007419
			9.8918862718102	-2.32605475007419
			9.89496306380766	-2.32605475007419
			9.89803985580511	-2.32605475007419
			9.90111664780256	-2.32605475007419
			9.90419343980001	-2.32605475007419
			9.90727023179747	-2.32605475007419
			9.91034702379492	-2.32605475007419
			9.91342381579237	-2.32605475007419
			9.91650060778983	-2.32605475007419
			9.91957739978728	-2.32605475007419
			9.92265419178473	-2.32605475007419
			9.92573098378218	-2.32605475007419
			9.92880777577964	-2.32605475007419
			9.93188456777709	-2.32605475007419
			9.93496135977454	-2.32605475007419
			9.93803815177199	-2.32605475007419
			9.94111494376945	-2.32605475007419
			9.9441917357669	-2.32605475007419
			9.94726852776435	-2.32605475007419
			9.95034531976181	-2.32605475007419
			9.95342211175926	-2.32605475007419
			9.95649890375671	-2.32605475007419
			9.95957569575416	-2.32605475007419
			9.96265248775162	-2.32605475007419
			9.96572927974907	-2.32605475007419
			9.96880607174652	-2.32605475007419
			9.97188286374397	-2.32605475007419
			9.97495965574143	-2.32605475007419
			9.97803644773888	-2.32605475007419
			9.98111323973633	-2.32605475007419
			9.98419003173378	-2.32605475007419
			9.98726682373124	-2.32605475007419
			9.99034361572869	-2.32605475007419
			9.99342040772614	-2.32605475007419
			9.99649719972359	-2.32605475007419
			9.99957399172105	-2.32605475007419
			10.0026507837185	-2.32605475007419
			10.005727575716	-2.32605475007419
			10.0088043677134	-2.32605475007419
			10.0118811597109	-2.32605475007419
			10.0149579517083	-2.32605475007419
			10.0180347437058	-2.32605475007419
			10.0211115357032	-2.32605475007419
			10.0241883277007	-2.32605475007419
			10.0272651196981	-2.32605475007419
			10.0303419116956	-2.32605475007419
			10.033418703693	-2.32605475007419
			10.0364954956905	-2.32605475007419
			10.0395722876879	-2.32605475007419
			10.0426490796854	-2.32605475007419
			10.0457258716828	-2.32605475007419
			10.0488026636803	-2.32605475007419
			10.0518794556777	-2.32605475007419
			10.0549562476752	-2.32605475007419
			10.0580330396726	-2.32605475007419
			10.0611098316701	-2.32605475007419
			10.0641866236676	-2.32605475007419
			10.067263415665	-2.32605475007419
			10.0703402076625	-2.32605475007419
			10.0734169996599	-2.32605475007419
			10.0764937916574	-2.32605475007419
			10.0795705836548	-2.32605475007419
			10.0826473756523	-2.32605475007419
			10.0857241676497	-2.32605475007419
			10.0888009596472	-2.32605475007419
			10.0918777516446	-2.32605475007419
			10.0949545436421	-2.32605475007419
			10.0980313356395	-2.32605475007419
			10.101108127637	-2.32605475007419
			10.1041849196344	-2.32605475007419
			10.1072617116319	-2.32605475007419
			10.1103385036293	-2.32605475007419
			10.1134152956268	-2.32605475007419
			10.1164920876242	-2.32605475007419
			10.1195688796217	-2.32605475007419
			10.1226456716192	-2.32605475007419
			10.1257224636166	-2.32605475007419
			10.1287992556141	-2.32297795807674
			10.1318760476115	-2.32297795807674
			10.134952839609	-2.32297795807674
			10.1380296316064	-2.32297795807674
			10.1411064236039	-2.32297795807674
			10.1441832156013	-2.32297795807674
			10.1472600075988	-2.32297795807674
			10.1503367995962	-2.32297795807674
			10.1534135915937	-2.32297795807674
			10.1564903835911	-2.32297795807674
			10.1595671755886	-2.32297795807674
			10.162643967586	-2.32297795807674
			10.1657207595835	-2.32297795807674
			10.1687975515809	-2.32297795807674
			10.1718743435784	-2.32297795807674
			10.1749511355758	-2.32297795807674
			10.1780279275733	-2.32297795807674
			10.1811047195708	-2.32297795807674
			10.1841815115682	-2.32297795807674
			10.1872583035657	-2.32297795807674
			10.1903350955631	-2.32297795807674
			10.1934118875606	-2.32297795807674
			10.196488679558	-2.32297795807674
			10.1995654715555	-2.32297795807674
			10.2026422635529	-2.32297795807674
			10.2057190555504	-2.32297795807674
			10.2087958475478	-2.32297795807674
			10.2118726395453	-2.32297795807674
			10.2149494315427	-2.31990116607928
			10.2180262235402	-2.31990116607928
			10.2211030155376	-2.31990116607928
			10.2241798075351	-2.31990116607928
			10.2272565995325	-2.31990116607928
			10.23033339153	-2.31990116607928
			10.2334101835274	-2.31990116607928
			10.2364869755249	-2.31990116607928
			10.2395637675224	-2.31990116607928
			10.2426405595198	-2.31990116607928
			10.2457173515173	-2.31990116607928
			10.2487941435147	-2.31990116607928
			10.2518709355122	-2.31990116607928
			10.2549477275096	-2.31990116607928
			10.2580245195071	-2.31990116607928
			10.2611013115045	-2.31990116607928
			10.264178103502	-2.31990116607928
			10.2672548954994	-2.31990116607928
			10.2703316874969	-2.31990116607928
			10.2734084794943	-2.31682437408183
			10.2764852714918	-2.31682437408183
			10.2795620634892	-2.31682437408183
			10.2826388554867	-2.31682437408183
			10.2857156474841	-2.31682437408183
			10.2887924394816	-2.31682437408183
			10.291869231479	-2.31682437408183
			10.2949460234765	-2.31682437408183
			10.298022815474	-2.31682437408183
			10.3010996074714	-2.31682437408183
			10.3041763994689	-2.31682437408183
			10.3072531914663	-2.31682437408183
			10.3103299834638	-2.31682437408183
			10.3134067754612	-2.31682437408183
			10.3164835674587	-2.31682437408183
			10.3195603594561	-2.31682437408183
			10.3226371514536	-2.31374758208438
			10.325713943451	-2.31374758208438
			10.3287907354485	-2.31374758208438
			10.3318675274459	-2.31374758208438
			10.3349443194434	-2.31374758208438
			10.3380211114408	-2.31374758208438
			10.3410979034383	-2.31374758208438
			10.3441746954357	-2.31374758208438
			10.3472514874332	-2.31374758208438
			10.3503282794306	-2.31374758208438
			10.3534050714281	-2.31374758208438
			10.3564818634256	-2.31374758208438
			10.359558655423	-2.31374758208438
			10.3626354474205	-2.31374758208438
			10.3657122394179	-2.31067079008692
			10.3687890314154	-2.31067079008692
			10.3718658234128	-2.31067079008692
			10.3749426154103	-2.31067079008692
			10.3780194074077	-2.31067079008692
			10.3810961994052	-2.31067079008692
			10.3841729914026	-2.31067079008692
			10.3872497834001	-2.31067079008692
			10.3903265753975	-2.31067079008692
			10.393403367395	-2.31067079008692
			10.3964801593924	-2.31067079008692
			10.3995569513899	-2.31067079008692
			10.4026337433873	-2.31067079008692
			10.4057105353848	-2.31067079008692
			10.4087873273822	-2.31067079008692
			10.4118641193797	-2.31067079008692
			10.4149409113772	-2.31067079008692
			10.4180177033746	-2.31067079008692
			10.4210944953721	-2.31067079008692
			10.4241712873695	-2.31067079008692
			10.427248079367	-2.31067079008692
			10.4303248713644	-2.31067079008692
			10.4334016633619	-2.31067079008692
			10.4364784553593	-2.31067079008692
			10.4395552473568	-2.31067079008692
			10.4426320393542	-2.31067079008692
			10.4457088313517	-2.31067079008692
			10.4487856233491	-2.31067079008692
			10.4518624153466	-2.31067079008692
			10.454939207344	-2.31067079008692
			10.4580159993415	-2.31067079008692
			10.4610927913389	-2.31067079008692
			10.4641695833364	-2.31067079008692
			10.4672463753338	-2.30759399808947
			10.4703231673313	-2.30759399808947
			10.4733999593288	-2.30759399808947
			10.4764767513262	-2.30759399808947
			10.4795535433237	-2.30759399808947
			10.4826303353211	-2.30759399808947
			10.4857071273186	-2.30759399808947
			10.488783919316	-2.30759399808947
			10.4918607113135	-2.30759399808947
			10.4949375033109	-2.30759399808947
			10.4980142953084	-2.30759399808947
			10.5010910873058	-2.30759399808947
			10.5041678793033	-2.30759399808947
			10.5041678793033	-2.30451720609202
			10.5072446713007	-2.30451720609202
			10.5103214632982	-2.30451720609202
			10.5133982552956	-2.30451720609202
			10.5164750472931	-2.30451720609202
			10.5195518392905	-2.30451720609202
			10.522628631288	-2.30451720609202
			10.5257054232854	-2.30451720609202
			10.5287822152829	-2.30451720609202
			10.5318590072804	-2.30451720609202
			10.5349357992778	-2.30144041409457
			10.5380125912753	-2.30144041409457
			10.5410893832727	-2.30144041409457
			10.5441661752702	-2.30144041409457
			10.5472429672676	-2.30144041409457
			10.5503197592651	-2.30144041409457
			10.5533965512625	-2.30144041409457
			10.55647334326	-2.29836362209711
			10.5595501352574	-2.29836362209711
			10.5626269272549	-2.29836362209711
			10.5657037192523	-2.29836362209711
			10.5687805112498	-2.29836362209711
			10.5718573032472	-2.29836362209711
			10.5749340952447	-2.29836362209711
			10.5780108872421	-2.29836362209711
			10.5810876792396	-2.29528683009966
			10.584164471237	-2.29528683009966
			10.5872412632345	-2.29528683009966
			10.590318055232	-2.29528683009966
			10.5933948472294	-2.29528683009966
			10.5964716392269	-2.29528683009966
			10.5995484312243	-2.29221003810221
			10.6026252232218	-2.29221003810221
			10.6057020152192	-2.29221003810221
			10.6087788072167	-2.29221003810221
			10.6118555992141	-2.29221003810221
			10.6149323912116	-2.29221003810221
			10.6149323912116	-2.28913324610476
			10.618009183209	-2.28913324610476
			10.6210859752065	-2.28913324610476
			10.6241627672039	-2.28913324610476
			10.6272395592014	-2.28913324610476
			10.6303163511988	-2.28913324610476
			10.6333931431963	-2.2860564541073
			10.6364699351937	-2.2860564541073
			10.6395467271912	-2.2860564541073
			10.6426235191886	-2.2860564541073
			10.6457003111861	-2.2860564541073
			10.6487771031836	-2.2860564541073
			10.651853895181	-2.28297966210985
			10.6549306871785	-2.28297966210985
			10.6580074791759	-2.28297966210985
			10.6610842711734	-2.28297966210985
			10.6641610631708	-2.28297966210985
			10.6672378551683	-2.2799028701124
			10.6703146471657	-2.2799028701124
			10.6733914391632	-2.2799028701124
			10.6764682311606	-2.2799028701124
			10.6795450231581	-2.27682607811495
			10.6826218151555	-2.27682607811495
			10.685698607153	-2.27682607811495
			10.6887753991504	-2.27682607811495
			10.6918521911479	-2.27682607811495
			10.6949289831453	-2.27374928611749
			10.6980057751428	-2.27374928611749
			10.7010825671402	-2.27374928611749
			10.7041593591377	-2.27374928611749
			10.7072361511352	-2.27067249412004
			10.7103129431326	-2.27067249412004
			10.7133897351301	-2.27067249412004
			10.7164665271275	-2.27067249412004
			10.719543319125	-2.26759570212259
			10.7226201111224	-2.26759570212259
			10.7256969031199	-2.26759570212259
			10.7287736951173	-2.26759570212259
			10.7318504871148	-2.26451891012514
			10.7349272791122	-2.26451891012514
			10.7380040711097	-2.26451891012514
			10.7410808631071	-2.26451891012514
			10.7441576551046	-2.26451891012514
			10.7441576551046	-2.26144211812768
			10.747234447102	-2.26144211812768
			10.7503112390995	-2.26144211812768
			10.7533880310969	-2.26144211812768
			10.7564648230944	-2.26144211812768
			10.7564648230944	-2.25836532613023
			10.7595416150918	-2.25836532613023
			10.7626184070893	-2.25836532613023
			10.7656951990868	-2.25836532613023
			10.7687719910842	-2.25528853413278
			10.7718487830817	-2.25528853413278
			10.7749255750791	-2.25528853413278
			10.7780023670766	-2.25528853413278
			10.781079159074	-2.25221174213533
			10.7841559510715	-2.25221174213533
			10.7872327430689	-2.25221174213533
			10.7903095350664	-2.25221174213533
			10.7933863270638	-2.24913495013787
			10.7964631190613	-2.24913495013787
			10.7995399110587	-2.24913495013787
			10.8026167030562	-2.24913495013787
			10.8056934950536	-2.24605815814042
			10.8087702870511	-2.24605815814042
			10.8118470790485	-2.24605815814042
			10.814923871046	-2.24298136614297
			10.8180006630434	-2.24298136614297
			10.8210774550409	-2.24298136614297
			10.8241542470384	-2.24298136614297
			10.8272310390358	-2.23990457414551
			10.8303078310333	-2.23990457414551
			10.8333846230307	-2.23990457414551
			10.8364614150282	-2.23682778214806
			10.8395382070256	-2.23682778214806
			10.8426149990231	-2.23682778214806
			10.8456917910205	-2.23375099015061
			10.848768583018	-2.23375099015061
			10.8518453750154	-2.23375099015061
			10.8549221670129	-2.23375099015061
			10.8579989590103	-2.23067419815316
			10.8610757510078	-2.23067419815316
			10.8641525430052	-2.23067419815316
			10.8672293350027	-2.2275974061557
			10.8703061270001	-2.2275974061557
			10.8733829189976	-2.2275974061557
			10.876459710995	-2.22452061415825
			10.8795365029925	-2.22452061415825
			10.88261329499	-2.22452061415825
			10.8856900869874	-2.2214438221608
			10.8887668789849	-2.2214438221608
			10.8918436709823	-2.2214438221608
			10.8949204629798	-2.21836703016335
			10.8979972549772	-2.21836703016335
			10.9010740469747	-2.21836703016335
			10.9041508389721	-2.21836703016335
			10.9072276309696	-2.21529023816589
			10.910304422967	-2.21529023816589
			10.9133812149645	-2.21529023816589
			10.9164580069619	-2.21221344616844
			10.9195347989594	-2.21221344616844
			10.9226115909568	-2.21221344616844
			10.9256883829543	-2.20913665417099
			10.9287651749517	-2.20913665417099
			10.9318419669492	-2.20913665417099
			10.9349187589466	-2.20605986217354
			10.9379955509441	-2.20605986217354
			10.9410723429416	-2.20605986217354
			10.944149134939	-2.20605986217354
			10.9472259269365	-2.20298307017608
			10.9503027189339	-2.20298307017608
			10.9533795109314	-2.19990627817863
			10.9564563029288	-2.19990627817863
			10.9595330949263	-2.19990627817863
			10.9626098869237	-2.19682948618118
			10.9656866789212	-2.19682948618118
			10.9687634709186	-2.19682948618118
			10.9718402629161	-2.19375269418373
			10.9749170549135	-2.19375269418373
			10.977993846911	-2.19375269418373
			10.9810706389084	-2.19067590218627
			10.9841474309059	-2.19067590218627
		</body_post>
		<opercle type=matrix rownames=FALSE colnames=FALSE nrow=235 ncol=2 as.numeric=TRUE >
			6.47664715463779	-3.09525274943735
			6.47972394663524	-3.09217595743989
			6.47972394663524	-3.08909916544244
			6.48280073863269	-3.08602237344499
			6.48280073863269	-3.08294558144754
			6.48587753063014	-3.07986878945008
			6.48587753063014	-3.07679199745263
			6.4889543226276	-3.07371520545518
			6.4889543226276	-3.07063841345772
			6.49203111462505	-3.06756162146027
			6.49203111462505	-3.06448482946282
			6.4951079066225	-3.06140803746537
			6.4951079066225	-3.05833124546791
			6.49818469861995	-3.05525445347046
			6.49818469861995	-3.05217766147301
			6.50126149061741	-3.04910086947556
			6.50126149061741	-3.0460240774781
			6.50433828261486	-3.04294728548065
			6.50433828261486	-3.0398704934832
			6.50433828261486	-3.03679370148575
			6.50741507461231	-3.03371690948829
			6.50741507461231	-3.03064011749084
			6.51049186660976	-3.02756332549339
			6.51049186660976	-3.02448653349593
			6.51356865860722	-3.02140974149848
			6.51356865860722	-3.01833294950103
			6.51356865860722	-3.01525615750358
			6.51664545060467	-3.01217936550612
			6.51664545060467	-3.00910257350867
			6.51972224260212	-3.00602578151122
			6.51972224260212	-3.00294898951377
			6.51972224260212	-2.99987219751631
			6.52279903459957	-2.99679540551886
			6.52279903459957	-2.99371861352141
			6.52587582659703	-2.99064182152396
			6.52587582659703	-2.9875650295265
			6.52587582659703	-2.98448823752905
			6.52895261859448	-2.9814114455316
			6.52895261859448	-2.97833465353415
			6.52895261859448	-2.97525786153669
			6.53202941059193	-2.97218106953924
			6.53202941059193	-2.96910427754179
			6.53202941059193	-2.96602748554433
			6.53510620258939	-2.96295069354688
			6.53510620258939	-2.95987390154943
			6.53510620258939	-2.95679710955198
			6.53818299458684	-2.95372031755452
			6.53818299458684	-2.95064352555707
			6.53818299458684	-2.94756673355962
			6.54125978658429	-2.94448994156217
			6.54125978658429	-2.94141314956471
			6.54125978658429	-2.93833635756726
			6.54125978658429	-2.93525956556981
			6.54433657858174	-2.93218277357236
			6.54433657858174	-2.9291059815749
			6.54433657858174	-2.92602918957745
			6.54433657858174	-2.92295239758
			6.5474133705792	-2.91987560558255
			6.5474133705792	-2.91679881358509
			6.5474133705792	-2.91372202158764
			6.5474133705792	-2.91064522959019
			6.55049016257665	-2.90756843759274
			6.55049016257665	-2.90449164559528
			6.55049016257665	-2.90141485359783
			6.55049016257665	-2.89833806160038
			6.55049016257665	-2.89526126960292
			6.5535669545741	-2.89218447760547
			6.5535669545741	-2.88910768560802
			6.5535669545741	-2.88603089361057
			6.5535669545741	-2.88295410161311
			6.5535669545741	-2.87987730961566
			6.55664374657155	-2.87680051761821
			6.55664374657155	-2.87372372562076
			6.55664374657155	-2.8706469336233
			6.55664374657155	-2.86757014162585
			6.55664374657155	-2.8644933496284
			6.55664374657155	-2.86141655763095
			6.55972053856901	-2.85833976563349
			6.55972053856901	-2.85526297363604
			6.55972053856901	-2.85218618163859
			6.55972053856901	-2.84910938964114
			6.55972053856901	-2.84603259764368
			6.55972053856901	-2.84295580564623
			6.55972053856901	-2.83987901364878
			6.55972053856901	-2.83680222165132
			6.55972053856901	-2.83372542965387
			6.56279733056646	-2.83064863765642
			6.56279733056646	-2.82757184565897
			6.56279733056646	-2.82449505366151
			6.56279733056646	-2.82141826166406
			6.56279733056646	-2.81834146966661
			6.56279733056646	-2.81526467766916
			6.56279733056646	-2.8121878856717
			6.56279733056646	-2.80911109367425
			6.56279733056646	-2.8060343016768
			6.56279733056646	-2.80295750967935
			6.56279733056646	-2.79988071768189
			6.56279733056646	-2.79680392568444
			6.56279733056646	-2.79372713368699
			6.56279733056646	-2.79065034168954
			6.56279733056646	-2.78757354969208
			6.56279733056646	-2.78449675769463
			6.56279733056646	-2.78141996569718
			6.56279733056646	-2.77834317369972
			6.56279733056646	-2.77526638170227
			6.56279733056646	-2.77218958970482
			6.56279733056646	-2.76911279770737
			6.56279733056646	-2.76603600570991
			6.56279733056646	-2.76295921371246
			6.56279733056646	-2.75988242171501
			6.56279733056646	-2.75680562971756
			6.56279733056646	-2.7537288377201
			6.56279733056646	-2.75065204572265
			6.56279733056646	-2.7475752537252
			6.56279733056646	-2.74449846172775
			6.56279733056646	-2.74142166973029
			6.55972053856901	-2.73834487773284
			6.55972053856901	-2.73526808573539
			6.55972053856901	-2.73219129373794
			6.55972053856901	-2.72911450174048
			6.55972053856901	-2.72603770974303
			6.55972053856901	-2.72296091774558
			6.55972053856901	-2.71988412574812
			6.55972053856901	-2.71680733375067
			6.55664374657155	-2.71373054175322
			6.55664374657155	-2.71065374975577
			6.55664374657155	-2.70757695775831
			6.55664374657155	-2.70450016576086
			6.55664374657155	-2.70142337376341
			6.55664374657155	-2.69834658176596
			6.5535669545741	-2.6952697897685
			6.5535669545741	-2.69219299777105
			6.5535669545741	-2.6891162057736
			6.5535669545741	-2.68603941377615
			6.5535669545741	-2.68296262177869
			6.55049016257665	-2.67988582978124
			6.55049016257665	-2.67680903778379
			6.55049016257665	-2.67373224578634
			6.55049016257665	-2.67065545378888
			6.55049016257665	-2.66757866179143
			6.5474133705792	-2.66450186979398
			6.5474133705792	-2.66142507779652
			6.5474133705792	-2.65834828579907
			6.5474133705792	-2.65527149380162
			6.54433657858174	-2.65219470180417
			6.54433657858174	-2.64911790980671
			6.54433657858174	-2.64604111780926
			6.54125978658429	-2.64604111780926
			6.54125978658429	-2.64296432581181
			6.54125978658429	-2.63988753381436
			6.54125978658429	-2.6368107418169
			6.53818299458684	-2.63373394981945
			6.53818299458684	-2.630657157822
			6.53818299458684	-2.62758036582455
			6.53510620258939	-2.62450357382709
			6.53510620258939	-2.62142678182964
			6.53510620258939	-2.61834998983219
			6.53202941059193	-2.61527319783474
			6.53202941059193	-2.61219640583728
			6.53202941059193	-2.60911961383983
			6.52895261859448	-2.60604282184238
			6.52895261859448	-2.60296602984492
			6.52587582659703	-2.59988923784747
			6.52587582659703	-2.59681244585002
			6.52587582659703	-2.59373565385257
			6.52279903459957	-2.59065886185511
			6.52279903459957	-2.58758206985766
			6.51972224260212	-2.58758206985766
			6.51972224260212	-2.58450527786021
			6.51972224260212	-2.58142848586276
			6.51664545060467	-2.5783516938653
			6.51664545060467	-2.57527490186785
			6.51356865860722	-2.5721981098704
			6.51356865860722	-2.56912131787295
			6.51049186660976	-2.56604452587549
			6.51049186660976	-2.56296773387804
			6.50741507461231	-2.55989094188059
			6.50741507461231	-2.55681414988314
			6.50741507461231	-2.55373735788568
			6.50433828261486	-2.55066056588823
			6.50433828261486	-2.54758377389078
			6.50126149061741	-2.54758377389078
			6.50126149061741	-2.54450698189333
			6.49818469861995	-2.54143018989587
			6.49818469861995	-2.53835339789842
			6.4951079066225	-2.53527660590097
			6.49203111462505	-2.53219981390351
			6.49203111462505	-2.52912302190606
			6.4889543226276	-2.52604622990861
			6.4889543226276	-2.52296943791116
			6.48587753063014	-2.5198926459137
			6.48587753063014	-2.51681585391625
			6.48280073863269	-2.5137390619188
			6.48280073863269	-2.51066226992135
			6.47972394663524	-2.51066226992135
			6.47664715463779	-2.50758547792389
			6.47664715463779	-2.50450868592644
			6.47357036264033	-2.50143189392899
			6.47357036264033	-2.49835510193154
			6.47049357064288	-2.49527830993408
			6.46741677864543	-2.49220151793663
			6.46741677864543	-2.48912472593918
			6.46433998664797	-2.48604793394172
			6.46433998664797	-2.48297114194427
			6.46126319465052	-2.48297114194427
			6.45818640265307	-2.47989434994682
			6.45818640265307	-2.47681755794937
			6.45510961065562	-2.47374076595191
			6.45203281865816	-2.47066397395446
			6.45203281865816	-2.46758718195701
			6.44895602666071	-2.46451038995956
			6.44587923466326	-2.4614335979621
			6.44587923466326	-2.45835680596465
			6.44280244266581	-2.4552800139672
			6.43972565066835	-2.4552800139672
			6.43972565066835	-2.45220322196975
			6.4366488586709	-2.44912642997229
			6.43357206667345	-2.44604963797484
			6.430495274676	-2.44297284597739
			6.430495274676	-2.43989605397994
			6.42741848267854	-2.43681926198248
			6.42434169068109	-2.43374246998503
			6.42126489868364	-2.43066567798758
			6.41818810668619	-2.42758888599012
			6.41511131468873	-2.42451209399267
			6.41203452269128	-2.42143530199522
			6.40895773069383	-2.41835850999777
			6.40895773069383	-2.41528171800031
			6.40588093869638	-2.41220492600286
			6.40280414669892	-2.41220492600286
			6.40280414669892	-2.40912813400541
			6.39972735470147	-2.40605134200796
			6.39665056270402	-2.4029745500105
			6.39357377070656	-2.39989775801305
			6.39049697870911	-2.3968209660156
		</opercle>
	</curves.scaled>
	<ruler.points type=matrix rownames=TRUE colnames=FALSE nrow=2 ncol=2 as.numeric=TRUE >
		Ruler point 1	2607	1989
		Ruler point 2	2932	1986
	</ruler.points>
</shapes>

