<shapes type=list>
	<ruler.pixel type=vector names=FALSE length=1 as.numeric=TRUE >246</ruler.pixel>
	<ruler.interval type=vector names=FALSE length=1 as.numeric=TRUE >1</ruler.interval>
	<scaling.units type=vector names=FALSE length=1 as.numeric=FALSE >cm</scaling.units>
	<scaling type=vector names=FALSE length=1 as.numeric=TRUE >0.0040650406504065</scaling>
	<image.name type=vector names=FALSE length=1 as.numeric=FALSE >TU202142_18_L.JPG</image.name>
	<landmarks.pixel type=matrix rownames=TRUE colnames=FALSE nrow=20 ncol=2 as.numeric=TRUE >
		snout_tip	1438	1070
		dorsal_ant	2242	794
		dorsal_post	2529	845
		caud_upper	3228	791
		caud_lower	3263	990
		anal_post	3033	1039
		anal_ant	2894	1104
		pelv_1	2401	1208
		pect_1	1824	1189
		lower_operc	1771	1188
		upper_operc	1758	948
		eye_center	1581	1025
		eye_1_ant	1544	1029
		eye_2	1552	997
		eye_3_dors	1581	976
		eye_4	1614	986
		eye_5_post	1623	1024
		eye_6	1612	1051
		eye_7_vent	1580	1066
		eye_8	1556	1054
	</landmarks.pixel>
	<landmarks.scaled type=matrix rownames=TRUE colnames=FALSE nrow=20 ncol=2 as.numeric=TRUE >
		snout_tip	5.84552845528455	-4.34959349593496
		dorsal_ant	9.11382113821138	-3.22764227642276
		dorsal_post	10.280487804878	-3.4349593495935
		caud_upper	13.1219512195122	-3.21544715447155
		caud_lower	13.2642276422764	-4.02439024390244
		anal_post	12.3292682926829	-4.22357723577236
		anal_ant	11.7642276422764	-4.48780487804878
		pelv_1	9.76016260162602	-4.91056910569106
		pect_1	7.41463414634146	-4.83333333333333
		lower_operc	7.19918699186992	-4.82926829268293
		upper_operc	7.14634146341464	-3.85365853658537
		eye_center	6.42682926829268	-4.16666666666667
		eye_1_ant	6.27642276422764	-4.18292682926829
		eye_2	6.30894308943089	-4.05284552845529
		eye_3_dors	6.42682926829268	-3.96747967479675
		eye_4	6.5609756097561	-4.00813008130081
		eye_5_post	6.59756097560976	-4.16260162601626
		eye_6	6.55284552845529	-4.27235772357724
		eye_7_vent	6.42276422764228	-4.33333333333333
		eye_8	6.32520325203252	-4.28455284552846
	</landmarks.scaled>
	<curves.control type=list>
		<body_ant type=matrix rownames=FALSE colnames=FALSE nrow=7 ncol=2 as.numeric=TRUE >
			1438	1070
			1507	936
			1763	872
			1849	843
			2046	813
			2148	797
			2242	794
		</body_ant>
		<body_post type=matrix rownames=FALSE colnames=FALSE nrow=5 ncol=2 as.numeric=TRUE >
			2529	845
			2947	852
			3094	837
			3154	826
			3228	791
		</body_post>
		<opercle type=matrix rownames=FALSE colnames=FALSE nrow=3 ncol=2 as.numeric=TRUE >
			1771	1188
			1837	1084
			1758	948
		</opercle>
	</curves.control>
	<curves.pixel type=list>
		<body_ant type=matrix rownames=FALSE colnames=FALSE nrow=851 ncol=2 as.numeric=TRUE >
			1438	1070
			1438	1069
			1439	1068
			1439	1067
			1440	1066
			1440	1065
			1441	1065
			1441	1064
			1442	1063
			1442	1062
			1443	1061
			1443	1060
			1444	1059
			1444	1058
			1445	1057
			1446	1056
			1447	1055
			1447	1054
			1448	1053
			1448	1052
			1449	1051
			1450	1050
			1450	1049
			1451	1048
			1451	1047
			1452	1046
			1453	1045
			1454	1044
			1454	1043
			1455	1042
			1455	1041
			1456	1040
			1457	1040
			1457	1039
			1458	1038
			1459	1037
			1459	1036
			1460	1035
			1461	1034
			1461	1033
			1462	1033
			1463	1032
			1463	1031
			1464	1030
			1465	1029
			1465	1028
			1466	1027
			1467	1026
			1468	1026
			1468	1025
			1469	1024
			1470	1023
			1471	1022
			1471	1021
			1472	1020
			1473	1020
			1474	1019
			1474	1018
			1475	1017
			1476	1016
			1477	1015
			1477	1014
			1478	1014
			1479	1013
			1480	1012
			1481	1011
			1481	1010
			1482	1009
			1483	1009
			1484	1008
			1485	1007
			1485	1006
			1486	1005
			1487	1005
			1488	1004
			1489	1003
			1490	1002
			1490	1001
			1491	1000
			1492	1000
			1493	999
			1494	998
			1495	997
			1496	996
			1497	996
			1497	995
			1498	994
			1499	993
			1500	992
			1501	992
			1502	991
			1503	990
			1504	989
			1505	988
			1506	988
			1507	987
			1508	986
			1508	985
			1509	985
			1510	984
			1511	983
			1512	982
			1513	982
			1514	981
			1515	980
			1516	979
			1517	978
			1518	978
			1519	977
			1520	976
			1521	975
			1522	975
			1523	974
			1524	973
			1525	972
			1526	972
			1527	971
			1528	970
			1529	969
			1530	969
			1531	968
			1532	968
			1532	967
			1533	967
			1534	966
			1535	966
			1536	965
			1537	964
			1538	964
			1539	963
			1540	962
			1541	961
			1542	961
			1543	960
			1544	960
			1545	959
			1546	958
			1547	958
			1548	957
			1549	957
			1550	956
			1551	955
			1552	955
			1553	954
			1554	954
			1555	953
			1556	952
			1557	952
			1558	951
			1559	950
			1560	950
			1561	949
			1562	949
			1563	948
			1564	948
			1565	947
			1566	946
			1567	946
			1568	945
			1569	945
			1570	944
			1571	943
			1572	943
			1573	942
			1574	942
			1575	941
			1576	940
			1577	940
			1578	940
			1578	939
			1579	939
			1580	939
			1580	938
			1581	938
			1582	938
			1582	937
			1583	937
			1584	937
			1584	936
			1585	936
			1586	936
			1586	935
			1587	935
			1588	935
			1588	934
			1589	934
			1590	934
			1590	933
			1591	933
			1592	933
			1592	932
			1593	932
			1594	932
			1594	931
			1595	931
			1596	931
			1596	930
			1597	930
			1598	930
			1598	929
			1599	929
			1600	929
			1600	928
			1601	928
			1602	928
			1603	927
			1604	927
			1605	926
			1606	926
			1607	925
			1608	925
			1609	924
			1610	924
			1611	923
			1612	923
			1613	922
			1614	922
			1615	921
			1616	921
			1617	921
			1618	920
			1619	920
			1620	919
			1621	919
			1622	918
			1623	918
			1624	918
			1624	917
			1625	917
			1626	917
			1627	916
			1628	916
			1629	916
			1630	915
			1631	915
			1632	914
			1633	914
			1634	914
			1635	913
			1636	913
			1636	912
			1637	912
			1638	912
			1639	911
			1640	911
			1641	911
			1642	910
			1643	910
			1644	909
			1645	909
			1646	909
			1647	908
			1648	908
			1649	908
			1650	907
			1651	907
			1652	906
			1653	906
			1654	906
			1655	905
			1656	905
			1657	905
			1658	904
			1659	904
			1660	903
			1661	903
			1662	903
			1663	902
			1664	902
			1665	901
			1666	901
			1667	901
			1668	900
			1669	900
			1670	900
			1671	899
			1672	899
			1673	899
			1674	898
			1675	898
			1676	897
			1677	897
			1678	897
			1679	897
			1680	896
			1681	896
			1682	895
			1683	895
			1684	895
			1685	895
			1685	894
			1686	894
			1687	894
			1688	894
			1688	893
			1689	893
			1690	893
			1691	893
			1692	892
			1693	892
			1694	892
			1695	891
			1696	891
			1697	891
			1698	890
			1699	890
			1700	890
			1701	889
			1702	889
			1703	889
			1704	889
			1705	888
			1706	888
			1707	887
			1708	887
			1709	887
			1710	887
			1711	886
			1712	886
			1713	886
			1714	885
			1715	885
			1716	885
			1717	884
			1718	884
			1719	884
			1720	884
			1721	883
			1722	883
			1723	883
			1724	882
			1725	882
			1726	882
			1727	882
			1728	881
			1729	881
			1730	881
			1731	880
			1732	880
			1733	880
			1734	880
			1735	879
			1736	879
			1737	879
			1738	879
			1739	878
			1740	878
			1741	878
			1742	877
			1743	877
			1744	877
			1745	877
			1746	876
			1747	876
			1748	876
			1749	876
			1750	875
			1751	875
			1752	875
			1753	875
			1754	874
			1755	874
			1756	874
			1757	874
			1758	873
			1759	873
			1760	873
			1761	873
			1762	872
			1763	872
			1764	872
			1765	871
			1766	871
			1767	871
			1768	870
			1769	870
			1770	870
			1771	869
			1772	869
			1773	869
			1774	868
			1775	868
			1776	868
			1777	867
			1778	867
			1779	867
			1780	867
			1781	866
			1782	866
			1783	866
			1784	865
			1785	865
			1786	865
			1787	864
			1788	864
			1789	864
			1790	864
			1791	863
			1792	863
			1793	863
			1794	863
			1795	862
			1796	862
			1797	862
			1798	861
			1799	861
			1800	861
			1801	861
			1802	860
			1803	860
			1804	860
			1805	859
			1806	859
			1807	859
			1808	859
			1809	858
			1810	858
			1811	858
			1812	858
			1813	857
			1814	857
			1815	857
			1816	857
			1817	856
			1818	856
			1819	856
			1820	856
			1821	855
			1822	855
			1823	855
			1824	855
			1825	854
			1826	854
			1827	854
			1828	854
			1829	853
			1830	853
			1831	853
			1832	853
			1833	853
			1834	852
			1835	852
			1836	852
			1837	852
			1838	851
			1839	851
			1840	851
			1841	851
			1842	850
			1843	850
			1844	850
			1845	850
			1846	849
			1847	849
			1848	849
			1849	849
			1850	849
			1851	848
			1852	848
			1853	848
			1854	848
			1855	847
			1856	847
			1857	847
			1858	847
			1859	847
			1860	846
			1861	846
			1862	846
			1863	846
			1864	845
			1865	845
			1866	845
			1867	845
			1868	845
			1869	844
			1870	844
			1871	844
			1872	844
			1873	844
			1874	843
			1875	843
			1876	843
			1877	843
			1878	843
			1879	842
			1880	842
			1881	842
			1882	842
			1883	842
			1884	841
			1885	841
			1886	841
			1887	841
			1888	840
			1889	840
			1890	840
			1891	840
			1892	840
			1893	839
			1894	839
			1895	839
			1896	839
			1897	839
			1898	838
			1899	838
			1900	838
			1901	838
			1902	838
			1903	837
			1904	837
			1905	837
			1906	837
			1907	837
			1908	837
			1909	836
			1910	836
			1911	836
			1912	836
			1913	836
			1914	835
			1915	835
			1916	835
			1917	835
			1918	835
			1919	834
			1920	834
			1921	834
			1922	834
			1923	834
			1924	834
			1925	833
			1926	833
			1927	833
			1928	833
			1929	833
			1930	832
			1931	832
			1932	832
			1933	832
			1934	832
			1935	831
			1936	831
			1937	831
			1938	831
			1939	831
			1940	830
			1941	830
			1942	830
			1943	830
			1944	830
			1945	830
			1946	829
			1947	829
			1948	829
			1949	829
			1950	829
			1951	829
			1952	828
			1953	828
			1954	828
			1955	828
			1956	828
			1957	828
			1958	827
			1959	827
			1960	827
			1961	827
			1962	827
			1963	826
			1964	826
			1965	826
			1966	826
			1967	826
			1968	826
			1969	825
			1970	825
			1971	825
			1972	825
			1973	825
			1974	825
			1975	824
			1976	824
			1977	824
			1978	824
			1979	824
			1980	824
			1981	823
			1982	823
			1983	823
			1984	823
			1985	823
			1986	823
			1987	822
			1988	822
			1989	822
			1990	822
			1991	822
			1992	821
			1993	821
			1994	821
			1995	821
			1996	821
			1997	821
			1998	821
			1999	820
			2000	820
			2001	820
			2002	820
			2003	820
			2004	820
			2005	819
			2006	819
			2007	819
			2008	819
			2009	819
			2010	819
			2011	819
			2012	818
			2013	818
			2014	818
			2015	818
			2016	818
			2017	817
			2018	817
			2019	817
			2020	817
			2021	817
			2022	817
			2023	817
			2024	816
			2025	816
			2026	816
			2027	816
			2028	816
			2029	816
			2030	815
			2031	815
			2032	815
			2033	815
			2034	815
			2035	815
			2036	815
			2037	814
			2038	814
			2039	814
			2040	814
			2041	814
			2042	814
			2043	813
			2044	813
			2045	813
			2046	813
			2047	813
			2048	813
			2049	813
			2050	812
			2051	812
			2052	812
			2053	812
			2054	812
			2055	812
			2056	811
			2057	811
			2058	811
			2059	811
			2060	811
			2061	811
			2062	811
			2063	810
			2064	810
			2065	810
			2066	810
			2067	810
			2068	810
			2069	810
			2070	809
			2071	809
			2072	809
			2073	809
			2074	809
			2075	809
			2076	809
			2077	808
			2078	808
			2079	808
			2080	808
			2081	808
			2082	808
			2083	808
			2084	807
			2085	807
			2086	807
			2087	807
			2088	807
			2089	807
			2090	807
			2091	807
			2092	806
			2093	806
			2094	806
			2095	806
			2096	806
			2097	806
			2098	806
			2099	805
			2100	805
			2101	805
			2102	805
			2103	805
			2104	805
			2105	805
			2106	805
			2107	805
			2107	804
			2108	804
			2109	804
			2110	804
			2111	804
			2112	804
			2113	804
			2114	804
			2115	804
			2116	803
			2117	803
			2118	803
			2119	803
			2120	803
			2121	803
			2122	803
			2123	803
			2124	803
			2124	802
			2125	802
			2126	802
			2127	802
			2128	802
			2129	802
			2130	802
			2131	802
			2132	802
			2133	802
			2134	801
			2135	801
			2136	801
			2137	801
			2138	801
			2139	801
			2140	801
			2141	801
			2142	801
			2143	801
			2144	800
			2145	800
			2146	800
			2147	800
			2148	800
			2149	800
			2150	800
			2151	800
			2152	800
			2153	800
			2154	799
			2155	799
			2156	799
			2157	799
			2158	799
			2159	799
			2160	799
			2161	799
			2162	799
			2163	799
			2164	799
			2165	799
			2166	798
			2167	798
			2168	798
			2169	798
			2170	798
			2171	798
			2172	798
			2173	798
			2174	798
			2175	798
			2176	798
			2177	798
			2178	797
			2179	797
			2180	797
			2181	797
			2182	797
			2183	797
			2184	797
			2185	797
			2186	797
			2187	797
			2188	797
			2189	797
			2190	797
			2191	797
			2192	796
			2193	796
			2194	796
			2195	796
			2196	796
			2197	796
			2198	796
			2199	796
			2200	796
			2201	796
			2202	796
			2203	796
			2204	796
			2205	796
			2206	796
			2207	796
			2208	796
			2209	795
			2210	795
			2211	795
			2212	795
			2213	795
			2214	795
			2215	795
			2216	795
			2217	795
			2218	795
			2219	795
			2220	795
			2221	795
			2222	795
			2223	795
			2224	795
			2225	795
			2226	795
			2227	795
			2228	795
			2229	794
			2230	794
			2231	794
			2232	794
			2233	794
			2234	794
			2235	794
			2236	794
			2237	794
			2238	794
			2239	794
			2240	794
			2241	794
			2242	794
		</body_ant>
		<body_post type=matrix rownames=FALSE colnames=FALSE nrow=703 ncol=2 as.numeric=TRUE >
			2529	845
			2530	845
			2531	845
			2532	845
			2533	845
			2534	845
			2535	845
			2536	845
			2537	845
			2538	845
			2539	845
			2540	845
			2541	845
			2542	845
			2543	845
			2544	845
			2545	845
			2546	845
			2547	845
			2548	845
			2549	845
			2550	845
			2551	845
			2552	845
			2553	845
			2554	845
			2555	845
			2556	845
			2557	845
			2558	845
			2559	845
			2560	845
			2561	846
			2562	846
			2563	846
			2564	846
			2565	846
			2566	846
			2567	846
			2568	846
			2569	846
			2570	846
			2571	846
			2572	846
			2573	846
			2574	846
			2575	846
			2576	846
			2577	846
			2578	846
			2579	846
			2580	846
			2581	846
			2582	846
			2583	846
			2584	846
			2585	846
			2586	846
			2587	846
			2588	846
			2589	846
			2590	846
			2591	846
			2592	846
			2593	846
			2594	846
			2595	846
			2596	846
			2597	846
			2598	846
			2599	846
			2600	846
			2601	846
			2602	846
			2603	846
			2604	846
			2605	846
			2606	846
			2607	846
			2608	846
			2609	846
			2610	846
			2611	846
			2612	846
			2613	846
			2614	846
			2615	846
			2616	846
			2617	846
			2618	846
			2619	846
			2620	846
			2621	846
			2622	846
			2623	846
			2624	846
			2625	846
			2626	846
			2627	846
			2628	846
			2629	846
			2630	846
			2631	846
			2632	846
			2633	846
			2634	846
			2635	846
			2636	846
			2637	846
			2638	846
			2639	847
			2640	847
			2641	847
			2642	847
			2643	847
			2644	847
			2645	847
			2646	847
			2647	847
			2648	847
			2649	847
			2650	847
			2651	847
			2652	847
			2653	847
			2654	847
			2655	847
			2656	847
			2657	847
			2658	847
			2659	847
			2660	847
			2661	847
			2662	847
			2663	847
			2664	847
			2665	847
			2666	847
			2667	847
			2668	847
			2669	847
			2670	847
			2671	847
			2672	847
			2673	847
			2674	847
			2675	847
			2676	847
			2677	847
			2678	847
			2679	847
			2680	847
			2681	847
			2682	847
			2683	847
			2684	847
			2685	847
			2686	847
			2687	847
			2688	847
			2689	847
			2690	847
			2691	847
			2692	847
			2693	847
			2694	847
			2695	847
			2696	847
			2697	847
			2698	847
			2699	847
			2700	847
			2701	847
			2702	847
			2703	847
			2704	847
			2705	847
			2706	847
			2707	847
			2708	847
			2709	847
			2710	847
			2711	847
			2712	847
			2713	847
			2714	847
			2715	847
			2716	847
			2717	847
			2718	847
			2719	847
			2720	847
			2721	847
			2722	847
			2723	847
			2724	847
			2725	847
			2726	847
			2727	847
			2728	847
			2729	847
			2730	847
			2731	847
			2732	847
			2733	847
			2734	847
			2735	847
			2736	847
			2737	847
			2738	847
			2739	847
			2740	847
			2741	847
			2742	847
			2743	847
			2744	847
			2745	847
			2746	847
			2747	847
			2748	847
			2749	847
			2750	847
			2751	847
			2752	847
			2753	847
			2754	847
			2755	847
			2756	847
			2757	847
			2758	847
			2759	847
			2760	847
			2761	847
			2762	847
			2763	847
			2764	847
			2765	847
			2766	847
			2767	847
			2768	847
			2769	847
			2770	847
			2771	847
			2772	847
			2773	847
			2774	847
			2775	847
			2776	847
			2777	847
			2778	847
			2779	847
			2780	847
			2781	847
			2782	847
			2783	847
			2784	847
			2785	847
			2786	847
			2787	847
			2788	847
			2789	847
			2790	847
			2791	847
			2792	847
			2793	847
			2794	847
			2795	847
			2796	847
			2797	847
			2798	847
			2799	847
			2800	847
			2801	847
			2802	847
			2803	847
			2804	847
			2805	847
			2806	847
			2807	847
			2808	847
			2809	847
			2810	847
			2811	847
			2812	847
			2813	847
			2814	847
			2815	847
			2816	847
			2817	847
			2818	847
			2819	847
			2820	847
			2821	847
			2822	847
			2823	847
			2824	847
			2825	847
			2826	847
			2827	847
			2828	847
			2829	847
			2830	847
			2831	847
			2832	847
			2833	847
			2834	847
			2835	847
			2836	847
			2837	847
			2838	847
			2839	847
			2840	847
			2841	847
			2842	847
			2843	847
			2844	847
			2845	847
			2846	847
			2847	847
			2848	847
			2849	847
			2850	847
			2851	847
			2852	847
			2853	847
			2854	847
			2855	847
			2856	847
			2857	847
			2858	847
			2859	847
			2860	847
			2861	847
			2862	847
			2863	847
			2864	847
			2865	847
			2866	847
			2867	847
			2868	847
			2869	847
			2870	847
			2871	847
			2872	847
			2873	847
			2874	847
			2875	847
			2876	847
			2877	847
			2878	847
			2879	847
			2880	846
			2881	846
			2882	846
			2883	846
			2884	846
			2885	846
			2886	846
			2887	846
			2888	846
			2889	846
			2890	846
			2891	846
			2892	846
			2893	846
			2894	846
			2895	846
			2896	846
			2897	846
			2898	846
			2899	846
			2900	846
			2901	846
			2902	846
			2903	846
			2904	846
			2905	846
			2906	846
			2907	846
			2908	846
			2909	846
			2910	846
			2911	846
			2912	846
			2913	846
			2914	846
			2915	846
			2916	846
			2917	846
			2918	846
			2919	846
			2920	846
			2921	846
			2922	846
			2923	846
			2924	846
			2925	846
			2926	846
			2927	846
			2928	846
			2929	846
			2930	846
			2931	846
			2932	845
			2933	845
			2934	845
			2935	845
			2936	845
			2937	845
			2938	845
			2939	845
			2940	845
			2941	845
			2942	845
			2943	845
			2944	845
			2945	845
			2946	845
			2947	845
			2948	845
			2949	845
			2950	845
			2951	845
			2952	845
			2953	845
			2954	845
			2955	845
			2956	845
			2957	845
			2958	845
			2959	845
			2960	845
			2961	845
			2962	845
			2963	845
			2964	845
			2965	845
			2966	845
			2967	845
			2968	844
			2969	844
			2970	844
			2971	844
			2972	844
			2973	844
			2974	844
			2975	844
			2976	844
			2977	844
			2978	844
			2979	844
			2980	844
			2981	844
			2982	844
			2983	844
			2984	844
			2985	844
			2986	844
			2987	844
			2988	844
			2989	844
			2990	844
			2991	844
			2992	844
			2993	844
			2994	844
			2995	843
			2996	843
			2997	843
			2998	843
			2999	843
			3000	843
			3001	843
			3002	843
			3003	843
			3004	843
			3005	843
			3006	843
			3007	843
			3008	843
			3009	843
			3010	843
			3011	843
			3012	843
			3013	843
			3014	843
			3015	843
			3016	843
			3017	843
			3018	842
			3019	842
			3020	842
			3021	842
			3022	842
			3023	842
			3024	842
			3025	842
			3026	842
			3027	842
			3028	842
			3029	842
			3030	842
			3031	842
			3032	842
			3033	842
			3034	842
			3035	842
			3036	841
			3037	841
			3038	841
			3039	841
			3040	841
			3041	841
			3042	841
			3043	841
			3044	841
			3045	841
			3046	841
			3047	841
			3048	841
			3049	841
			3050	841
			3051	841
			3052	840
			3053	840
			3054	840
			3055	840
			3056	840
			3057	840
			3058	840
			3059	840
			3060	840
			3061	840
			3062	840
			3063	840
			3064	840
			3065	840
			3066	839
			3067	839
			3068	839
			3069	839
			3070	839
			3071	839
			3072	839
			3073	839
			3074	839
			3075	839
			3076	839
			3077	839
			3078	839
			3078	838
			3079	838
			3080	838
			3081	838
			3082	838
			3083	838
			3084	838
			3085	838
			3086	838
			3087	838
			3088	838
			3089	837
			3090	837
			3091	837
			3092	837
			3093	837
			3094	837
			3095	837
			3096	837
			3097	836
			3098	836
			3099	836
			3100	836
			3101	836
			3102	835
			3103	835
			3104	835
			3105	835
			3106	835
			3107	834
			3108	834
			3109	834
			3110	834
			3111	833
			3112	833
			3113	833
			3114	833
			3115	833
			3116	832
			3117	832
			3118	832
			3119	832
			3120	831
			3121	831
			3122	831
			3123	830
			3124	830
			3125	830
			3126	830
			3127	829
			3128	829
			3129	829
			3130	828
			3131	828
			3132	828
			3133	828
			3134	828
			3134	827
			3135	827
			3136	827
			3137	827
			3138	826
			3139	826
			3140	826
			3141	825
			3142	825
			3143	825
			3144	824
			3145	824
			3146	824
			3147	824
			3148	823
			3149	823
			3150	823
			3151	822
			3152	822
			3153	822
			3154	821
			3155	821
			3156	820
			3157	820
			3158	820
			3159	820
			3160	819
			3161	819
			3162	818
			3163	818
			3164	818
			3165	817
			3166	817
			3167	817
			3168	816
			3169	816
			3170	815
			3171	815
			3172	815
			3173	814
			3174	814
			3175	814
			3176	813
			3177	813
			3178	812
			3179	812
			3180	812
			3181	811
			3182	811
			3183	811
			3184	810
			3185	810
			3186	809
			3187	809
			3188	808
			3189	808
			3190	808
			3191	807
			3192	807
			3193	806
			3194	806
			3195	806
			3196	805
			3197	805
			3198	804
			3199	804
			3200	804
			3201	803
			3202	803
			3203	802
			3204	802
			3205	801
			3206	801
			3207	801
			3207	800
			3208	800
			3209	800
			3210	799
			3211	799
			3212	798
			3213	798
			3214	797
			3215	797
			3216	797
			3217	796
			3218	796
			3219	795
			3220	795
			3221	794
			3222	794
			3223	793
			3224	793
			3225	792
			3226	792
			3227	791
			3228	791
		</body_post>
		<opercle type=matrix rownames=FALSE colnames=FALSE nrow=246 ncol=2 as.numeric=TRUE >
			1771	1188
			1772	1187
			1772	1186
			1773	1186
			1773	1185
			1774	1184
			1774	1183
			1775	1182
			1775	1181
			1776	1180
			1777	1179
			1777	1178
			1778	1177
			1778	1176
			1779	1175
			1779	1174
			1780	1173
			1780	1172
			1781	1171
			1781	1170
			1782	1169
			1782	1168
			1783	1167
			1783	1166
			1784	1165
			1784	1164
			1785	1163
			1785	1162
			1786	1161
			1786	1160
			1787	1159
			1787	1158
			1787	1157
			1788	1156
			1788	1155
			1788	1154
			1789	1153
			1789	1152
			1790	1151
			1790	1150
			1790	1149
			1791	1148
			1791	1147
			1791	1146
			1792	1145
			1792	1144
			1792	1143
			1792	1142
			1793	1142
			1793	1141
			1793	1140
			1794	1139
			1794	1138
			1794	1137
			1794	1136
			1795	1135
			1795	1134
			1795	1133
			1795	1132
			1796	1131
			1796	1130
			1796	1129
			1796	1128
			1797	1127
			1797	1126
			1797	1125
			1797	1124
			1798	1123
			1798	1122
			1798	1121
			1798	1120
			1798	1119
			1798	1118
			1799	1117
			1799	1116
			1799	1115
			1799	1114
			1799	1113
			1799	1112
			1799	1111
			1800	1110
			1800	1109
			1800	1108
			1800	1107
			1800	1106
			1800	1105
			1800	1104
			1800	1103
			1800	1102
			1800	1101
			1801	1100
			1801	1099
			1801	1098
			1801	1097
			1801	1096
			1801	1095
			1801	1094
			1801	1093
			1801	1092
			1801	1091
			1801	1090
			1801	1089
			1801	1088
			1801	1087
			1801	1086
			1801	1085
			1801	1084
			1801	1083
			1801	1082
			1801	1081
			1801	1080
			1801	1079
			1801	1078
			1801	1077
			1801	1076
			1801	1075
			1801	1074
			1801	1073
			1801	1072
			1800	1071
			1800	1070
			1800	1069
			1800	1068
			1800	1067
			1800	1066
			1800	1065
			1800	1064
			1800	1063
			1799	1062
			1799	1061
			1799	1060
			1799	1059
			1799	1058
			1799	1057
			1799	1056
			1798	1055
			1798	1054
			1798	1053
			1798	1052
			1798	1051
			1798	1050
			1797	1049
			1797	1048
			1797	1047
			1797	1046
			1797	1045
			1797	1044
			1796	1043
			1796	1042
			1796	1041
			1796	1040
			1795	1039
			1795	1038
			1795	1037
			1795	1036
			1794	1035
			1794	1034
			1794	1033
			1794	1032
			1794	1031
			1793	1030
			1793	1029
			1793	1028
			1792	1027
			1792	1026
			1792	1025
			1792	1024
			1791	1023
			1791	1022
			1791	1021
			1790	1020
			1790	1019
			1790	1018
			1789	1017
			1789	1016
			1789	1015
			1789	1014
			1788	1013
			1788	1012
			1788	1011
			1787	1010
			1787	1009
			1787	1008
			1786	1008
			1786	1007
			1785	1006
			1785	1005
			1785	1004
			1784	1003
			1784	1002
			1784	1001
			1783	1000
			1783	999
			1782	998
			1782	997
			1782	996
			1781	995
			1781	994
			1780	993
			1780	992
			1780	991
			1779	990
			1779	989
			1778	988
			1778	987
			1777	986
			1777	985
			1777	984
			1776	983
			1776	982
			1775	981
			1775	980
			1774	979
			1774	978
			1773	977
			1773	976
			1772	975
			1772	974
			1771	973
			1771	972
			1770	971
			1770	970
			1769	969
			1769	968
			1768	967
			1768	966
			1767	965
			1767	964
			1766	963
			1766	962
			1765	961
			1764	960
			1764	959
			1763	958
			1763	957
			1763	956
			1762	956
			1762	955
			1762	954
			1761	954
			1761	953
			1760	952
			1760	951
			1759	950
			1758	949
			1758	948
		</opercle>
	</curves.pixel>
	<curves.scaled type=list>
		<body_ant type=matrix rownames=FALSE colnames=FALSE nrow=851 ncol=2 as.numeric=TRUE >
			5.84552845528455	-4.34959349593496
			5.84552845528455	-4.34552845528455
			5.84959349593496	-4.34146341463415
			5.84959349593496	-4.33739837398374
			5.85365853658537	-4.33333333333333
			5.85365853658537	-4.32926829268293
			5.85772357723577	-4.32926829268293
			5.85772357723577	-4.32520325203252
			5.86178861788618	-4.32113821138211
			5.86178861788618	-4.31707317073171
			5.86585365853659	-4.3130081300813
			5.86585365853659	-4.30894308943089
			5.86991869918699	-4.30487804878049
			5.86991869918699	-4.30081300813008
			5.8739837398374	-4.29674796747967
			5.87804878048781	-4.29268292682927
			5.88211382113821	-4.28861788617886
			5.88211382113821	-4.28455284552846
			5.88617886178862	-4.28048780487805
			5.88617886178862	-4.27642276422764
			5.89024390243902	-4.27235772357724
			5.89430894308943	-4.26829268292683
			5.89430894308943	-4.26422764227642
			5.89837398373984	-4.26016260162602
			5.89837398373984	-4.25609756097561
			5.90243902439024	-4.2520325203252
			5.90650406504065	-4.2479674796748
			5.91056910569106	-4.24390243902439
			5.91056910569106	-4.23983739837398
			5.91463414634146	-4.23577235772358
			5.91463414634146	-4.23170731707317
			5.91869918699187	-4.22764227642277
			5.92276422764228	-4.22764227642277
			5.92276422764228	-4.22357723577236
			5.92682926829268	-4.21951219512195
			5.93089430894309	-4.21544715447155
			5.93089430894309	-4.21138211382114
			5.9349593495935	-4.20731707317073
			5.9390243902439	-4.20325203252033
			5.9390243902439	-4.19918699186992
			5.94308943089431	-4.19918699186992
			5.94715447154472	-4.19512195121951
			5.94715447154472	-4.19105691056911
			5.95121951219512	-4.1869918699187
			5.95528455284553	-4.18292682926829
			5.95528455284553	-4.17886178861789
			5.95934959349594	-4.17479674796748
			5.96341463414634	-4.17073170731707
			5.96747967479675	-4.17073170731707
			5.96747967479675	-4.16666666666667
			5.97154471544716	-4.16260162601626
			5.97560975609756	-4.15853658536585
			5.97967479674797	-4.15447154471545
			5.97967479674797	-4.15040650406504
			5.98373983739837	-4.14634146341463
			5.98780487804878	-4.14634146341463
			5.99186991869919	-4.14227642276423
			5.99186991869919	-4.13821138211382
			5.99593495934959	-4.13414634146342
			6	-4.13008130081301
			6.00406504065041	-4.1260162601626
			6.00406504065041	-4.1219512195122
			6.00813008130081	-4.1219512195122
			6.01219512195122	-4.11788617886179
			6.01626016260163	-4.11382113821138
			6.02032520325203	-4.10975609756098
			6.02032520325203	-4.10569105691057
			6.02439024390244	-4.10162601626016
			6.02845528455285	-4.10162601626016
			6.03252032520325	-4.09756097560976
			6.03658536585366	-4.09349593495935
			6.03658536585366	-4.08943089430894
			6.04065040650407	-4.08536585365854
			6.04471544715447	-4.08536585365854
			6.04878048780488	-4.08130081300813
			6.05284552845529	-4.07723577235772
			6.05691056910569	-4.07317073170732
			6.05691056910569	-4.06910569105691
			6.0609756097561	-4.0650406504065
			6.0650406504065	-4.0650406504065
			6.06910569105691	-4.0609756097561
			6.07317073170732	-4.05691056910569
			6.07723577235772	-4.05284552845529
			6.08130081300813	-4.04878048780488
			6.08536585365854	-4.04878048780488
			6.08536585365854	-4.04471544715447
			6.08943089430894	-4.04065040650407
			6.09349593495935	-4.03658536585366
			6.09756097560976	-4.03252032520325
			6.10162601626016	-4.03252032520325
			6.10569105691057	-4.02845528455285
			6.10975609756098	-4.02439024390244
			6.11382113821138	-4.02032520325203
			6.11788617886179	-4.01626016260163
			6.1219512195122	-4.01626016260163
			6.1260162601626	-4.01219512195122
			6.13008130081301	-4.00813008130081
			6.13008130081301	-4.00406504065041
			6.13414634146342	-4.00406504065041
			6.13821138211382	-4
			6.14227642276423	-3.99593495934959
			6.14634146341464	-3.99186991869919
			6.15040650406504	-3.99186991869919
			6.15447154471545	-3.98780487804878
			6.15853658536585	-3.98373983739837
			6.16260162601626	-3.97967479674797
			6.16666666666667	-3.97560975609756
			6.17073170731707	-3.97560975609756
			6.17479674796748	-3.97154471544716
			6.17886178861789	-3.96747967479675
			6.18292682926829	-3.96341463414634
			6.1869918699187	-3.96341463414634
			6.19105691056911	-3.95934959349594
			6.19512195121951	-3.95528455284553
			6.19918699186992	-3.95121951219512
			6.20325203252033	-3.95121951219512
			6.20731707317073	-3.94715447154472
			6.21138211382114	-3.94308943089431
			6.21544715447155	-3.9390243902439
			6.21951219512195	-3.9390243902439
			6.22357723577236	-3.9349593495935
			6.22764227642277	-3.9349593495935
			6.22764227642277	-3.93089430894309
			6.23170731707317	-3.93089430894309
			6.23577235772358	-3.92682926829268
			6.23983739837398	-3.92682926829268
			6.24390243902439	-3.92276422764228
			6.2479674796748	-3.91869918699187
			6.2520325203252	-3.91869918699187
			6.25609756097561	-3.91463414634146
			6.26016260162602	-3.91056910569106
			6.26422764227642	-3.90650406504065
			6.26829268292683	-3.90650406504065
			6.27235772357724	-3.90243902439024
			6.27642276422764	-3.90243902439024
			6.28048780487805	-3.89837398373984
			6.28455284552846	-3.89430894308943
			6.28861788617886	-3.89430894308943
			6.29268292682927	-3.89024390243902
			6.29674796747968	-3.89024390243902
			6.30081300813008	-3.88617886178862
			6.30487804878049	-3.88211382113821
			6.30894308943089	-3.88211382113821
			6.3130081300813	-3.87804878048781
			6.31707317073171	-3.87804878048781
			6.32113821138211	-3.8739837398374
			6.32520325203252	-3.86991869918699
			6.32926829268293	-3.86991869918699
			6.33333333333333	-3.86585365853659
			6.33739837398374	-3.86178861788618
			6.34146341463415	-3.86178861788618
			6.34552845528455	-3.85772357723577
			6.34959349593496	-3.85772357723577
			6.35365853658537	-3.85365853658537
			6.35772357723577	-3.85365853658537
			6.36178861788618	-3.84959349593496
			6.36585365853659	-3.84552845528455
			6.36991869918699	-3.84552845528455
			6.3739837398374	-3.84146341463415
			6.37804878048781	-3.84146341463415
			6.38211382113821	-3.83739837398374
			6.38617886178862	-3.83333333333333
			6.39024390243902	-3.83333333333333
			6.39430894308943	-3.82926829268293
			6.39837398373984	-3.82926829268293
			6.40243902439024	-3.82520325203252
			6.40650406504065	-3.82113821138211
			6.41056910569106	-3.82113821138211
			6.41463414634146	-3.82113821138211
			6.41463414634146	-3.81707317073171
			6.41869918699187	-3.81707317073171
			6.42276422764228	-3.81707317073171
			6.42276422764228	-3.8130081300813
			6.42682926829268	-3.8130081300813
			6.43089430894309	-3.8130081300813
			6.43089430894309	-3.80894308943089
			6.4349593495935	-3.80894308943089
			6.4390243902439	-3.80894308943089
			6.4390243902439	-3.80487804878049
			6.44308943089431	-3.80487804878049
			6.44715447154472	-3.80487804878049
			6.44715447154472	-3.80081300813008
			6.45121951219512	-3.80081300813008
			6.45528455284553	-3.80081300813008
			6.45528455284553	-3.79674796747968
			6.45934959349594	-3.79674796747968
			6.46341463414634	-3.79674796747968
			6.46341463414634	-3.79268292682927
			6.46747967479675	-3.79268292682927
			6.47154471544716	-3.79268292682927
			6.47154471544716	-3.78861788617886
			6.47560975609756	-3.78861788617886
			6.47967479674797	-3.78861788617886
			6.47967479674797	-3.78455284552846
			6.48373983739837	-3.78455284552846
			6.48780487804878	-3.78455284552846
			6.48780487804878	-3.78048780487805
			6.49186991869919	-3.78048780487805
			6.49593495934959	-3.78048780487805
			6.49593495934959	-3.77642276422764
			6.5	-3.77642276422764
			6.50406504065041	-3.77642276422764
			6.50406504065041	-3.77235772357724
			6.50813008130081	-3.77235772357724
			6.51219512195122	-3.77235772357724
			6.51626016260163	-3.76829268292683
			6.52032520325203	-3.76829268292683
			6.52439024390244	-3.76422764227642
			6.52845528455285	-3.76422764227642
			6.53252032520325	-3.76016260162602
			6.53658536585366	-3.76016260162602
			6.54065040650407	-3.75609756097561
			6.54471544715447	-3.75609756097561
			6.54878048780488	-3.7520325203252
			6.55284552845529	-3.7520325203252
			6.55691056910569	-3.7479674796748
			6.5609756097561	-3.7479674796748
			6.5650406504065	-3.74390243902439
			6.56910569105691	-3.74390243902439
			6.57317073170732	-3.74390243902439
			6.57723577235772	-3.73983739837398
			6.58130081300813	-3.73983739837398
			6.58536585365854	-3.73577235772358
			6.58943089430894	-3.73577235772358
			6.59349593495935	-3.73170731707317
			6.59756097560976	-3.73170731707317
			6.60162601626016	-3.73170731707317
			6.60162601626016	-3.72764227642276
			6.60569105691057	-3.72764227642276
			6.60975609756098	-3.72764227642276
			6.61382113821138	-3.72357723577236
			6.61788617886179	-3.72357723577236
			6.6219512195122	-3.72357723577236
			6.6260162601626	-3.71951219512195
			6.63008130081301	-3.71951219512195
			6.63414634146342	-3.71544715447155
			6.63821138211382	-3.71544715447155
			6.64227642276423	-3.71544715447155
			6.64634146341464	-3.71138211382114
			6.65040650406504	-3.71138211382114
			6.65040650406504	-3.70731707317073
			6.65447154471545	-3.70731707317073
			6.65853658536585	-3.70731707317073
			6.66260162601626	-3.70325203252033
			6.66666666666667	-3.70325203252033
			6.67073170731707	-3.70325203252033
			6.67479674796748	-3.69918699186992
			6.67886178861789	-3.69918699186992
			6.68292682926829	-3.69512195121951
			6.6869918699187	-3.69512195121951
			6.69105691056911	-3.69512195121951
			6.69512195121951	-3.69105691056911
			6.69918699186992	-3.69105691056911
			6.70325203252033	-3.69105691056911
			6.70731707317073	-3.6869918699187
			6.71138211382114	-3.6869918699187
			6.71544715447155	-3.68292682926829
			6.71951219512195	-3.68292682926829
			6.72357723577236	-3.68292682926829
			6.72764227642277	-3.67886178861789
			6.73170731707317	-3.67886178861789
			6.73577235772358	-3.67886178861789
			6.73983739837398	-3.67479674796748
			6.74390243902439	-3.67479674796748
			6.7479674796748	-3.67073170731707
			6.7520325203252	-3.67073170731707
			6.75609756097561	-3.67073170731707
			6.76016260162602	-3.66666666666667
			6.76422764227642	-3.66666666666667
			6.76829268292683	-3.66260162601626
			6.77235772357724	-3.66260162601626
			6.77642276422764	-3.66260162601626
			6.78048780487805	-3.65853658536585
			6.78455284552846	-3.65853658536585
			6.78861788617886	-3.65853658536585
			6.79268292682927	-3.65447154471545
			6.79674796747968	-3.65447154471545
			6.80081300813008	-3.65447154471545
			6.80487804878049	-3.65040650406504
			6.80894308943089	-3.65040650406504
			6.8130081300813	-3.64634146341463
			6.81707317073171	-3.64634146341463
			6.82113821138211	-3.64634146341463
			6.82520325203252	-3.64634146341463
			6.82926829268293	-3.64227642276423
			6.83333333333333	-3.64227642276423
			6.83739837398374	-3.63821138211382
			6.84146341463415	-3.63821138211382
			6.84552845528455	-3.63821138211382
			6.84959349593496	-3.63821138211382
			6.84959349593496	-3.63414634146342
			6.85365853658537	-3.63414634146342
			6.85772357723577	-3.63414634146342
			6.86178861788618	-3.63414634146342
			6.86178861788618	-3.63008130081301
			6.86585365853659	-3.63008130081301
			6.86991869918699	-3.63008130081301
			6.8739837398374	-3.63008130081301
			6.87804878048781	-3.6260162601626
			6.88211382113821	-3.6260162601626
			6.88617886178862	-3.6260162601626
			6.89024390243902	-3.6219512195122
			6.89430894308943	-3.6219512195122
			6.89837398373984	-3.6219512195122
			6.90243902439024	-3.61788617886179
			6.90650406504065	-3.61788617886179
			6.91056910569106	-3.61788617886179
			6.91463414634146	-3.61382113821138
			6.91869918699187	-3.61382113821138
			6.92276422764228	-3.61382113821138
			6.92682926829268	-3.61382113821138
			6.93089430894309	-3.60975609756098
			6.9349593495935	-3.60975609756098
			6.9390243902439	-3.60569105691057
			6.94308943089431	-3.60569105691057
			6.94715447154472	-3.60569105691057
			6.95121951219512	-3.60569105691057
			6.95528455284553	-3.60162601626016
			6.95934959349594	-3.60162601626016
			6.96341463414634	-3.60162601626016
			6.96747967479675	-3.59756097560976
			6.97154471544716	-3.59756097560976
			6.97560975609756	-3.59756097560976
			6.97967479674797	-3.59349593495935
			6.98373983739837	-3.59349593495935
			6.98780487804878	-3.59349593495935
			6.99186991869919	-3.59349593495935
			6.99593495934959	-3.58943089430894
			7	-3.58943089430894
			7.00406504065041	-3.58943089430894
			7.00813008130081	-3.58536585365854
			7.01219512195122	-3.58536585365854
			7.01626016260163	-3.58536585365854
			7.02032520325203	-3.58536585365854
			7.02439024390244	-3.58130081300813
			7.02845528455285	-3.58130081300813
			7.03252032520325	-3.58130081300813
			7.03658536585366	-3.57723577235772
			7.04065040650407	-3.57723577235772
			7.04471544715447	-3.57723577235772
			7.04878048780488	-3.57723577235772
			7.05284552845529	-3.57317073170732
			7.05691056910569	-3.57317073170732
			7.0609756097561	-3.57317073170732
			7.0650406504065	-3.57317073170732
			7.06910569105691	-3.56910569105691
			7.07317073170732	-3.56910569105691
			7.07723577235772	-3.56910569105691
			7.08130081300813	-3.5650406504065
			7.08536585365854	-3.5650406504065
			7.08943089430894	-3.5650406504065
			7.09349593495935	-3.5650406504065
			7.09756097560976	-3.5609756097561
			7.10162601626016	-3.5609756097561
			7.10569105691057	-3.5609756097561
			7.10975609756098	-3.5609756097561
			7.11382113821138	-3.55691056910569
			7.11788617886179	-3.55691056910569
			7.1219512195122	-3.55691056910569
			7.1260162601626	-3.55691056910569
			7.13008130081301	-3.55284552845528
			7.13414634146342	-3.55284552845528
			7.13821138211382	-3.55284552845528
			7.14227642276423	-3.55284552845528
			7.14634146341464	-3.54878048780488
			7.15040650406504	-3.54878048780488
			7.15447154471545	-3.54878048780488
			7.15853658536585	-3.54878048780488
			7.16260162601626	-3.54471544715447
			7.16666666666667	-3.54471544715447
			7.17073170731707	-3.54471544715447
			7.17479674796748	-3.54065040650407
			7.17886178861789	-3.54065040650407
			7.18292682926829	-3.54065040650407
			7.1869918699187	-3.53658536585366
			7.19105691056911	-3.53658536585366
			7.19512195121951	-3.53658536585366
			7.19918699186992	-3.53252032520325
			7.20325203252033	-3.53252032520325
			7.20731707317073	-3.53252032520325
			7.21138211382114	-3.52845528455285
			7.21544715447155	-3.52845528455285
			7.21951219512195	-3.52845528455285
			7.22357723577236	-3.52439024390244
			7.22764227642277	-3.52439024390244
			7.23170731707317	-3.52439024390244
			7.23577235772358	-3.52439024390244
			7.23983739837398	-3.52032520325203
			7.24390243902439	-3.52032520325203
			7.2479674796748	-3.52032520325203
			7.2520325203252	-3.51626016260163
			7.25609756097561	-3.51626016260163
			7.26016260162602	-3.51626016260163
			7.26422764227642	-3.51219512195122
			7.26829268292683	-3.51219512195122
			7.27235772357724	-3.51219512195122
			7.27642276422764	-3.51219512195122
			7.28048780487805	-3.50813008130081
			7.28455284552846	-3.50813008130081
			7.28861788617886	-3.50813008130081
			7.29268292682927	-3.50813008130081
			7.29674796747968	-3.50406504065041
			7.30081300813008	-3.50406504065041
			7.30487804878049	-3.50406504065041
			7.30894308943089	-3.5
			7.3130081300813	-3.5
			7.31707317073171	-3.5
			7.32113821138211	-3.5
			7.32520325203252	-3.49593495934959
			7.32926829268293	-3.49593495934959
			7.33333333333333	-3.49593495934959
			7.33739837398374	-3.49186991869919
			7.34146341463415	-3.49186991869919
			7.34552845528455	-3.49186991869919
			7.34959349593496	-3.49186991869919
			7.35365853658537	-3.48780487804878
			7.35772357723577	-3.48780487804878
			7.36178861788618	-3.48780487804878
			7.36585365853659	-3.48780487804878
			7.36991869918699	-3.48373983739837
			7.3739837398374	-3.48373983739837
			7.37804878048781	-3.48373983739837
			7.38211382113821	-3.48373983739837
			7.38617886178862	-3.47967479674797
			7.39024390243902	-3.47967479674797
			7.39430894308943	-3.47967479674797
			7.39837398373984	-3.47967479674797
			7.40243902439024	-3.47560975609756
			7.40650406504065	-3.47560975609756
			7.41056910569106	-3.47560975609756
			7.41463414634146	-3.47560975609756
			7.41869918699187	-3.47154471544716
			7.42276422764228	-3.47154471544716
			7.42682926829268	-3.47154471544716
			7.43089430894309	-3.47154471544716
			7.4349593495935	-3.46747967479675
			7.4390243902439	-3.46747967479675
			7.44308943089431	-3.46747967479675
			7.44715447154472	-3.46747967479675
			7.45121951219512	-3.46747967479675
			7.45528455284553	-3.46341463414634
			7.45934959349594	-3.46341463414634
			7.46341463414634	-3.46341463414634
			7.46747967479675	-3.46341463414634
			7.47154471544716	-3.45934959349594
			7.47560975609756	-3.45934959349594
			7.47967479674797	-3.45934959349594
			7.48373983739837	-3.45934959349594
			7.48780487804878	-3.45528455284553
			7.49186991869919	-3.45528455284553
			7.49593495934959	-3.45528455284553
			7.5	-3.45528455284553
			7.50406504065041	-3.45121951219512
			7.50813008130081	-3.45121951219512
			7.51219512195122	-3.45121951219512
			7.51626016260163	-3.45121951219512
			7.52032520325203	-3.45121951219512
			7.52439024390244	-3.44715447154472
			7.52845528455285	-3.44715447154472
			7.53252032520325	-3.44715447154472
			7.53658536585366	-3.44715447154472
			7.54065040650407	-3.44308943089431
			7.54471544715447	-3.44308943089431
			7.54878048780488	-3.44308943089431
			7.55284552845529	-3.44308943089431
			7.55691056910569	-3.44308943089431
			7.5609756097561	-3.4390243902439
			7.56504065040651	-3.4390243902439
			7.56910569105691	-3.4390243902439
			7.57317073170732	-3.4390243902439
			7.57723577235772	-3.4349593495935
			7.58130081300813	-3.4349593495935
			7.58536585365854	-3.4349593495935
			7.58943089430894	-3.4349593495935
			7.59349593495935	-3.4349593495935
			7.59756097560976	-3.43089430894309
			7.60162601626016	-3.43089430894309
			7.60569105691057	-3.43089430894309
			7.60975609756098	-3.43089430894309
			7.61382113821138	-3.43089430894309
			7.61788617886179	-3.42682926829268
			7.6219512195122	-3.42682926829268
			7.6260162601626	-3.42682926829268
			7.63008130081301	-3.42682926829268
			7.63414634146342	-3.42682926829268
			7.63821138211382	-3.42276422764228
			7.64227642276423	-3.42276422764228
			7.64634146341464	-3.42276422764228
			7.65040650406504	-3.42276422764228
			7.65447154471545	-3.42276422764228
			7.65853658536585	-3.41869918699187
			7.66260162601626	-3.41869918699187
			7.66666666666667	-3.41869918699187
			7.67073170731707	-3.41869918699187
			7.67479674796748	-3.41463414634146
			7.67886178861789	-3.41463414634146
			7.68292682926829	-3.41463414634146
			7.6869918699187	-3.41463414634146
			7.69105691056911	-3.41463414634146
			7.69512195121951	-3.41056910569106
			7.69918699186992	-3.41056910569106
			7.70325203252033	-3.41056910569106
			7.70731707317073	-3.41056910569106
			7.71138211382114	-3.41056910569106
			7.71544715447155	-3.40650406504065
			7.71951219512195	-3.40650406504065
			7.72357723577236	-3.40650406504065
			7.72764227642277	-3.40650406504065
			7.73170731707317	-3.40650406504065
			7.73577235772358	-3.40243902439024
			7.73983739837398	-3.40243902439024
			7.74390243902439	-3.40243902439024
			7.7479674796748	-3.40243902439024
			7.7520325203252	-3.40243902439024
			7.75609756097561	-3.40243902439024
			7.76016260162602	-3.39837398373984
			7.76422764227642	-3.39837398373984
			7.76829268292683	-3.39837398373984
			7.77235772357724	-3.39837398373984
			7.77642276422764	-3.39837398373984
			7.78048780487805	-3.39430894308943
			7.78455284552846	-3.39430894308943
			7.78861788617886	-3.39430894308943
			7.79268292682927	-3.39430894308943
			7.79674796747968	-3.39430894308943
			7.80081300813008	-3.39024390243902
			7.80487804878049	-3.39024390243902
			7.80894308943089	-3.39024390243902
			7.8130081300813	-3.39024390243902
			7.81707317073171	-3.39024390243902
			7.82113821138211	-3.39024390243902
			7.82520325203252	-3.38617886178862
			7.82926829268293	-3.38617886178862
			7.83333333333333	-3.38617886178862
			7.83739837398374	-3.38617886178862
			7.84146341463415	-3.38617886178862
			7.84552845528455	-3.38211382113821
			7.84959349593496	-3.38211382113821
			7.85365853658537	-3.38211382113821
			7.85772357723577	-3.38211382113821
			7.86178861788618	-3.38211382113821
			7.86585365853659	-3.37804878048781
			7.86991869918699	-3.37804878048781
			7.8739837398374	-3.37804878048781
			7.87804878048781	-3.37804878048781
			7.88211382113821	-3.37804878048781
			7.88617886178862	-3.3739837398374
			7.89024390243903	-3.3739837398374
			7.89430894308943	-3.3739837398374
			7.89837398373984	-3.3739837398374
			7.90243902439024	-3.3739837398374
			7.90650406504065	-3.3739837398374
			7.91056910569106	-3.36991869918699
			7.91463414634146	-3.36991869918699
			7.91869918699187	-3.36991869918699
			7.92276422764228	-3.36991869918699
			7.92682926829268	-3.36991869918699
			7.93089430894309	-3.36991869918699
			7.9349593495935	-3.36585365853659
			7.9390243902439	-3.36585365853659
			7.94308943089431	-3.36585365853659
			7.94715447154472	-3.36585365853659
			7.95121951219512	-3.36585365853659
			7.95528455284553	-3.36585365853659
			7.95934959349594	-3.36178861788618
			7.96341463414634	-3.36178861788618
			7.96747967479675	-3.36178861788618
			7.97154471544716	-3.36178861788618
			7.97560975609756	-3.36178861788618
			7.97967479674797	-3.35772357723577
			7.98373983739837	-3.35772357723577
			7.98780487804878	-3.35772357723577
			7.99186991869919	-3.35772357723577
			7.99593495934959	-3.35772357723577
			8	-3.35772357723577
			8.00406504065041	-3.35365853658537
			8.00813008130081	-3.35365853658537
			8.01219512195122	-3.35365853658537
			8.01626016260163	-3.35365853658537
			8.02032520325203	-3.35365853658537
			8.02439024390244	-3.35365853658537
			8.02845528455285	-3.34959349593496
			8.03252032520325	-3.34959349593496
			8.03658536585366	-3.34959349593496
			8.04065040650407	-3.34959349593496
			8.04471544715447	-3.34959349593496
			8.04878048780488	-3.34959349593496
			8.05284552845529	-3.34552845528455
			8.05691056910569	-3.34552845528455
			8.0609756097561	-3.34552845528455
			8.06504065040651	-3.34552845528455
			8.06910569105691	-3.34552845528455
			8.07317073170732	-3.34552845528455
			8.07723577235772	-3.34146341463415
			8.08130081300813	-3.34146341463415
			8.08536585365854	-3.34146341463415
			8.08943089430894	-3.34146341463415
			8.09349593495935	-3.34146341463415
			8.09756097560976	-3.33739837398374
			8.10162601626016	-3.33739837398374
			8.10569105691057	-3.33739837398374
			8.10975609756098	-3.33739837398374
			8.11382113821138	-3.33739837398374
			8.11788617886179	-3.33739837398374
			8.1219512195122	-3.33739837398374
			8.1260162601626	-3.33333333333333
			8.13008130081301	-3.33333333333333
			8.13414634146342	-3.33333333333333
			8.13821138211382	-3.33333333333333
			8.14227642276423	-3.33333333333333
			8.14634146341463	-3.33333333333333
			8.15040650406504	-3.32926829268293
			8.15447154471545	-3.32926829268293
			8.15853658536586	-3.32926829268293
			8.16260162601626	-3.32926829268293
			8.16666666666667	-3.32926829268293
			8.17073170731707	-3.32926829268293
			8.17479674796748	-3.32926829268293
			8.17886178861789	-3.32520325203252
			8.18292682926829	-3.32520325203252
			8.1869918699187	-3.32520325203252
			8.19105691056911	-3.32520325203252
			8.19512195121951	-3.32520325203252
			8.19918699186992	-3.32113821138211
			8.20325203252033	-3.32113821138211
			8.20731707317073	-3.32113821138211
			8.21138211382114	-3.32113821138211
			8.21544715447155	-3.32113821138211
			8.21951219512195	-3.32113821138211
			8.22357723577236	-3.32113821138211
			8.22764227642277	-3.31707317073171
			8.23170731707317	-3.31707317073171
			8.23577235772358	-3.31707317073171
			8.23983739837398	-3.31707317073171
			8.24390243902439	-3.31707317073171
			8.2479674796748	-3.31707317073171
			8.2520325203252	-3.3130081300813
			8.25609756097561	-3.3130081300813
			8.26016260162602	-3.3130081300813
			8.26422764227642	-3.3130081300813
			8.26829268292683	-3.3130081300813
			8.27235772357724	-3.3130081300813
			8.27642276422764	-3.3130081300813
			8.28048780487805	-3.30894308943089
			8.28455284552846	-3.30894308943089
			8.28861788617886	-3.30894308943089
			8.29268292682927	-3.30894308943089
			8.29674796747967	-3.30894308943089
			8.30081300813008	-3.30894308943089
			8.30487804878049	-3.30487804878049
			8.3089430894309	-3.30487804878049
			8.3130081300813	-3.30487804878049
			8.31707317073171	-3.30487804878049
			8.32113821138211	-3.30487804878049
			8.32520325203252	-3.30487804878049
			8.32926829268293	-3.30487804878049
			8.33333333333333	-3.30081300813008
			8.33739837398374	-3.30081300813008
			8.34146341463415	-3.30081300813008
			8.34552845528455	-3.30081300813008
			8.34959349593496	-3.30081300813008
			8.35365853658537	-3.30081300813008
			8.35772357723577	-3.29674796747968
			8.36178861788618	-3.29674796747968
			8.36585365853659	-3.29674796747968
			8.36991869918699	-3.29674796747968
			8.3739837398374	-3.29674796747968
			8.37804878048781	-3.29674796747968
			8.38211382113821	-3.29674796747968
			8.38617886178862	-3.29268292682927
			8.39024390243902	-3.29268292682927
			8.39430894308943	-3.29268292682927
			8.39837398373984	-3.29268292682927
			8.40243902439025	-3.29268292682927
			8.40650406504065	-3.29268292682927
			8.41056910569106	-3.29268292682927
			8.41463414634146	-3.28861788617886
			8.41869918699187	-3.28861788617886
			8.42276422764228	-3.28861788617886
			8.42682926829268	-3.28861788617886
			8.43089430894309	-3.28861788617886
			8.4349593495935	-3.28861788617886
			8.4390243902439	-3.28861788617886
			8.44308943089431	-3.28455284552846
			8.44715447154472	-3.28455284552846
			8.45121951219512	-3.28455284552846
			8.45528455284553	-3.28455284552846
			8.45934959349594	-3.28455284552846
			8.46341463414634	-3.28455284552846
			8.46747967479675	-3.28455284552846
			8.47154471544716	-3.28048780487805
			8.47560975609756	-3.28048780487805
			8.47967479674797	-3.28048780487805
			8.48373983739837	-3.28048780487805
			8.48780487804878	-3.28048780487805
			8.49186991869919	-3.28048780487805
			8.49593495934959	-3.28048780487805
			8.5	-3.28048780487805
			8.50406504065041	-3.27642276422764
			8.50813008130081	-3.27642276422764
			8.51219512195122	-3.27642276422764
			8.51626016260163	-3.27642276422764
			8.52032520325203	-3.27642276422764
			8.52439024390244	-3.27642276422764
			8.52845528455285	-3.27642276422764
			8.53252032520325	-3.27235772357724
			8.53658536585366	-3.27235772357724
			8.54065040650407	-3.27235772357724
			8.54471544715447	-3.27235772357724
			8.54878048780488	-3.27235772357724
			8.55284552845529	-3.27235772357724
			8.55691056910569	-3.27235772357724
			8.5609756097561	-3.27235772357724
			8.56504065040651	-3.27235772357724
			8.56504065040651	-3.26829268292683
			8.56910569105691	-3.26829268292683
			8.57317073170732	-3.26829268292683
			8.57723577235772	-3.26829268292683
			8.58130081300813	-3.26829268292683
			8.58536585365854	-3.26829268292683
			8.58943089430894	-3.26829268292683
			8.59349593495935	-3.26829268292683
			8.59756097560976	-3.26829268292683
			8.60162601626016	-3.26422764227642
			8.60569105691057	-3.26422764227642
			8.60975609756098	-3.26422764227642
			8.61382113821138	-3.26422764227642
			8.61788617886179	-3.26422764227642
			8.6219512195122	-3.26422764227642
			8.6260162601626	-3.26422764227642
			8.63008130081301	-3.26422764227642
			8.63414634146342	-3.26422764227642
			8.63414634146342	-3.26016260162602
			8.63821138211382	-3.26016260162602
			8.64227642276423	-3.26016260162602
			8.64634146341463	-3.26016260162602
			8.65040650406504	-3.26016260162602
			8.65447154471545	-3.26016260162602
			8.65853658536586	-3.26016260162602
			8.66260162601626	-3.26016260162602
			8.66666666666667	-3.26016260162602
			8.67073170731707	-3.26016260162602
			8.67479674796748	-3.25609756097561
			8.67886178861789	-3.25609756097561
			8.68292682926829	-3.25609756097561
			8.6869918699187	-3.25609756097561
			8.69105691056911	-3.25609756097561
			8.69512195121951	-3.25609756097561
			8.69918699186992	-3.25609756097561
			8.70325203252033	-3.25609756097561
			8.70731707317073	-3.25609756097561
			8.71138211382114	-3.25609756097561
			8.71544715447155	-3.2520325203252
			8.71951219512195	-3.2520325203252
			8.72357723577236	-3.2520325203252
			8.72764227642277	-3.2520325203252
			8.73170731707317	-3.2520325203252
			8.73577235772358	-3.2520325203252
			8.73983739837398	-3.2520325203252
			8.74390243902439	-3.2520325203252
			8.7479674796748	-3.2520325203252
			8.7520325203252	-3.2520325203252
			8.75609756097561	-3.2479674796748
			8.76016260162602	-3.2479674796748
			8.76422764227642	-3.2479674796748
			8.76829268292683	-3.2479674796748
			8.77235772357724	-3.2479674796748
			8.77642276422764	-3.2479674796748
			8.78048780487805	-3.2479674796748
			8.78455284552846	-3.2479674796748
			8.78861788617886	-3.2479674796748
			8.79268292682927	-3.2479674796748
			8.79674796747967	-3.2479674796748
			8.80081300813008	-3.2479674796748
			8.80487804878049	-3.24390243902439
			8.8089430894309	-3.24390243902439
			8.8130081300813	-3.24390243902439
			8.81707317073171	-3.24390243902439
			8.82113821138211	-3.24390243902439
			8.82520325203252	-3.24390243902439
			8.82926829268293	-3.24390243902439
			8.83333333333333	-3.24390243902439
			8.83739837398374	-3.24390243902439
			8.84146341463415	-3.24390243902439
			8.84552845528455	-3.24390243902439
			8.84959349593496	-3.24390243902439
			8.85365853658537	-3.23983739837398
			8.85772357723577	-3.23983739837398
			8.86178861788618	-3.23983739837398
			8.86585365853659	-3.23983739837398
			8.86991869918699	-3.23983739837398
			8.8739837398374	-3.23983739837398
			8.87804878048781	-3.23983739837398
			8.88211382113821	-3.23983739837398
			8.88617886178862	-3.23983739837398
			8.89024390243902	-3.23983739837398
			8.89430894308943	-3.23983739837398
			8.89837398373984	-3.23983739837398
			8.90243902439025	-3.23983739837398
			8.90650406504065	-3.23983739837398
			8.91056910569106	-3.23577235772358
			8.91463414634146	-3.23577235772358
			8.91869918699187	-3.23577235772358
			8.92276422764228	-3.23577235772358
			8.92682926829268	-3.23577235772358
			8.93089430894309	-3.23577235772358
			8.9349593495935	-3.23577235772358
			8.9390243902439	-3.23577235772358
			8.94308943089431	-3.23577235772358
			8.94715447154472	-3.23577235772358
			8.95121951219512	-3.23577235772358
			8.95528455284553	-3.23577235772358
			8.95934959349594	-3.23577235772358
			8.96341463414634	-3.23577235772358
			8.96747967479675	-3.23577235772358
			8.97154471544716	-3.23577235772358
			8.97560975609756	-3.23577235772358
			8.97967479674797	-3.23170731707317
			8.98373983739837	-3.23170731707317
			8.98780487804878	-3.23170731707317
			8.99186991869919	-3.23170731707317
			8.99593495934959	-3.23170731707317
			9	-3.23170731707317
			9.00406504065041	-3.23170731707317
			9.00813008130081	-3.23170731707317
			9.01219512195122	-3.23170731707317
			9.01626016260163	-3.23170731707317
			9.02032520325203	-3.23170731707317
			9.02439024390244	-3.23170731707317
			9.02845528455285	-3.23170731707317
			9.03252032520325	-3.23170731707317
			9.03658536585366	-3.23170731707317
			9.04065040650407	-3.23170731707317
			9.04471544715447	-3.23170731707317
			9.04878048780488	-3.23170731707317
			9.05284552845529	-3.23170731707317
			9.05691056910569	-3.23170731707317
			9.0609756097561	-3.22764227642276
			9.06504065040651	-3.22764227642276
			9.06910569105691	-3.22764227642276
			9.07317073170732	-3.22764227642276
			9.07723577235772	-3.22764227642276
			9.08130081300813	-3.22764227642276
			9.08536585365854	-3.22764227642276
			9.08943089430894	-3.22764227642276
			9.09349593495935	-3.22764227642276
			9.09756097560976	-3.22764227642276
			9.10162601626016	-3.22764227642276
			9.10569105691057	-3.22764227642276
			9.10975609756098	-3.22764227642276
			9.11382113821138	-3.22764227642276
		</body_ant>
		<body_post type=matrix rownames=FALSE colnames=FALSE nrow=703 ncol=2 as.numeric=TRUE >
			10.280487804878	-3.4349593495935
			10.2845528455285	-3.4349593495935
			10.2886178861789	-3.4349593495935
			10.2926829268293	-3.4349593495935
			10.2967479674797	-3.4349593495935
			10.3008130081301	-3.4349593495935
			10.3048780487805	-3.4349593495935
			10.3089430894309	-3.4349593495935
			10.3130081300813	-3.4349593495935
			10.3170731707317	-3.4349593495935
			10.3211382113821	-3.4349593495935
			10.3252032520325	-3.4349593495935
			10.3292682926829	-3.4349593495935
			10.3333333333333	-3.4349593495935
			10.3373983739837	-3.4349593495935
			10.3414634146341	-3.4349593495935
			10.3455284552846	-3.4349593495935
			10.349593495935	-3.4349593495935
			10.3536585365854	-3.4349593495935
			10.3577235772358	-3.4349593495935
			10.3617886178862	-3.4349593495935
			10.3658536585366	-3.4349593495935
			10.369918699187	-3.4349593495935
			10.3739837398374	-3.4349593495935
			10.3780487804878	-3.4349593495935
			10.3821138211382	-3.4349593495935
			10.3861788617886	-3.4349593495935
			10.390243902439	-3.4349593495935
			10.3943089430894	-3.4349593495935
			10.3983739837398	-3.4349593495935
			10.4024390243902	-3.4349593495935
			10.4065040650407	-3.4349593495935
			10.4105691056911	-3.4390243902439
			10.4146341463415	-3.4390243902439
			10.4186991869919	-3.4390243902439
			10.4227642276423	-3.4390243902439
			10.4268292682927	-3.4390243902439
			10.4308943089431	-3.4390243902439
			10.4349593495935	-3.4390243902439
			10.4390243902439	-3.4390243902439
			10.4430894308943	-3.4390243902439
			10.4471544715447	-3.4390243902439
			10.4512195121951	-3.4390243902439
			10.4552845528455	-3.4390243902439
			10.4593495934959	-3.4390243902439
			10.4634146341463	-3.4390243902439
			10.4674796747967	-3.4390243902439
			10.4715447154472	-3.4390243902439
			10.4756097560976	-3.4390243902439
			10.479674796748	-3.4390243902439
			10.4837398373984	-3.4390243902439
			10.4878048780488	-3.4390243902439
			10.4918699186992	-3.4390243902439
			10.4959349593496	-3.4390243902439
			10.5	-3.4390243902439
			10.5040650406504	-3.4390243902439
			10.5081300813008	-3.4390243902439
			10.5121951219512	-3.4390243902439
			10.5162601626016	-3.4390243902439
			10.520325203252	-3.4390243902439
			10.5243902439024	-3.4390243902439
			10.5284552845528	-3.4390243902439
			10.5325203252033	-3.4390243902439
			10.5365853658537	-3.4390243902439
			10.5406504065041	-3.4390243902439
			10.5447154471545	-3.4390243902439
			10.5487804878049	-3.4390243902439
			10.5528455284553	-3.4390243902439
			10.5569105691057	-3.4390243902439
			10.5609756097561	-3.4390243902439
			10.5650406504065	-3.4390243902439
			10.5691056910569	-3.4390243902439
			10.5731707317073	-3.4390243902439
			10.5772357723577	-3.4390243902439
			10.5813008130081	-3.4390243902439
			10.5853658536585	-3.4390243902439
			10.5894308943089	-3.4390243902439
			10.5934959349594	-3.4390243902439
			10.5975609756098	-3.4390243902439
			10.6016260162602	-3.4390243902439
			10.6056910569106	-3.4390243902439
			10.609756097561	-3.4390243902439
			10.6138211382114	-3.4390243902439
			10.6178861788618	-3.4390243902439
			10.6219512195122	-3.4390243902439
			10.6260162601626	-3.4390243902439
			10.630081300813	-3.4390243902439
			10.6341463414634	-3.4390243902439
			10.6382113821138	-3.4390243902439
			10.6422764227642	-3.4390243902439
			10.6463414634146	-3.4390243902439
			10.650406504065	-3.4390243902439
			10.6544715447154	-3.4390243902439
			10.6585365853659	-3.4390243902439
			10.6626016260163	-3.4390243902439
			10.6666666666667	-3.4390243902439
			10.6707317073171	-3.4390243902439
			10.6747967479675	-3.4390243902439
			10.6788617886179	-3.4390243902439
			10.6829268292683	-3.4390243902439
			10.6869918699187	-3.4390243902439
			10.6910569105691	-3.4390243902439
			10.6951219512195	-3.4390243902439
			10.6991869918699	-3.4390243902439
			10.7032520325203	-3.4390243902439
			10.7073170731707	-3.4390243902439
			10.7113821138211	-3.4390243902439
			10.7154471544715	-3.4390243902439
			10.719512195122	-3.4390243902439
			10.7235772357724	-3.4390243902439
			10.7276422764228	-3.44308943089431
			10.7317073170732	-3.44308943089431
			10.7357723577236	-3.44308943089431
			10.739837398374	-3.44308943089431
			10.7439024390244	-3.44308943089431
			10.7479674796748	-3.44308943089431
			10.7520325203252	-3.44308943089431
			10.7560975609756	-3.44308943089431
			10.760162601626	-3.44308943089431
			10.7642276422764	-3.44308943089431
			10.7682926829268	-3.44308943089431
			10.7723577235772	-3.44308943089431
			10.7764227642276	-3.44308943089431
			10.780487804878	-3.44308943089431
			10.7845528455285	-3.44308943089431
			10.7886178861789	-3.44308943089431
			10.7926829268293	-3.44308943089431
			10.7967479674797	-3.44308943089431
			10.8008130081301	-3.44308943089431
			10.8048780487805	-3.44308943089431
			10.8089430894309	-3.44308943089431
			10.8130081300813	-3.44308943089431
			10.8170731707317	-3.44308943089431
			10.8211382113821	-3.44308943089431
			10.8252032520325	-3.44308943089431
			10.8292682926829	-3.44308943089431
			10.8333333333333	-3.44308943089431
			10.8373983739837	-3.44308943089431
			10.8414634146341	-3.44308943089431
			10.8455284552846	-3.44308943089431
			10.849593495935	-3.44308943089431
			10.8536585365854	-3.44308943089431
			10.8577235772358	-3.44308943089431
			10.8617886178862	-3.44308943089431
			10.8658536585366	-3.44308943089431
			10.869918699187	-3.44308943089431
			10.8739837398374	-3.44308943089431
			10.8780487804878	-3.44308943089431
			10.8821138211382	-3.44308943089431
			10.8861788617886	-3.44308943089431
			10.890243902439	-3.44308943089431
			10.8943089430894	-3.44308943089431
			10.8983739837398	-3.44308943089431
			10.9024390243902	-3.44308943089431
			10.9065040650407	-3.44308943089431
			10.9105691056911	-3.44308943089431
			10.9146341463415	-3.44308943089431
			10.9186991869919	-3.44308943089431
			10.9227642276423	-3.44308943089431
			10.9268292682927	-3.44308943089431
			10.9308943089431	-3.44308943089431
			10.9349593495935	-3.44308943089431
			10.9390243902439	-3.44308943089431
			10.9430894308943	-3.44308943089431
			10.9471544715447	-3.44308943089431
			10.9512195121951	-3.44308943089431
			10.9552845528455	-3.44308943089431
			10.9593495934959	-3.44308943089431
			10.9634146341463	-3.44308943089431
			10.9674796747967	-3.44308943089431
			10.9715447154472	-3.44308943089431
			10.9756097560976	-3.44308943089431
			10.979674796748	-3.44308943089431
			10.9837398373984	-3.44308943089431
			10.9878048780488	-3.44308943089431
			10.9918699186992	-3.44308943089431
			10.9959349593496	-3.44308943089431
			11	-3.44308943089431
			11.0040650406504	-3.44308943089431
			11.0081300813008	-3.44308943089431
			11.0121951219512	-3.44308943089431
			11.0162601626016	-3.44308943089431
			11.020325203252	-3.44308943089431
			11.0243902439024	-3.44308943089431
			11.0284552845528	-3.44308943089431
			11.0325203252033	-3.44308943089431
			11.0365853658537	-3.44308943089431
			11.0406504065041	-3.44308943089431
			11.0447154471545	-3.44308943089431
			11.0487804878049	-3.44308943089431
			11.0528455284553	-3.44308943089431
			11.0569105691057	-3.44308943089431
			11.0609756097561	-3.44308943089431
			11.0650406504065	-3.44308943089431
			11.0691056910569	-3.44308943089431
			11.0731707317073	-3.44308943089431
			11.0772357723577	-3.44308943089431
			11.0813008130081	-3.44308943089431
			11.0853658536585	-3.44308943089431
			11.0894308943089	-3.44308943089431
			11.0934959349594	-3.44308943089431
			11.0975609756098	-3.44308943089431
			11.1016260162602	-3.44308943089431
			11.1056910569106	-3.44308943089431
			11.109756097561	-3.44308943089431
			11.1138211382114	-3.44308943089431
			11.1178861788618	-3.44308943089431
			11.1219512195122	-3.44308943089431
			11.1260162601626	-3.44308943089431
			11.130081300813	-3.44308943089431
			11.1341463414634	-3.44308943089431
			11.1382113821138	-3.44308943089431
			11.1422764227642	-3.44308943089431
			11.1463414634146	-3.44308943089431
			11.150406504065	-3.44308943089431
			11.1544715447154	-3.44308943089431
			11.1585365853659	-3.44308943089431
			11.1626016260163	-3.44308943089431
			11.1666666666667	-3.44308943089431
			11.1707317073171	-3.44308943089431
			11.1747967479675	-3.44308943089431
			11.1788617886179	-3.44308943089431
			11.1829268292683	-3.44308943089431
			11.1869918699187	-3.44308943089431
			11.1910569105691	-3.44308943089431
			11.1951219512195	-3.44308943089431
			11.1991869918699	-3.44308943089431
			11.2032520325203	-3.44308943089431
			11.2073170731707	-3.44308943089431
			11.2113821138211	-3.44308943089431
			11.2154471544715	-3.44308943089431
			11.219512195122	-3.44308943089431
			11.2235772357724	-3.44308943089431
			11.2276422764228	-3.44308943089431
			11.2317073170732	-3.44308943089431
			11.2357723577236	-3.44308943089431
			11.239837398374	-3.44308943089431
			11.2439024390244	-3.44308943089431
			11.2479674796748	-3.44308943089431
			11.2520325203252	-3.44308943089431
			11.2560975609756	-3.44308943089431
			11.260162601626	-3.44308943089431
			11.2642276422764	-3.44308943089431
			11.2682926829268	-3.44308943089431
			11.2723577235772	-3.44308943089431
			11.2764227642276	-3.44308943089431
			11.280487804878	-3.44308943089431
			11.2845528455285	-3.44308943089431
			11.2886178861789	-3.44308943089431
			11.2926829268293	-3.44308943089431
			11.2967479674797	-3.44308943089431
			11.3008130081301	-3.44308943089431
			11.3048780487805	-3.44308943089431
			11.3089430894309	-3.44308943089431
			11.3130081300813	-3.44308943089431
			11.3170731707317	-3.44308943089431
			11.3211382113821	-3.44308943089431
			11.3252032520325	-3.44308943089431
			11.3292682926829	-3.44308943089431
			11.3333333333333	-3.44308943089431
			11.3373983739837	-3.44308943089431
			11.3414634146341	-3.44308943089431
			11.3455284552846	-3.44308943089431
			11.349593495935	-3.44308943089431
			11.3536585365854	-3.44308943089431
			11.3577235772358	-3.44308943089431
			11.3617886178862	-3.44308943089431
			11.3658536585366	-3.44308943089431
			11.369918699187	-3.44308943089431
			11.3739837398374	-3.44308943089431
			11.3780487804878	-3.44308943089431
			11.3821138211382	-3.44308943089431
			11.3861788617886	-3.44308943089431
			11.390243902439	-3.44308943089431
			11.3943089430894	-3.44308943089431
			11.3983739837398	-3.44308943089431
			11.4024390243902	-3.44308943089431
			11.4065040650407	-3.44308943089431
			11.4105691056911	-3.44308943089431
			11.4146341463415	-3.44308943089431
			11.4186991869919	-3.44308943089431
			11.4227642276423	-3.44308943089431
			11.4268292682927	-3.44308943089431
			11.4308943089431	-3.44308943089431
			11.4349593495935	-3.44308943089431
			11.4390243902439	-3.44308943089431
			11.4430894308943	-3.44308943089431
			11.4471544715447	-3.44308943089431
			11.4512195121951	-3.44308943089431
			11.4552845528455	-3.44308943089431
			11.4593495934959	-3.44308943089431
			11.4634146341463	-3.44308943089431
			11.4674796747967	-3.44308943089431
			11.4715447154472	-3.44308943089431
			11.4756097560976	-3.44308943089431
			11.479674796748	-3.44308943089431
			11.4837398373984	-3.44308943089431
			11.4878048780488	-3.44308943089431
			11.4918699186992	-3.44308943089431
			11.4959349593496	-3.44308943089431
			11.5	-3.44308943089431
			11.5040650406504	-3.44308943089431
			11.5081300813008	-3.44308943089431
			11.5121951219512	-3.44308943089431
			11.5162601626016	-3.44308943089431
			11.520325203252	-3.44308943089431
			11.5243902439024	-3.44308943089431
			11.5284552845528	-3.44308943089431
			11.5325203252033	-3.44308943089431
			11.5365853658537	-3.44308943089431
			11.5406504065041	-3.44308943089431
			11.5447154471545	-3.44308943089431
			11.5487804878049	-3.44308943089431
			11.5528455284553	-3.44308943089431
			11.5569105691057	-3.44308943089431
			11.5609756097561	-3.44308943089431
			11.5650406504065	-3.44308943089431
			11.5691056910569	-3.44308943089431
			11.5731707317073	-3.44308943089431
			11.5772357723577	-3.44308943089431
			11.5813008130081	-3.44308943089431
			11.5853658536585	-3.44308943089431
			11.5894308943089	-3.44308943089431
			11.5934959349594	-3.44308943089431
			11.5975609756098	-3.44308943089431
			11.6016260162602	-3.44308943089431
			11.6056910569106	-3.44308943089431
			11.609756097561	-3.44308943089431
			11.6138211382114	-3.44308943089431
			11.6178861788618	-3.44308943089431
			11.6219512195122	-3.44308943089431
			11.6260162601626	-3.44308943089431
			11.630081300813	-3.44308943089431
			11.6341463414634	-3.44308943089431
			11.6382113821138	-3.44308943089431
			11.6422764227642	-3.44308943089431
			11.6463414634146	-3.44308943089431
			11.650406504065	-3.44308943089431
			11.6544715447154	-3.44308943089431
			11.6585365853659	-3.44308943089431
			11.6626016260163	-3.44308943089431
			11.6666666666667	-3.44308943089431
			11.6707317073171	-3.44308943089431
			11.6747967479675	-3.44308943089431
			11.6788617886179	-3.44308943089431
			11.6829268292683	-3.44308943089431
			11.6869918699187	-3.44308943089431
			11.6910569105691	-3.44308943089431
			11.6951219512195	-3.44308943089431
			11.6991869918699	-3.44308943089431
			11.7032520325203	-3.44308943089431
			11.7073170731707	-3.4390243902439
			11.7113821138211	-3.4390243902439
			11.7154471544715	-3.4390243902439
			11.719512195122	-3.4390243902439
			11.7235772357724	-3.4390243902439
			11.7276422764228	-3.4390243902439
			11.7317073170732	-3.4390243902439
			11.7357723577236	-3.4390243902439
			11.739837398374	-3.4390243902439
			11.7439024390244	-3.4390243902439
			11.7479674796748	-3.4390243902439
			11.7520325203252	-3.4390243902439
			11.7560975609756	-3.4390243902439
			11.760162601626	-3.4390243902439
			11.7642276422764	-3.4390243902439
			11.7682926829268	-3.4390243902439
			11.7723577235772	-3.4390243902439
			11.7764227642276	-3.4390243902439
			11.780487804878	-3.4390243902439
			11.7845528455285	-3.4390243902439
			11.7886178861789	-3.4390243902439
			11.7926829268293	-3.4390243902439
			11.7967479674797	-3.4390243902439
			11.8008130081301	-3.4390243902439
			11.8048780487805	-3.4390243902439
			11.8089430894309	-3.4390243902439
			11.8130081300813	-3.4390243902439
			11.8170731707317	-3.4390243902439
			11.8211382113821	-3.4390243902439
			11.8252032520325	-3.4390243902439
			11.8292682926829	-3.4390243902439
			11.8333333333333	-3.4390243902439
			11.8373983739837	-3.4390243902439
			11.8414634146341	-3.4390243902439
			11.8455284552846	-3.4390243902439
			11.849593495935	-3.4390243902439
			11.8536585365854	-3.4390243902439
			11.8577235772358	-3.4390243902439
			11.8617886178862	-3.4390243902439
			11.8658536585366	-3.4390243902439
			11.869918699187	-3.4390243902439
			11.8739837398374	-3.4390243902439
			11.8780487804878	-3.4390243902439
			11.8821138211382	-3.4390243902439
			11.8861788617886	-3.4390243902439
			11.890243902439	-3.4390243902439
			11.8943089430894	-3.4390243902439
			11.8983739837398	-3.4390243902439
			11.9024390243902	-3.4390243902439
			11.9065040650407	-3.4390243902439
			11.9105691056911	-3.4390243902439
			11.9146341463415	-3.4390243902439
			11.9186991869919	-3.4349593495935
			11.9227642276423	-3.4349593495935
			11.9268292682927	-3.4349593495935
			11.9308943089431	-3.4349593495935
			11.9349593495935	-3.4349593495935
			11.9390243902439	-3.4349593495935
			11.9430894308943	-3.4349593495935
			11.9471544715447	-3.4349593495935
			11.9512195121951	-3.4349593495935
			11.9552845528455	-3.4349593495935
			11.9593495934959	-3.4349593495935
			11.9634146341463	-3.4349593495935
			11.9674796747967	-3.4349593495935
			11.9715447154472	-3.4349593495935
			11.9756097560976	-3.4349593495935
			11.979674796748	-3.4349593495935
			11.9837398373984	-3.4349593495935
			11.9878048780488	-3.4349593495935
			11.9918699186992	-3.4349593495935
			11.9959349593496	-3.4349593495935
			12	-3.4349593495935
			12.0040650406504	-3.4349593495935
			12.0081300813008	-3.4349593495935
			12.0121951219512	-3.4349593495935
			12.0162601626016	-3.4349593495935
			12.020325203252	-3.4349593495935
			12.0243902439024	-3.4349593495935
			12.0284552845528	-3.4349593495935
			12.0325203252033	-3.4349593495935
			12.0365853658537	-3.4349593495935
			12.0406504065041	-3.4349593495935
			12.0447154471545	-3.4349593495935
			12.0487804878049	-3.4349593495935
			12.0528455284553	-3.4349593495935
			12.0569105691057	-3.4349593495935
			12.0609756097561	-3.4349593495935
			12.0650406504065	-3.43089430894309
			12.0691056910569	-3.43089430894309
			12.0731707317073	-3.43089430894309
			12.0772357723577	-3.43089430894309
			12.0813008130081	-3.43089430894309
			12.0853658536585	-3.43089430894309
			12.0894308943089	-3.43089430894309
			12.0934959349594	-3.43089430894309
			12.0975609756098	-3.43089430894309
			12.1016260162602	-3.43089430894309
			12.1056910569106	-3.43089430894309
			12.109756097561	-3.43089430894309
			12.1138211382114	-3.43089430894309
			12.1178861788618	-3.43089430894309
			12.1219512195122	-3.43089430894309
			12.1260162601626	-3.43089430894309
			12.130081300813	-3.43089430894309
			12.1341463414634	-3.43089430894309
			12.1382113821138	-3.43089430894309
			12.1422764227642	-3.43089430894309
			12.1463414634146	-3.43089430894309
			12.150406504065	-3.43089430894309
			12.1544715447154	-3.43089430894309
			12.1585365853659	-3.43089430894309
			12.1626016260163	-3.43089430894309
			12.1666666666667	-3.43089430894309
			12.1707317073171	-3.43089430894309
			12.1747967479675	-3.42682926829268
			12.1788617886179	-3.42682926829268
			12.1829268292683	-3.42682926829268
			12.1869918699187	-3.42682926829268
			12.1910569105691	-3.42682926829268
			12.1951219512195	-3.42682926829268
			12.1991869918699	-3.42682926829268
			12.2032520325203	-3.42682926829268
			12.2073170731707	-3.42682926829268
			12.2113821138211	-3.42682926829268
			12.2154471544715	-3.42682926829268
			12.219512195122	-3.42682926829268
			12.2235772357724	-3.42682926829268
			12.2276422764228	-3.42682926829268
			12.2317073170732	-3.42682926829268
			12.2357723577236	-3.42682926829268
			12.239837398374	-3.42682926829268
			12.2439024390244	-3.42682926829268
			12.2479674796748	-3.42682926829268
			12.2520325203252	-3.42682926829268
			12.2560975609756	-3.42682926829268
			12.260162601626	-3.42682926829268
			12.2642276422764	-3.42682926829268
			12.2682926829268	-3.42276422764228
			12.2723577235772	-3.42276422764228
			12.2764227642276	-3.42276422764228
			12.280487804878	-3.42276422764228
			12.2845528455285	-3.42276422764228
			12.2886178861789	-3.42276422764228
			12.2926829268293	-3.42276422764228
			12.2967479674797	-3.42276422764228
			12.3008130081301	-3.42276422764228
			12.3048780487805	-3.42276422764228
			12.3089430894309	-3.42276422764228
			12.3130081300813	-3.42276422764228
			12.3170731707317	-3.42276422764228
			12.3211382113821	-3.42276422764228
			12.3252032520325	-3.42276422764228
			12.3292682926829	-3.42276422764228
			12.3333333333333	-3.42276422764228
			12.3373983739837	-3.42276422764228
			12.3414634146341	-3.41869918699187
			12.3455284552846	-3.41869918699187
			12.349593495935	-3.41869918699187
			12.3536585365854	-3.41869918699187
			12.3577235772358	-3.41869918699187
			12.3617886178862	-3.41869918699187
			12.3658536585366	-3.41869918699187
			12.369918699187	-3.41869918699187
			12.3739837398374	-3.41869918699187
			12.3780487804878	-3.41869918699187
			12.3821138211382	-3.41869918699187
			12.3861788617886	-3.41869918699187
			12.390243902439	-3.41869918699187
			12.3943089430894	-3.41869918699187
			12.3983739837398	-3.41869918699187
			12.4024390243902	-3.41869918699187
			12.4065040650407	-3.41463414634146
			12.4105691056911	-3.41463414634146
			12.4146341463415	-3.41463414634146
			12.4186991869919	-3.41463414634146
			12.4227642276423	-3.41463414634146
			12.4268292682927	-3.41463414634146
			12.4308943089431	-3.41463414634146
			12.4349593495935	-3.41463414634146
			12.4390243902439	-3.41463414634146
			12.4430894308943	-3.41463414634146
			12.4471544715447	-3.41463414634146
			12.4512195121951	-3.41463414634146
			12.4552845528455	-3.41463414634146
			12.4593495934959	-3.41463414634146
			12.4634146341463	-3.41056910569106
			12.4674796747967	-3.41056910569106
			12.4715447154472	-3.41056910569106
			12.4756097560976	-3.41056910569106
			12.479674796748	-3.41056910569106
			12.4837398373984	-3.41056910569106
			12.4878048780488	-3.41056910569106
			12.4918699186992	-3.41056910569106
			12.4959349593496	-3.41056910569106
			12.5	-3.41056910569106
			12.5040650406504	-3.41056910569106
			12.5081300813008	-3.41056910569106
			12.5121951219512	-3.41056910569106
			12.5121951219512	-3.40650406504065
			12.5162601626016	-3.40650406504065
			12.520325203252	-3.40650406504065
			12.5243902439024	-3.40650406504065
			12.5284552845528	-3.40650406504065
			12.5325203252033	-3.40650406504065
			12.5365853658537	-3.40650406504065
			12.5406504065041	-3.40650406504065
			12.5447154471545	-3.40650406504065
			12.5487804878049	-3.40650406504065
			12.5528455284553	-3.40650406504065
			12.5569105691057	-3.40243902439024
			12.5609756097561	-3.40243902439024
			12.5650406504065	-3.40243902439024
			12.5691056910569	-3.40243902439024
			12.5731707317073	-3.40243902439024
			12.5772357723577	-3.40243902439024
			12.5813008130081	-3.40243902439024
			12.5853658536585	-3.40243902439024
			12.5894308943089	-3.39837398373984
			12.5934959349594	-3.39837398373984
			12.5975609756098	-3.39837398373984
			12.6016260162602	-3.39837398373984
			12.6056910569106	-3.39837398373984
			12.609756097561	-3.39430894308943
			12.6138211382114	-3.39430894308943
			12.6178861788618	-3.39430894308943
			12.6219512195122	-3.39430894308943
			12.6260162601626	-3.39430894308943
			12.630081300813	-3.39024390243902
			12.6341463414634	-3.39024390243902
			12.6382113821138	-3.39024390243902
			12.6422764227642	-3.39024390243902
			12.6463414634146	-3.38617886178862
			12.650406504065	-3.38617886178862
			12.6544715447154	-3.38617886178862
			12.6585365853659	-3.38617886178862
			12.6626016260163	-3.38617886178862
			12.6666666666667	-3.38211382113821
			12.6707317073171	-3.38211382113821
			12.6747967479675	-3.38211382113821
			12.6788617886179	-3.38211382113821
			12.6829268292683	-3.37804878048781
			12.6869918699187	-3.37804878048781
			12.6910569105691	-3.37804878048781
			12.6951219512195	-3.3739837398374
			12.6991869918699	-3.3739837398374
			12.7032520325203	-3.3739837398374
			12.7073170731707	-3.3739837398374
			12.7113821138211	-3.36991869918699
			12.7154471544715	-3.36991869918699
			12.719512195122	-3.36991869918699
			12.7235772357724	-3.36585365853659
			12.7276422764228	-3.36585365853659
			12.7317073170732	-3.36585365853659
			12.7357723577236	-3.36585365853659
			12.739837398374	-3.36585365853659
			12.739837398374	-3.36178861788618
			12.7439024390244	-3.36178861788618
			12.7479674796748	-3.36178861788618
			12.7520325203252	-3.36178861788618
			12.7560975609756	-3.35772357723577
			12.760162601626	-3.35772357723577
			12.7642276422764	-3.35772357723577
			12.7682926829268	-3.35365853658537
			12.7723577235772	-3.35365853658537
			12.7764227642276	-3.35365853658537
			12.780487804878	-3.34959349593496
			12.7845528455285	-3.34959349593496
			12.7886178861789	-3.34959349593496
			12.7926829268293	-3.34959349593496
			12.7967479674797	-3.34552845528455
			12.8008130081301	-3.34552845528455
			12.8048780487805	-3.34552845528455
			12.8089430894309	-3.34146341463415
			12.8130081300813	-3.34146341463415
			12.8170731707317	-3.34146341463415
			12.8211382113821	-3.33739837398374
			12.8252032520325	-3.33739837398374
			12.8292682926829	-3.33333333333333
			12.8333333333333	-3.33333333333333
			12.8373983739837	-3.33333333333333
			12.8414634146341	-3.33333333333333
			12.8455284552846	-3.32926829268293
			12.849593495935	-3.32926829268293
			12.8536585365854	-3.32520325203252
			12.8577235772358	-3.32520325203252
			12.8617886178862	-3.32520325203252
			12.8658536585366	-3.32113821138211
			12.869918699187	-3.32113821138211
			12.8739837398374	-3.32113821138211
			12.8780487804878	-3.31707317073171
			12.8821138211382	-3.31707317073171
			12.8861788617886	-3.3130081300813
			12.890243902439	-3.3130081300813
			12.8943089430894	-3.3130081300813
			12.8983739837398	-3.30894308943089
			12.9024390243902	-3.30894308943089
			12.9065040650407	-3.30894308943089
			12.9105691056911	-3.30487804878049
			12.9146341463415	-3.30487804878049
			12.9186991869919	-3.30081300813008
			12.9227642276423	-3.30081300813008
			12.9268292682927	-3.30081300813008
			12.9308943089431	-3.29674796747968
			12.9349593495935	-3.29674796747968
			12.9390243902439	-3.29674796747968
			12.9430894308943	-3.29268292682927
			12.9471544715447	-3.29268292682927
			12.9512195121951	-3.28861788617886
			12.9552845528455	-3.28861788617886
			12.9593495934959	-3.28455284552846
			12.9634146341463	-3.28455284552846
			12.9674796747967	-3.28455284552846
			12.9715447154472	-3.28048780487805
			12.9756097560976	-3.28048780487805
			12.979674796748	-3.27642276422764
			12.9837398373984	-3.27642276422764
			12.9878048780488	-3.27642276422764
			12.9918699186992	-3.27235772357724
			12.9959349593496	-3.27235772357724
			13	-3.26829268292683
			13.0040650406504	-3.26829268292683
			13.0081300813008	-3.26829268292683
			13.0121951219512	-3.26422764227642
			13.0162601626016	-3.26422764227642
			13.020325203252	-3.26016260162602
			13.0243902439024	-3.26016260162602
			13.0284552845528	-3.25609756097561
			13.0325203252033	-3.25609756097561
			13.0365853658537	-3.25609756097561
			13.0365853658537	-3.2520325203252
			13.0406504065041	-3.2520325203252
			13.0447154471545	-3.2520325203252
			13.0487804878049	-3.2479674796748
			13.0528455284553	-3.2479674796748
			13.0569105691057	-3.24390243902439
			13.0609756097561	-3.24390243902439
			13.0650406504065	-3.23983739837398
			13.0691056910569	-3.23983739837398
			13.0731707317073	-3.23983739837398
			13.0772357723577	-3.23577235772358
			13.0813008130081	-3.23577235772358
			13.0853658536585	-3.23170731707317
			13.0894308943089	-3.23170731707317
			13.0934959349594	-3.22764227642276
			13.0975609756098	-3.22764227642276
			13.1016260162602	-3.22357723577236
			13.1056910569106	-3.22357723577236
			13.109756097561	-3.21951219512195
			13.1138211382114	-3.21951219512195
			13.1178861788618	-3.21544715447155
			13.1219512195122	-3.21544715447155
		</body_post>
		<opercle type=matrix rownames=FALSE colnames=FALSE nrow=246 ncol=2 as.numeric=TRUE >
			7.19918699186992	-4.82926829268293
			7.20325203252033	-4.82520325203252
			7.20325203252033	-4.82113821138211
			7.20731707317073	-4.82113821138211
			7.20731707317073	-4.81707317073171
			7.21138211382114	-4.8130081300813
			7.21138211382114	-4.80894308943089
			7.21544715447155	-4.80487804878049
			7.21544715447155	-4.80081300813008
			7.21951219512195	-4.79674796747967
			7.22357723577236	-4.79268292682927
			7.22357723577236	-4.78861788617886
			7.22764227642277	-4.78455284552846
			7.22764227642277	-4.78048780487805
			7.23170731707317	-4.77642276422764
			7.23170731707317	-4.77235772357724
			7.23577235772358	-4.76829268292683
			7.23577235772358	-4.76422764227642
			7.23983739837398	-4.76016260162602
			7.23983739837398	-4.75609756097561
			7.24390243902439	-4.7520325203252
			7.24390243902439	-4.7479674796748
			7.2479674796748	-4.74390243902439
			7.2479674796748	-4.73983739837398
			7.2520325203252	-4.73577235772358
			7.2520325203252	-4.73170731707317
			7.25609756097561	-4.72764227642277
			7.25609756097561	-4.72357723577236
			7.26016260162602	-4.71951219512195
			7.26016260162602	-4.71544715447155
			7.26422764227642	-4.71138211382114
			7.26422764227642	-4.70731707317073
			7.26422764227642	-4.70325203252033
			7.26829268292683	-4.69918699186992
			7.26829268292683	-4.69512195121951
			7.26829268292683	-4.69105691056911
			7.27235772357724	-4.6869918699187
			7.27235772357724	-4.68292682926829
			7.27642276422764	-4.67886178861789
			7.27642276422764	-4.67479674796748
			7.27642276422764	-4.67073170731707
			7.28048780487805	-4.66666666666667
			7.28048780487805	-4.66260162601626
			7.28048780487805	-4.65853658536585
			7.28455284552846	-4.65447154471545
			7.28455284552846	-4.65040650406504
			7.28455284552846	-4.64634146341463
			7.28455284552846	-4.64227642276423
			7.28861788617886	-4.64227642276423
			7.28861788617886	-4.63821138211382
			7.28861788617886	-4.63414634146342
			7.29268292682927	-4.63008130081301
			7.29268292682927	-4.6260162601626
			7.29268292682927	-4.6219512195122
			7.29268292682927	-4.61788617886179
			7.29674796747968	-4.61382113821138
			7.29674796747968	-4.60975609756098
			7.29674796747968	-4.60569105691057
			7.29674796747968	-4.60162601626016
			7.30081300813008	-4.59756097560976
			7.30081300813008	-4.59349593495935
			7.30081300813008	-4.58943089430894
			7.30081300813008	-4.58536585365854
			7.30487804878049	-4.58130081300813
			7.30487804878049	-4.57723577235772
			7.30487804878049	-4.57317073170732
			7.30487804878049	-4.56910569105691
			7.30894308943089	-4.5650406504065
			7.30894308943089	-4.5609756097561
			7.30894308943089	-4.55691056910569
			7.30894308943089	-4.55284552845529
			7.30894308943089	-4.54878048780488
			7.30894308943089	-4.54471544715447
			7.3130081300813	-4.54065040650407
			7.3130081300813	-4.53658536585366
			7.3130081300813	-4.53252032520325
			7.3130081300813	-4.52845528455285
			7.3130081300813	-4.52439024390244
			7.3130081300813	-4.52032520325203
			7.3130081300813	-4.51626016260163
			7.31707317073171	-4.51219512195122
			7.31707317073171	-4.50813008130081
			7.31707317073171	-4.50406504065041
			7.31707317073171	-4.5
			7.31707317073171	-4.49593495934959
			7.31707317073171	-4.49186991869919
			7.31707317073171	-4.48780487804878
			7.31707317073171	-4.48373983739837
			7.31707317073171	-4.47967479674797
			7.31707317073171	-4.47560975609756
			7.32113821138211	-4.47154471544715
			7.32113821138211	-4.46747967479675
			7.32113821138211	-4.46341463414634
			7.32113821138211	-4.45934959349594
			7.32113821138211	-4.45528455284553
			7.32113821138211	-4.45121951219512
			7.32113821138211	-4.44715447154472
			7.32113821138211	-4.44308943089431
			7.32113821138211	-4.4390243902439
			7.32113821138211	-4.4349593495935
			7.32113821138211	-4.43089430894309
			7.32113821138211	-4.42682926829268
			7.32113821138211	-4.42276422764228
			7.32113821138211	-4.41869918699187
			7.32113821138211	-4.41463414634146
			7.32113821138211	-4.41056910569106
			7.32113821138211	-4.40650406504065
			7.32113821138211	-4.40243902439024
			7.32113821138211	-4.39837398373984
			7.32113821138211	-4.39430894308943
			7.32113821138211	-4.39024390243902
			7.32113821138211	-4.38617886178862
			7.32113821138211	-4.38211382113821
			7.32113821138211	-4.37804878048781
			7.32113821138211	-4.3739837398374
			7.32113821138211	-4.36991869918699
			7.32113821138211	-4.36585365853659
			7.32113821138211	-4.36178861788618
			7.32113821138211	-4.35772357723577
			7.31707317073171	-4.35365853658537
			7.31707317073171	-4.34959349593496
			7.31707317073171	-4.34552845528455
			7.31707317073171	-4.34146341463415
			7.31707317073171	-4.33739837398374
			7.31707317073171	-4.33333333333333
			7.31707317073171	-4.32926829268293
			7.31707317073171	-4.32520325203252
			7.31707317073171	-4.32113821138211
			7.3130081300813	-4.31707317073171
			7.3130081300813	-4.3130081300813
			7.3130081300813	-4.30894308943089
			7.3130081300813	-4.30487804878049
			7.3130081300813	-4.30081300813008
			7.3130081300813	-4.29674796747967
			7.3130081300813	-4.29268292682927
			7.30894308943089	-4.28861788617886
			7.30894308943089	-4.28455284552846
			7.30894308943089	-4.28048780487805
			7.30894308943089	-4.27642276422764
			7.30894308943089	-4.27235772357724
			7.30894308943089	-4.26829268292683
			7.30487804878049	-4.26422764227642
			7.30487804878049	-4.26016260162602
			7.30487804878049	-4.25609756097561
			7.30487804878049	-4.2520325203252
			7.30487804878049	-4.2479674796748
			7.30487804878049	-4.24390243902439
			7.30081300813008	-4.23983739837398
			7.30081300813008	-4.23577235772358
			7.30081300813008	-4.23170731707317
			7.30081300813008	-4.22764227642277
			7.29674796747968	-4.22357723577236
			7.29674796747968	-4.21951219512195
			7.29674796747968	-4.21544715447155
			7.29674796747968	-4.21138211382114
			7.29268292682927	-4.20731707317073
			7.29268292682927	-4.20325203252033
			7.29268292682927	-4.19918699186992
			7.29268292682927	-4.19512195121951
			7.29268292682927	-4.19105691056911
			7.28861788617886	-4.1869918699187
			7.28861788617886	-4.18292682926829
			7.28861788617886	-4.17886178861789
			7.28455284552846	-4.17479674796748
			7.28455284552846	-4.17073170731707
			7.28455284552846	-4.16666666666667
			7.28455284552846	-4.16260162601626
			7.28048780487805	-4.15853658536585
			7.28048780487805	-4.15447154471545
			7.28048780487805	-4.15040650406504
			7.27642276422764	-4.14634146341463
			7.27642276422764	-4.14227642276423
			7.27642276422764	-4.13821138211382
			7.27235772357724	-4.13414634146342
			7.27235772357724	-4.13008130081301
			7.27235772357724	-4.1260162601626
			7.27235772357724	-4.1219512195122
			7.26829268292683	-4.11788617886179
			7.26829268292683	-4.11382113821138
			7.26829268292683	-4.10975609756098
			7.26422764227642	-4.10569105691057
			7.26422764227642	-4.10162601626016
			7.26422764227642	-4.09756097560976
			7.26016260162602	-4.09756097560976
			7.26016260162602	-4.09349593495935
			7.25609756097561	-4.08943089430894
			7.25609756097561	-4.08536585365854
			7.25609756097561	-4.08130081300813
			7.2520325203252	-4.07723577235772
			7.2520325203252	-4.07317073170732
			7.2520325203252	-4.06910569105691
			7.2479674796748	-4.0650406504065
			7.2479674796748	-4.0609756097561
			7.24390243902439	-4.05691056910569
			7.24390243902439	-4.05284552845529
			7.24390243902439	-4.04878048780488
			7.23983739837398	-4.04471544715447
			7.23983739837398	-4.04065040650407
			7.23577235772358	-4.03658536585366
			7.23577235772358	-4.03252032520325
			7.23577235772358	-4.02845528455285
			7.23170731707317	-4.02439024390244
			7.23170731707317	-4.02032520325203
			7.22764227642277	-4.01626016260163
			7.22764227642277	-4.01219512195122
			7.22357723577236	-4.00813008130081
			7.22357723577236	-4.00406504065041
			7.22357723577236	-4
			7.21951219512195	-3.99593495934959
			7.21951219512195	-3.99186991869919
			7.21544715447155	-3.98780487804878
			7.21544715447155	-3.98373983739837
			7.21138211382114	-3.97967479674797
			7.21138211382114	-3.97560975609756
			7.20731707317073	-3.97154471544716
			7.20731707317073	-3.96747967479675
			7.20325203252033	-3.96341463414634
			7.20325203252033	-3.95934959349594
			7.19918699186992	-3.95528455284553
			7.19918699186992	-3.95121951219512
			7.19512195121951	-3.94715447154472
			7.19512195121951	-3.94308943089431
			7.19105691056911	-3.9390243902439
			7.19105691056911	-3.9349593495935
			7.1869918699187	-3.93089430894309
			7.1869918699187	-3.92682926829268
			7.18292682926829	-3.92276422764228
			7.18292682926829	-3.91869918699187
			7.17886178861789	-3.91463414634146
			7.17886178861789	-3.91056910569106
			7.17479674796748	-3.90650406504065
			7.17073170731707	-3.90243902439024
			7.17073170731707	-3.89837398373984
			7.16666666666667	-3.89430894308943
			7.16666666666667	-3.89024390243902
			7.16666666666667	-3.88617886178862
			7.16260162601626	-3.88617886178862
			7.16260162601626	-3.88211382113821
			7.16260162601626	-3.87804878048781
			7.15853658536585	-3.87804878048781
			7.15853658536585	-3.8739837398374
			7.15447154471545	-3.86991869918699
			7.15447154471545	-3.86585365853659
			7.15040650406504	-3.86178861788618
			7.14634146341464	-3.85772357723577
			7.14634146341464	-3.85365853658537
		</opercle>
	</curves.scaled>
	<ruler.points type=matrix rownames=TRUE colnames=FALSE nrow=2 ncol=2 as.numeric=TRUE >
		Ruler point 1	2456	2272
		Ruler point 2	2702	2272
	</ruler.points>
</shapes>

