<shapes type=list>
	<ruler.pixel type=vector names=FALSE length=1 as.numeric=TRUE >246.050807761324</ruler.pixel>
	<ruler.interval type=vector names=FALSE length=1 as.numeric=TRUE >1</ruler.interval>
	<scaling.units type=vector names=FALSE length=1 as.numeric=FALSE >cm</scaling.units>
	<scaling type=vector names=FALSE length=1 as.numeric=TRUE >0.00406420124810168</scaling>
	<image.name type=vector names=FALSE length=1 as.numeric=FALSE >TU202142_15_L.JPG</image.name>
	<landmarks.pixel type=matrix rownames=TRUE colnames=FALSE nrow=20 ncol=2 as.numeric=TRUE >
		snout_tip	1645	1009
		dorsal_ant	2387	859
		dorsal_post	2629	941
		caud_upper	3334	1038
		caud_lower	3285	1238
		anal_post	3025	1214
		anal_ant	2888	1238
		pelv_1	2473	1237
		pect_1	2039	1147
		lower_operc	2002	1143
		upper_operc	2002	943
		eye_center	1822	970
		eye_1_ant	1779	972
		eye_2	1787	943
		eye_3_dors	1821	926
		eye_4	1856	936
		eye_5_post	1869	968
		eye_6	1855	995
		eye_7_vent	1822	1008
		eye_8	1792	998
	</landmarks.pixel>
	<landmarks.scaled type=matrix rownames=TRUE colnames=FALSE nrow=20 ncol=2 as.numeric=TRUE >
		snout_tip	6.68561105312727	-4.1007790593346
		dorsal_ant	9.70124837921872	-3.49114887211935
		dorsal_post	10.6847850812593	-3.82441337446368
		caud_upper	13.550046961171	-4.21864089552955
		caud_lower	13.350901100014	-5.03148114514988
		anal_post	12.2942087755076	-4.93394031519544
		anal_ant	11.7374132045177	-5.03148114514988
		pelv_1	10.0507696865555	-5.02741694390178
		pect_1	8.28690634487933	-4.66163883157263
		lower_operc	8.13653089869957	-4.64538202658022
		upper_operc	8.13653089869957	-3.83254177695989
		eye_center	7.40497467404127	-3.94227521065863
		eye_1_ant	7.23021402037289	-3.95040361315484
		eye_2	7.26272763035771	-3.83254177695989
		eye_3_dors	7.40091047279316	-3.76345035574216
		eye_4	7.54315751647672	-3.80409236822317
		eye_5_post	7.59599213270204	-3.93414680816243
		eye_6	7.53909331522862	-4.04388024186117
		eye_7_vent	7.40497467404127	-4.0967148580865
		eye_8	7.28304863659821	-4.05607284560548
	</landmarks.scaled>
	<curves.control type=list>
		<body_ant type=matrix rownames=FALSE colnames=FALSE nrow=7 ncol=2 as.numeric=TRUE >
			1645	1009
			1724	890
			1948	868
			2033	856
			2127	849
			2183	839
			2387	859
		</body_ant>
		<body_post type=matrix rownames=FALSE colnames=FALSE nrow=5 ncol=2 as.numeric=TRUE >
			2629	941
			3046	1041
			3211	1046
			3256	1044
			3334	1038
		</body_post>
		<opercle type=matrix rownames=FALSE colnames=FALSE nrow=3 ncol=2 as.numeric=TRUE >
			2002	1143
			2083	1064
			2002	943
		</opercle>
	</curves.control>
	<curves.pixel type=list>
		<body_ant type=matrix rownames=FALSE colnames=FALSE nrow=764 ncol=2 as.numeric=TRUE >
			1645	1009
			1646	1008
			1646	1007
			1647	1006
			1647	1005
			1648	1004
			1649	1004
			1649	1003
			1650	1002
			1651	1001
			1651	1000
			1652	999
			1653	998
			1653	997
			1654	997
			1655	996
			1655	995
			1656	994
			1657	993
			1657	992
			1658	991
			1659	991
			1659	990
			1660	989
			1661	988
			1661	987
			1662	986
			1663	986
			1664	985
			1664	984
			1665	983
			1666	982
			1666	981
			1667	981
			1668	980
			1669	979
			1669	978
			1670	977
			1671	977
			1672	976
			1673	975
			1673	974
			1674	973
			1675	973
			1676	972
			1676	971
			1677	970
			1678	969
			1679	969
			1680	968
			1680	967
			1681	966
			1682	966
			1683	965
			1684	964
			1685	963
			1686	962
			1687	961
			1688	960
			1689	959
			1690	958
			1691	957
			1692	957
			1693	956
			1694	955
			1695	955
			1695	954
			1696	954
			1697	953
			1698	952
			1699	951
			1700	950
			1701	950
			1702	949
			1703	948
			1704	947
			1705	947
			1706	946
			1707	945
			1708	944
			1709	944
			1710	943
			1711	942
			1712	942
			1713	941
			1714	940
			1715	940
			1716	939
			1717	938
			1718	938
			1719	937
			1720	936
			1721	936
			1722	935
			1723	934
			1724	934
			1725	933
			1726	932
			1727	932
			1728	931
			1729	931
			1730	930
			1731	929
			1732	929
			1733	929
			1733	928
			1734	928
			1735	927
			1736	927
			1737	926
			1738	925
			1739	925
			1740	924
			1741	924
			1742	923
			1743	923
			1744	922
			1745	922
			1746	921
			1747	921
			1748	920
			1749	920
			1750	919
			1751	919
			1752	918
			1753	918
			1754	917
			1755	917
			1756	916
			1757	916
			1758	915
			1759	915
			1760	914
			1761	914
			1762	913
			1763	913
			1764	912
			1765	912
			1766	911
			1767	911
			1768	911
			1769	910
			1770	910
			1771	909
			1772	909
			1773	909
			1773	908
			1774	908
			1775	908
			1776	907
			1777	907
			1778	906
			1779	906
			1780	906
			1781	905
			1782	905
			1783	905
			1784	904
			1785	904
			1786	903
			1787	903
			1788	903
			1789	902
			1790	902
			1791	902
			1792	901
			1793	901
			1794	901
			1795	900
			1796	900
			1797	899
			1798	899
			1799	899
			1800	898
			1801	898
			1802	898
			1803	897
			1804	897
			1805	897
			1806	896
			1807	896
			1808	896
			1809	895
			1810	895
			1811	895
			1812	894
			1813	894
			1814	894
			1815	893
			1816	893
			1817	893
			1818	892
			1819	892
			1820	892
			1821	892
			1822	891
			1823	891
			1824	891
			1825	890
			1826	890
			1827	890
			1828	890
			1828	889
			1829	889
			1830	889
			1831	889
			1832	888
			1833	888
			1834	888
			1835	888
			1836	887
			1837	887
			1838	887
			1839	887
			1840	886
			1841	886
			1842	886
			1843	886
			1844	885
			1845	885
			1846	885
			1847	885
			1848	884
			1849	884
			1850	884
			1851	884
			1852	883
			1853	883
			1854	883
			1855	883
			1856	882
			1857	882
			1858	882
			1859	882
			1860	882
			1861	881
			1862	881
			1863	881
			1864	881
			1865	880
			1866	880
			1867	880
			1868	880
			1869	880
			1870	879
			1871	879
			1872	879
			1873	879
			1874	879
			1875	878
			1876	878
			1877	878
			1878	878
			1879	878
			1880	878
			1881	877
			1882	877
			1883	877
			1884	877
			1885	877
			1886	876
			1887	876
			1888	876
			1889	876
			1890	876
			1891	876
			1892	875
			1893	875
			1894	875
			1895	875
			1896	875
			1897	875
			1898	874
			1899	874
			1900	874
			1901	874
			1902	874
			1903	874
			1904	873
			1905	873
			1906	873
			1907	873
			1908	873
			1909	873
			1910	873
			1911	872
			1912	872
			1913	872
			1914	872
			1915	872
			1916	872
			1917	872
			1918	871
			1919	871
			1920	871
			1921	871
			1922	871
			1923	871
			1924	871
			1925	871
			1926	870
			1927	870
			1928	870
			1929	870
			1930	870
			1931	870
			1932	870
			1933	870
			1934	870
			1934	869
			1935	869
			1936	869
			1937	869
			1938	869
			1939	869
			1940	869
			1941	869
			1942	869
			1943	868
			1944	868
			1945	868
			1946	868
			1947	868
			1948	868
			1949	868
			1950	868
			1951	868
			1952	867
			1953	867
			1954	867
			1955	867
			1956	867
			1957	867
			1958	867
			1959	866
			1960	866
			1961	866
			1962	866
			1963	866
			1964	866
			1965	866
			1966	865
			1967	865
			1968	865
			1969	865
			1970	865
			1971	865
			1972	865
			1973	865
			1974	864
			1975	864
			1976	864
			1977	864
			1978	864
			1979	864
			1980	864
			1981	864
			1982	863
			1983	863
			1984	863
			1985	863
			1986	863
			1987	863
			1988	863
			1989	863
			1990	862
			1991	862
			1992	862
			1993	862
			1994	862
			1995	862
			1996	862
			1997	862
			1998	861
			1999	861
			2000	861
			2001	861
			2002	861
			2003	861
			2004	861
			2005	861
			2006	861
			2007	860
			2008	860
			2009	860
			2010	860
			2011	860
			2012	860
			2013	860
			2014	860
			2015	859
			2016	859
			2017	859
			2018	859
			2019	859
			2020	859
			2021	859
			2022	859
			2023	859
			2024	858
			2025	858
			2026	858
			2027	858
			2028	858
			2029	858
			2030	858
			2031	858
			2032	858
			2033	857
			2034	857
			2035	857
			2036	857
			2037	857
			2038	857
			2039	857
			2040	857
			2041	857
			2042	857
			2043	856
			2044	856
			2045	856
			2046	856
			2047	856
			2048	856
			2049	856
			2050	856
			2051	856
			2052	856
			2053	855
			2054	855
			2055	855
			2056	855
			2057	855
			2058	855
			2059	855
			2060	855
			2061	855
			2062	855
			2063	854
			2064	854
			2065	854
			2066	854
			2067	854
			2068	854
			2069	854
			2070	854
			2071	854
			2072	854
			2073	854
			2074	853
			2075	853
			2076	853
			2077	853
			2078	853
			2079	853
			2080	853
			2081	853
			2082	853
			2083	853
			2084	853
			2085	852
			2086	852
			2087	852
			2088	852
			2089	852
			2090	852
			2091	852
			2092	852
			2093	852
			2094	852
			2095	852
			2096	851
			2097	851
			2098	851
			2099	851
			2100	851
			2101	851
			2102	851
			2103	851
			2104	851
			2105	851
			2106	851
			2107	851
			2108	850
			2109	850
			2110	850
			2111	850
			2112	850
			2113	850
			2114	850
			2115	850
			2116	850
			2117	850
			2118	850
			2119	850
			2120	850
			2121	849
			2122	849
			2123	849
			2124	849
			2125	849
			2126	849
			2127	849
			2128	849
			2129	849
			2130	848
			2131	848
			2132	848
			2133	848
			2134	848
			2135	848
			2136	848
			2137	848
			2138	847
			2139	847
			2140	847
			2141	847
			2142	847
			2143	847
			2144	847
			2145	847
			2146	847
			2147	847
			2148	847
			2149	847
			2150	846
			2151	846
			2152	846
			2153	846
			2154	846
			2155	846
			2156	846
			2157	846
			2158	846
			2159	846
			2160	846
			2161	846
			2162	846
			2163	846
			2164	846
			2165	846
			2166	846
			2167	846
			2168	846
			2169	846
			2170	846
			2171	846
			2172	846
			2173	846
			2174	846
			2175	846
			2176	846
			2177	846
			2178	846
			2179	846
			2180	846
			2181	846
			2182	846
			2183	846
			2184	846
			2185	846
			2186	846
			2187	846
			2188	846
			2189	846
			2190	846
			2191	846
			2192	846
			2193	846
			2194	846
			2195	846
			2196	846
			2197	846
			2198	846
			2199	846
			2200	846
			2201	846
			2202	846
			2203	846
			2204	846
			2205	846
			2206	846
			2207	846
			2208	846
			2209	846
			2210	846
			2211	846
			2212	846
			2213	846
			2214	846
			2215	846
			2216	846
			2217	846
			2218	846
			2219	846
			2220	847
			2221	847
			2222	847
			2223	847
			2224	847
			2225	847
			2226	847
			2227	847
			2228	847
			2229	847
			2230	847
			2231	847
			2232	847
			2233	847
			2234	847
			2235	847
			2236	847
			2237	847
			2238	847
			2239	847
			2240	847
			2241	847
			2242	848
			2243	848
			2244	848
			2245	848
			2246	848
			2247	848
			2248	848
			2249	848
			2250	848
			2251	848
			2252	848
			2253	848
			2254	848
			2255	848
			2256	848
			2257	848
			2258	848
			2259	848
			2260	849
			2261	849
			2262	849
			2263	849
			2264	849
			2265	849
			2266	849
			2267	849
			2268	849
			2269	849
			2270	849
			2271	849
			2272	849
			2273	849
			2274	849
			2275	850
			2276	850
			2277	850
			2278	850
			2279	850
			2280	850
			2281	850
			2282	850
			2283	850
			2284	850
			2285	850
			2286	850
			2287	850
			2288	850
			2289	850
			2290	851
			2291	851
			2292	851
			2293	851
			2294	851
			2295	851
			2296	851
			2297	851
			2298	851
			2299	851
			2300	851
			2301	851
			2302	851
			2303	852
			2304	852
			2305	852
			2306	852
			2307	852
			2308	852
			2309	852
			2310	852
			2311	852
			2312	852
			2313	852
			2314	852
			2315	853
			2316	853
			2317	853
			2318	853
			2319	853
			2320	853
			2321	853
			2322	853
			2323	853
			2324	853
			2325	853
			2326	853
			2327	853
			2327	854
			2328	854
			2329	854
			2330	854
			2331	854
			2332	854
			2333	854
			2334	854
			2335	854
			2336	854
			2337	854
			2338	854
			2339	855
			2340	855
			2341	855
			2342	855
			2343	855
			2344	855
			2345	855
			2346	855
			2347	855
			2348	855
			2349	855
			2350	856
			2351	856
			2352	856
			2353	856
			2354	856
			2355	856
			2356	856
			2357	856
			2358	856
			2359	856
			2360	856
			2361	857
			2362	857
			2363	857
			2364	857
			2365	857
			2366	857
			2367	857
			2368	857
			2369	857
			2370	857
			2371	858
			2372	858
			2373	858
			2374	858
			2375	858
			2376	858
			2377	858
			2378	858
			2379	858
			2380	858
			2381	858
			2382	858
			2383	859
			2384	859
			2385	859
			2386	859
			2387	859
		</body_ant>
		<body_post type=matrix rownames=FALSE colnames=FALSE nrow=715 ncol=2 as.numeric=TRUE >
			2629	941
			2630	941
			2631	942
			2632	942
			2633	942
			2634	942
			2635	942
			2635	943
			2636	943
			2637	943
			2638	943
			2639	943
			2640	944
			2641	944
			2642	944
			2643	944
			2644	945
			2645	945
			2646	945
			2647	945
			2648	946
			2649	946
			2650	946
			2651	946
			2652	947
			2653	947
			2654	947
			2655	947
			2656	947
			2657	948
			2658	948
			2659	948
			2660	948
			2661	949
			2662	949
			2663	949
			2664	949
			2665	950
			2666	950
			2667	950
			2668	950
			2669	950
			2670	951
			2671	951
			2672	951
			2673	951
			2674	952
			2675	952
			2676	952
			2677	952
			2678	953
			2679	953
			2680	953
			2681	953
			2682	953
			2683	954
			2684	954
			2685	954
			2686	954
			2687	955
			2688	955
			2689	955
			2690	955
			2691	956
			2692	956
			2693	956
			2694	956
			2695	957
			2696	957
			2697	957
			2698	957
			2699	958
			2700	958
			2701	958
			2702	958
			2703	959
			2704	959
			2705	959
			2706	959
			2707	959
			2708	960
			2709	960
			2710	960
			2711	960
			2712	961
			2713	961
			2714	961
			2715	961
			2716	961
			2717	962
			2718	962
			2719	962
			2720	962
			2721	963
			2722	963
			2723	963
			2724	963
			2725	963
			2726	964
			2727	964
			2728	964
			2729	964
			2730	965
			2731	965
			2732	965
			2733	965
			2734	966
			2735	966
			2736	966
			2737	966
			2738	967
			2739	967
			2740	967
			2741	967
			2742	967
			2743	968
			2744	968
			2745	968
			2746	968
			2747	969
			2748	969
			2749	969
			2750	969
			2751	969
			2752	970
			2753	970
			2754	970
			2755	970
			2756	971
			2757	971
			2758	971
			2759	971
			2760	971
			2761	972
			2762	972
			2763	972
			2764	972
			2765	973
			2766	973
			2767	973
			2768	973
			2769	973
			2770	974
			2771	974
			2772	974
			2773	974
			2774	975
			2775	975
			2776	975
			2777	975
			2778	975
			2779	976
			2780	976
			2781	976
			2782	976
			2783	977
			2784	977
			2785	977
			2786	977
			2787	978
			2788	978
			2789	978
			2790	978
			2791	978
			2792	979
			2793	979
			2794	979
			2795	979
			2796	979
			2797	980
			2798	980
			2799	980
			2800	980
			2801	981
			2802	981
			2803	981
			2804	981
			2805	981
			2806	982
			2807	982
			2808	982
			2809	982
			2810	982
			2811	983
			2812	983
			2813	983
			2814	983
			2815	984
			2816	984
			2817	984
			2818	984
			2819	985
			2820	985
			2821	985
			2822	985
			2823	985
			2824	986
			2825	986
			2826	986
			2827	986
			2828	986
			2829	987
			2830	987
			2831	987
			2832	987
			2833	987
			2834	988
			2835	988
			2836	988
			2837	988
			2838	989
			2839	989
			2840	989
			2841	989
			2842	989
			2843	990
			2844	990
			2845	990
			2846	990
			2847	990
			2848	991
			2849	991
			2850	991
			2851	991
			2852	992
			2853	992
			2854	992
			2855	992
			2856	992
			2857	992
			2857	993
			2858	993
			2859	993
			2860	993
			2861	993
			2862	994
			2863	994
			2864	994
			2865	994
			2866	994
			2867	995
			2868	995
			2869	995
			2870	995
			2871	995
			2872	996
			2873	996
			2874	996
			2875	996
			2876	996
			2877	997
			2878	997
			2879	997
			2880	997
			2881	997
			2882	998
			2883	998
			2884	998
			2885	998
			2886	999
			2887	999
			2888	999
			2889	999
			2890	999
			2891	1000
			2892	1000
			2893	1000
			2894	1000
			2895	1000
			2896	1001
			2897	1001
			2898	1001
			2899	1001
			2900	1001
			2901	1002
			2902	1002
			2903	1002
			2904	1002
			2905	1002
			2906	1003
			2907	1003
			2908	1003
			2909	1003
			2910	1003
			2911	1004
			2912	1004
			2913	1004
			2914	1004
			2915	1004
			2916	1004
			2916	1005
			2917	1005
			2918	1005
			2919	1005
			2920	1005
			2921	1006
			2922	1006
			2923	1006
			2924	1006
			2925	1006
			2926	1007
			2927	1007
			2928	1007
			2929	1007
			2930	1007
			2931	1007
			2932	1008
			2933	1008
			2934	1008
			2935	1008
			2936	1008
			2936	1009
			2937	1009
			2938	1009
			2939	1009
			2940	1009
			2941	1009
			2942	1010
			2943	1010
			2944	1010
			2945	1010
			2946	1010
			2947	1011
			2948	1011
			2949	1011
			2950	1011
			2951	1011
			2952	1012
			2953	1012
			2954	1012
			2955	1012
			2956	1012
			2957	1012
			2958	1013
			2959	1013
			2960	1013
			2961	1013
			2962	1013
			2963	1014
			2964	1014
			2965	1014
			2966	1014
			2967	1014
			2968	1015
			2969	1015
			2970	1015
			2971	1015
			2972	1015
			2973	1015
			2974	1016
			2975	1016
			2976	1016
			2977	1016
			2978	1016
			2979	1016
			2980	1017
			2981	1017
			2982	1017
			2983	1017
			2984	1017
			2985	1018
			2986	1018
			2987	1018
			2988	1018
			2989	1018
			2990	1019
			2991	1019
			2992	1019
			2993	1019
			2994	1019
			2995	1019
			2996	1020
			2997	1020
			2998	1020
			2999	1020
			3000	1020
			3001	1020
			3002	1021
			3003	1021
			3004	1021
			3005	1021
			3006	1021
			3007	1021
			3007	1022
			3008	1022
			3009	1022
			3010	1022
			3011	1022
			3012	1022
			3013	1023
			3014	1023
			3015	1023
			3016	1023
			3017	1023
			3018	1023
			3019	1023
			3020	1024
			3021	1024
			3022	1024
			3023	1024
			3024	1024
			3025	1025
			3026	1025
			3027	1025
			3028	1025
			3029	1025
			3030	1025
			3031	1026
			3032	1026
			3033	1026
			3034	1026
			3035	1026
			3036	1026
			3037	1026
			3038	1027
			3039	1027
			3040	1027
			3041	1027
			3042	1027
			3043	1028
			3044	1028
			3045	1028
			3046	1028
			3047	1028
			3048	1028
			3049	1028
			3050	1029
			3051	1029
			3052	1029
			3053	1029
			3054	1029
			3055	1029
			3056	1029
			3056	1030
			3057	1030
			3058	1030
			3059	1030
			3060	1030
			3061	1030
			3062	1030
			3063	1031
			3064	1031
			3065	1031
			3066	1031
			3067	1031
			3068	1031
			3069	1032
			3070	1032
			3071	1032
			3072	1032
			3073	1032
			3074	1032
			3075	1032
			3076	1032
			3076	1033
			3077	1033
			3078	1033
			3079	1033
			3080	1033
			3081	1033
			3082	1033
			3083	1034
			3084	1034
			3085	1034
			3086	1034
			3087	1034
			3088	1034
			3089	1034
			3090	1035
			3091	1035
			3092	1035
			3093	1035
			3094	1035
			3095	1035
			3096	1035
			3097	1036
			3098	1036
			3099	1036
			3100	1036
			3101	1036
			3102	1036
			3103	1036
			3104	1036
			3105	1037
			3106	1037
			3107	1037
			3108	1037
			3109	1037
			3110	1037
			3111	1037
			3112	1037
			3112	1038
			3113	1038
			3114	1038
			3115	1038
			3116	1038
			3117	1038
			3118	1038
			3119	1038
			3120	1038
			3121	1039
			3122	1039
			3123	1039
			3124	1039
			3125	1039
			3126	1039
			3127	1039
			3128	1039
			3129	1040
			3130	1040
			3131	1040
			3132	1040
			3133	1040
			3134	1040
			3135	1040
			3136	1040
			3137	1040
			3138	1040
			3138	1041
			3139	1041
			3140	1041
			3141	1041
			3142	1041
			3143	1041
			3144	1041
			3145	1041
			3146	1041
			3147	1042
			3148	1042
			3149	1042
			3150	1042
			3151	1042
			3152	1042
			3153	1042
			3154	1042
			3155	1042
			3156	1042
			3157	1042
			3158	1043
			3159	1043
			3160	1043
			3161	1043
			3162	1043
			3163	1043
			3164	1043
			3165	1043
			3166	1043
			3167	1043
			3168	1043
			3169	1044
			3170	1044
			3171	1044
			3172	1044
			3173	1044
			3174	1044
			3175	1044
			3176	1044
			3177	1044
			3178	1044
			3179	1044
			3180	1044
			3181	1044
			3182	1045
			3183	1045
			3184	1045
			3185	1045
			3186	1045
			3187	1045
			3188	1045
			3189	1045
			3190	1045
			3191	1045
			3192	1045
			3193	1045
			3194	1045
			3195	1045
			3196	1045
			3197	1045
			3198	1045
			3199	1046
			3200	1046
			3201	1046
			3202	1046
			3203	1046
			3204	1046
			3205	1046
			3206	1046
			3207	1046
			3208	1046
			3209	1046
			3210	1046
			3211	1046
			3212	1046
			3213	1046
			3214	1046
			3215	1046
			3216	1046
			3217	1046
			3218	1046
			3219	1046
			3220	1046
			3221	1046
			3222	1045
			3223	1045
			3224	1045
			3225	1045
			3226	1045
			3227	1045
			3228	1045
			3229	1045
			3230	1045
			3231	1045
			3232	1045
			3233	1045
			3234	1045
			3235	1045
			3236	1045
			3237	1045
			3238	1045
			3239	1045
			3240	1044
			3241	1044
			3242	1044
			3243	1044
			3244	1044
			3245	1044
			3246	1044
			3247	1044
			3248	1044
			3249	1044
			3250	1044
			3251	1044
			3252	1044
			3253	1044
			3254	1044
			3255	1044
			3256	1044
			3257	1043
			3258	1043
			3259	1043
			3260	1043
			3261	1043
			3262	1043
			3263	1043
			3264	1043
			3265	1043
			3266	1043
			3267	1043
			3268	1043
			3269	1043
			3270	1043
			3271	1043
			3272	1042
			3273	1042
			3274	1042
			3275	1042
			3276	1042
			3277	1042
			3278	1042
			3279	1042
			3280	1042
			3281	1042
			3282	1042
			3283	1042
			3284	1042
			3285	1042
			3286	1042
			3287	1041
			3288	1041
			3289	1041
			3290	1041
			3291	1041
			3292	1041
			3293	1041
			3294	1041
			3295	1041
			3296	1041
			3297	1041
			3298	1041
			3299	1041
			3300	1041
			3301	1040
			3302	1040
			3303	1040
			3304	1040
			3305	1040
			3306	1040
			3307	1040
			3308	1040
			3309	1040
			3310	1040
			3311	1040
			3312	1040
			3313	1040
			3314	1039
			3315	1039
			3316	1039
			3317	1039
			3318	1039
			3319	1039
			3320	1039
			3321	1039
			3322	1039
			3323	1039
			3324	1039
			3325	1039
			3326	1039
			3327	1039
			3328	1038
			3329	1038
			3330	1038
			3331	1038
			3332	1038
			3333	1038
			3334	1038
		</body_post>
		<opercle type=matrix rownames=FALSE colnames=FALSE nrow=207 ncol=2 as.numeric=TRUE >
			2002	1143
			2003	1142
			2004	1141
			2005	1140
			2006	1139
			2007	1138
			2008	1137
			2008	1136
			2009	1136
			2010	1135
			2011	1134
			2012	1133
			2012	1132
			2013	1131
			2014	1130
			2015	1129
			2015	1128
			2016	1128
			2017	1127
			2017	1126
			2018	1125
			2019	1124
			2019	1123
			2020	1122
			2021	1121
			2021	1120
			2022	1119
			2023	1118
			2023	1117
			2024	1117
			2024	1116
			2025	1115
			2026	1114
			2026	1113
			2027	1112
			2027	1111
			2028	1110
			2028	1109
			2029	1108
			2029	1107
			2030	1106
			2030	1105
			2031	1104
			2031	1103
			2032	1102
			2032	1101
			2033	1100
			2033	1099
			2033	1098
			2034	1097
			2034	1096
			2035	1095
			2035	1094
			2035	1093
			2036	1092
			2036	1091
			2037	1090
			2037	1089
			2037	1088
			2037	1087
			2038	1086
			2038	1085
			2038	1084
			2039	1083
			2039	1082
			2039	1081
			2039	1080
			2040	1079
			2040	1078
			2040	1077
			2040	1076
			2041	1075
			2041	1074
			2041	1073
			2041	1072
			2041	1071
			2041	1070
			2042	1069
			2042	1068
			2042	1067
			2042	1066
			2042	1065
			2042	1064
			2042	1063
			2042	1062
			2042	1061
			2042	1060
			2042	1059
			2042	1058
			2042	1057
			2042	1056
			2042	1055
			2042	1054
			2042	1053
			2042	1052
			2042	1051
			2042	1050
			2042	1049
			2042	1048
			2042	1047
			2042	1046
			2042	1045
			2042	1044
			2042	1043
			2042	1042
			2042	1041
			2042	1040
			2042	1039
			2042	1038
			2041	1037
			2041	1036
			2041	1035
			2041	1034
			2041	1033
			2041	1032
			2040	1031
			2040	1030
			2040	1029
			2040	1028
			2040	1027
			2040	1026
			2039	1025
			2039	1024
			2039	1023
			2039	1022
			2039	1021
			2038	1020
			2038	1019
			2038	1018
			2037	1017
			2037	1016
			2037	1015
			2037	1014
			2036	1013
			2036	1012
			2036	1011
			2036	1010
			2035	1009
			2035	1008
			2035	1007
			2034	1007
			2034	1006
			2034	1005
			2033	1004
			2033	1003
			2033	1002
			2032	1001
			2032	1000
			2032	999
			2031	998
			2031	997
			2031	996
			2030	995
			2030	994
			2029	993
			2029	992
			2028	991
			2028	990
			2028	989
			2027	988
			2027	987
			2026	986
			2026	985
			2025	984
			2025	983
			2024	982
			2024	981
			2023	980
			2023	979
			2022	978
			2022	977
			2021	976
			2021	975
			2020	974
			2020	973
			2019	972
			2019	971
			2018	970
			2018	969
			2017	968
			2016	967
			2016	966
			2015	965
			2015	964
			2014	963
			2014	962
			2013	961
			2013	960
			2012	959
			2011	958
			2011	957
			2010	956
			2010	955
			2009	955
			2009	954
			2009	953
			2008	952
			2007	951
			2007	950
			2006	949
			2005	948
			2005	947
			2004	946
			2004	945
			2003	944
			2002	944
			2002	943
		</opercle>
	</curves.pixel>
	<curves.scaled type=list>
		<body_ant type=matrix rownames=FALSE colnames=FALSE nrow=764 ncol=2 as.numeric=TRUE >
			6.68561105312727	-4.1007790593346
			6.68967525437537	-4.0967148580865
			6.68967525437537	-4.09265065683839
			6.69373945562347	-4.08858645559029
			6.69373945562347	-4.08452225434219
			6.69780365687157	-4.08045805309409
			6.70186785811967	-4.08045805309409
			6.70186785811967	-4.07639385184599
			6.70593205936778	-4.07232965059789
			6.70999626061588	-4.06826544934978
			6.70999626061588	-4.06420124810168
			6.71406046186398	-4.06013704685358
			6.71812466311208	-4.05607284560548
			6.71812466311208	-4.05200864435738
			6.72218886436018	-4.05200864435738
			6.72625306560828	-4.04794444310928
			6.72625306560828	-4.04388024186117
			6.73031726685639	-4.03981604061307
			6.73438146810449	-4.03575183936497
			6.73438146810449	-4.03168763811687
			6.73844566935259	-4.02762343686877
			6.74250987060069	-4.02762343686877
			6.74250987060069	-4.02355923562067
			6.74657407184879	-4.01949503437256
			6.75063827309689	-4.01543083312446
			6.75063827309689	-4.01136663187636
			6.754702474345	-4.00730243062826
			6.7587666755931	-4.00730243062826
			6.7628308768412	-4.00323822938016
			6.7628308768412	-3.99917402813206
			6.7668950780893	-3.99510982688395
			6.7709592793374	-3.99104562563585
			6.7709592793374	-3.98698142438775
			6.7750234805855	-3.98698142438775
			6.77908768183361	-3.98291722313965
			6.78315188308171	-3.97885302189155
			6.78315188308171	-3.97478882064345
			6.78721608432981	-3.97072461939534
			6.79128028557791	-3.97072461939534
			6.79534448682601	-3.96666041814724
			6.79940868807411	-3.96259621689914
			6.79940868807411	-3.95853201565104
			6.80347288932222	-3.95446781440294
			6.80753709057032	-3.95446781440294
			6.81160129181842	-3.95040361315484
			6.81160129181842	-3.94633941190673
			6.81566549306652	-3.94227521065863
			6.81972969431462	-3.93821100941053
			6.82379389556272	-3.93821100941053
			6.82785809681083	-3.93414680816243
			6.82785809681083	-3.93008260691433
			6.83192229805893	-3.92601840566623
			6.83598649930703	-3.92601840566623
			6.84005070055513	-3.92195420441812
			6.84411490180323	-3.91789000317002
			6.84817910305133	-3.91382580192192
			6.85224330429944	-3.90976160067382
			6.85630750554754	-3.90569739942572
			6.86037170679564	-3.90163319817762
			6.86443590804374	-3.89756899692951
			6.86850010929184	-3.89350479568141
			6.87256431053994	-3.88944059443331
			6.87662851178805	-3.88944059443331
			6.88069271303615	-3.88537639318521
			6.88475691428425	-3.88131219193711
			6.88882111553235	-3.88131219193711
			6.88882111553235	-3.87724799068901
			6.89288531678045	-3.87724799068901
			6.89694951802856	-3.8731837894409
			6.90101371927666	-3.8691195881928
			6.90507792052476	-3.8650553869447
			6.90914212177286	-3.8609911856966
			6.91320632302096	-3.8609911856966
			6.91727052426906	-3.8569269844485
			6.92133472551717	-3.85286278320039
			6.92539892676527	-3.84879858195229
			6.92946312801337	-3.84879858195229
			6.93352732926147	-3.84473438070419
			6.93759153050957	-3.84067017945609
			6.94165573175767	-3.83660597820799
			6.94571993300578	-3.83660597820799
			6.94978413425388	-3.83254177695989
			6.95384833550198	-3.82847757571178
			6.95791253675008	-3.82847757571178
			6.96197673799818	-3.82441337446368
			6.96604093924628	-3.82034917321558
			6.97010514049439	-3.82034917321558
			6.97416934174249	-3.81628497196748
			6.97823354299059	-3.81222077071938
			6.98229774423869	-3.81222077071938
			6.98636194548679	-3.80815656947128
			6.99042614673489	-3.80409236822317
			6.994490347983	-3.80409236822317
			6.9985545492311	-3.80002816697507
			7.0026187504792	-3.79596396572697
			7.0066829517273	-3.79596396572697
			7.0107471529754	-3.79189976447887
			7.0148113542235	-3.78783556323077
			7.01887555547161	-3.78783556323077
			7.02293975671971	-3.78377136198267
			7.02700395796781	-3.78377136198267
			7.03106815921591	-3.77970716073456
			7.03513236046401	-3.77564295948646
			7.03919656171211	-3.77564295948646
			7.04326076296022	-3.77564295948646
			7.04326076296022	-3.77157875823836
			7.04732496420832	-3.77157875823836
			7.05138916545642	-3.76751455699026
			7.05545336670452	-3.76751455699026
			7.05951756795262	-3.76345035574216
			7.06358176920072	-3.75938615449406
			7.06764597044883	-3.75938615449406
			7.07171017169693	-3.75532195324595
			7.07577437294503	-3.75532195324595
			7.07983857419313	-3.75125775199785
			7.08390277544123	-3.75125775199785
			7.08796697668933	-3.74719355074975
			7.09203117793744	-3.74719355074975
			7.09609537918554	-3.74312934950165
			7.10015958043364	-3.74312934950165
			7.10422378168174	-3.73906514825355
			7.10828798292984	-3.73906514825355
			7.11235218417794	-3.73500094700545
			7.11641638542605	-3.73500094700545
			7.12048058667415	-3.73093674575734
			7.12454478792225	-3.73093674575734
			7.12860898917035	-3.72687254450924
			7.13267319041845	-3.72687254450924
			7.13673739166655	-3.72280834326114
			7.14080159291466	-3.72280834326114
			7.14486579416276	-3.71874414201304
			7.14892999541086	-3.71874414201304
			7.15299419665896	-3.71467994076494
			7.15705839790706	-3.71467994076494
			7.16112259915516	-3.71061573951684
			7.16518680040327	-3.71061573951684
			7.16925100165137	-3.70655153826873
			7.17331520289947	-3.70655153826873
			7.17737940414757	-3.70248733702063
			7.18144360539567	-3.70248733702063
			7.18550780664377	-3.70248733702063
			7.18957200789188	-3.69842313577253
			7.19363620913998	-3.69842313577253
			7.19770041038808	-3.69435893452443
			7.20176461163618	-3.69435893452443
			7.20582881288428	-3.69435893452443
			7.20582881288428	-3.69029473327633
			7.20989301413238	-3.69029473327633
			7.21395721538049	-3.69029473327633
			7.21802141662859	-3.68623053202823
			7.22208561787669	-3.68623053202823
			7.22614981912479	-3.68216633078012
			7.23021402037289	-3.68216633078012
			7.23427822162099	-3.68216633078012
			7.2383424228691	-3.67810212953202
			7.2424066241172	-3.67810212953202
			7.2464708253653	-3.67810212953202
			7.2505350266134	-3.67403792828392
			7.2545992278615	-3.67403792828392
			7.25866342910961	-3.66997372703582
			7.26272763035771	-3.66997372703582
			7.26679183160581	-3.66997372703582
			7.27085603285391	-3.66590952578772
			7.27492023410201	-3.66590952578772
			7.27898443535011	-3.66590952578772
			7.28304863659821	-3.66184532453962
			7.28711283784632	-3.66184532453962
			7.29117703909442	-3.66184532453962
			7.29524124034252	-3.65778112329151
			7.29930544159062	-3.65778112329151
			7.30336964283872	-3.65371692204341
			7.30743384408682	-3.65371692204341
			7.31149804533493	-3.65371692204341
			7.31556224658303	-3.64965272079531
			7.31962644783113	-3.64965272079531
			7.32369064907923	-3.64965272079531
			7.32775485032733	-3.64558851954721
			7.33181905157543	-3.64558851954721
			7.33588325282354	-3.64558851954721
			7.33994745407164	-3.64152431829911
			7.34401165531974	-3.64152431829911
			7.34807585656784	-3.64152431829911
			7.35214005781594	-3.63746011705101
			7.35620425906404	-3.63746011705101
			7.36026846031215	-3.63746011705101
			7.36433266156025	-3.6333959158029
			7.36839686280835	-3.6333959158029
			7.37246106405645	-3.6333959158029
			7.37652526530455	-3.6293317145548
			7.38058946655265	-3.6293317145548
			7.38465366780076	-3.6293317145548
			7.38871786904886	-3.6252675133067
			7.39278207029696	-3.6252675133067
			7.39684627154506	-3.6252675133067
			7.40091047279316	-3.6252675133067
			7.40497467404127	-3.6212033120586
			7.40903887528937	-3.6212033120586
			7.41310307653747	-3.6212033120586
			7.41716727778557	-3.6171391108105
			7.42123147903367	-3.6171391108105
			7.42529568028177	-3.6171391108105
			7.42935988152988	-3.6171391108105
			7.42935988152988	-3.6130749095624
			7.43342408277798	-3.6130749095624
			7.43748828402608	-3.6130749095624
			7.44155248527418	-3.6130749095624
			7.44561668652228	-3.60901070831429
			7.44968088777038	-3.60901070831429
			7.45374508901849	-3.60901070831429
			7.45780929026659	-3.60901070831429
			7.46187349151469	-3.60494650706619
			7.46593769276279	-3.60494650706619
			7.47000189401089	-3.60494650706619
			7.47406609525899	-3.60494650706619
			7.4781302965071	-3.60088230581809
			7.4821944977552	-3.60088230581809
			7.4862586990033	-3.60088230581809
			7.4903229002514	-3.60088230581809
			7.4943871014995	-3.59681810456999
			7.4984513027476	-3.59681810456999
			7.50251550399571	-3.59681810456999
			7.50657970524381	-3.59681810456999
			7.51064390649191	-3.59275390332189
			7.51470810774001	-3.59275390332189
			7.51877230898811	-3.59275390332189
			7.52283651023621	-3.59275390332189
			7.52690071148432	-3.58868970207379
			7.53096491273242	-3.58868970207379
			7.53502911398052	-3.58868970207379
			7.53909331522862	-3.58868970207379
			7.54315751647672	-3.58462550082568
			7.54722171772482	-3.58462550082568
			7.55128591897293	-3.58462550082568
			7.55535012022103	-3.58462550082568
			7.55941432146913	-3.58462550082568
			7.56347852271723	-3.58056129957758
			7.56754272396533	-3.58056129957758
			7.57160692521343	-3.58056129957758
			7.57567112646154	-3.58056129957758
			7.57973532770964	-3.57649709832948
			7.58379952895774	-3.57649709832948
			7.58786373020584	-3.57649709832948
			7.59192793145394	-3.57649709832948
			7.59599213270204	-3.57649709832948
			7.60005633395015	-3.57243289708138
			7.60412053519825	-3.57243289708138
			7.60818473644635	-3.57243289708138
			7.61224893769445	-3.57243289708138
			7.61631313894255	-3.57243289708138
			7.62037734019065	-3.56836869583328
			7.62444154143876	-3.56836869583328
			7.62850574268686	-3.56836869583328
			7.63256994393496	-3.56836869583328
			7.63663414518306	-3.56836869583328
			7.64069834643116	-3.56836869583328
			7.64476254767926	-3.56430449458518
			7.64882674892737	-3.56430449458518
			7.65289095017547	-3.56430449458518
			7.65695515142357	-3.56430449458518
			7.66101935267167	-3.56430449458518
			7.66508355391977	-3.56024029333707
			7.66914775516787	-3.56024029333707
			7.67321195641598	-3.56024029333707
			7.67727615766408	-3.56024029333707
			7.68134035891218	-3.56024029333707
			7.68540456016028	-3.56024029333707
			7.68946876140838	-3.55617609208897
			7.69353296265648	-3.55617609208897
			7.69759716390459	-3.55617609208897
			7.70166136515269	-3.55617609208897
			7.70572556640079	-3.55617609208897
			7.70978976764889	-3.55617609208897
			7.71385396889699	-3.55211189084087
			7.71791817014509	-3.55211189084087
			7.7219823713932	-3.55211189084087
			7.7260465726413	-3.55211189084087
			7.7301107738894	-3.55211189084087
			7.7341749751375	-3.55211189084087
			7.7382391763856	-3.54804768959277
			7.7423033776337	-3.54804768959277
			7.74636757888181	-3.54804768959277
			7.75043178012991	-3.54804768959277
			7.75449598137801	-3.54804768959277
			7.75856018262611	-3.54804768959277
			7.76262438387421	-3.54804768959277
			7.76668858512232	-3.54398348834467
			7.77075278637042	-3.54398348834467
			7.77481698761852	-3.54398348834467
			7.77888118886662	-3.54398348834467
			7.78294539011472	-3.54398348834467
			7.78700959136282	-3.54398348834467
			7.79107379261093	-3.54398348834467
			7.79513799385903	-3.53991928709657
			7.79920219510713	-3.53991928709657
			7.80326639635523	-3.53991928709657
			7.80733059760333	-3.53991928709657
			7.81139479885143	-3.53991928709657
			7.81545900009954	-3.53991928709657
			7.81952320134764	-3.53991928709657
			7.82358740259574	-3.53991928709657
			7.82765160384384	-3.53585508584846
			7.83171580509194	-3.53585508584846
			7.83578000634004	-3.53585508584846
			7.83984420758815	-3.53585508584846
			7.84390840883625	-3.53585508584846
			7.84797261008435	-3.53585508584846
			7.85203681133245	-3.53585508584846
			7.85610101258055	-3.53585508584846
			7.86016521382865	-3.53585508584846
			7.86016521382865	-3.53179088460036
			7.86422941507676	-3.53179088460036
			7.86829361632486	-3.53179088460036
			7.87235781757296	-3.53179088460036
			7.87642201882106	-3.53179088460036
			7.88048622006916	-3.53179088460036
			7.88455042131726	-3.53179088460036
			7.88861462256537	-3.53179088460036
			7.89267882381347	-3.53179088460036
			7.89674302506157	-3.52772668335226
			7.90080722630967	-3.52772668335226
			7.90487142755777	-3.52772668335226
			7.90893562880587	-3.52772668335226
			7.91299983005398	-3.52772668335226
			7.91706403130208	-3.52772668335226
			7.92112823255018	-3.52772668335226
			7.92519243379828	-3.52772668335226
			7.92925663504638	-3.52772668335226
			7.93332083629448	-3.52366248210416
			7.93738503754259	-3.52366248210416
			7.94144923879069	-3.52366248210416
			7.94551344003879	-3.52366248210416
			7.94957764128689	-3.52366248210416
			7.95364184253499	-3.52366248210416
			7.95770604378309	-3.52366248210416
			7.9617702450312	-3.51959828085606
			7.9658344462793	-3.51959828085606
			7.9698986475274	-3.51959828085606
			7.9739628487755	-3.51959828085606
			7.9780270500236	-3.51959828085606
			7.9820912512717	-3.51959828085606
			7.98615545251981	-3.51959828085606
			7.99021965376791	-3.51553407960796
			7.99428385501601	-3.51553407960796
			7.99834805626411	-3.51553407960796
			8.00241225751221	-3.51553407960796
			8.00647645876031	-3.51553407960796
			8.01054066000842	-3.51553407960796
			8.01460486125652	-3.51553407960796
			8.01866906250462	-3.51553407960796
			8.02273326375272	-3.51146987835985
			8.02679746500082	-3.51146987835985
			8.03086166624892	-3.51146987835985
			8.03492586749703	-3.51146987835985
			8.03899006874513	-3.51146987835985
			8.04305426999323	-3.51146987835985
			8.04711847124133	-3.51146987835985
			8.05118267248943	-3.51146987835985
			8.05524687373753	-3.50740567711175
			8.05931107498564	-3.50740567711175
			8.06337527623374	-3.50740567711175
			8.06743947748184	-3.50740567711175
			8.07150367872994	-3.50740567711175
			8.07556787997804	-3.50740567711175
			8.07963208122614	-3.50740567711175
			8.08369628247425	-3.50740567711175
			8.08776048372235	-3.50334147586365
			8.09182468497045	-3.50334147586365
			8.09588888621855	-3.50334147586365
			8.09995308746665	-3.50334147586365
			8.10401728871475	-3.50334147586365
			8.10808148996286	-3.50334147586365
			8.11214569121096	-3.50334147586365
			8.11620989245906	-3.50334147586365
			8.12027409370716	-3.49927727461555
			8.12433829495526	-3.49927727461555
			8.12840249620336	-3.49927727461555
			8.13246669745147	-3.49927727461555
			8.13653089869957	-3.49927727461555
			8.14059509994767	-3.49927727461555
			8.14465930119577	-3.49927727461555
			8.14872350244387	-3.49927727461555
			8.15278770369197	-3.49927727461555
			8.15685190494008	-3.49521307336745
			8.16091610618818	-3.49521307336745
			8.16498030743628	-3.49521307336745
			8.16904450868438	-3.49521307336745
			8.17310870993248	-3.49521307336745
			8.17717291118059	-3.49521307336745
			8.18123711242869	-3.49521307336745
			8.18530131367679	-3.49521307336745
			8.18936551492489	-3.49114887211935
			8.19342971617299	-3.49114887211935
			8.19749391742109	-3.49114887211935
			8.2015581186692	-3.49114887211935
			8.2056223199173	-3.49114887211935
			8.2096865211654	-3.49114887211935
			8.2137507224135	-3.49114887211935
			8.2178149236616	-3.49114887211935
			8.2218791249097	-3.49114887211935
			8.22594332615781	-3.48708467087124
			8.23000752740591	-3.48708467087124
			8.23407172865401	-3.48708467087124
			8.23813592990211	-3.48708467087124
			8.24220013115021	-3.48708467087124
			8.24626433239831	-3.48708467087124
			8.25032853364642	-3.48708467087124
			8.25439273489452	-3.48708467087124
			8.25845693614262	-3.48708467087124
			8.26252113739072	-3.48302046962314
			8.26658533863882	-3.48302046962314
			8.27064953988692	-3.48302046962314
			8.27471374113503	-3.48302046962314
			8.27877794238313	-3.48302046962314
			8.28284214363123	-3.48302046962314
			8.28690634487933	-3.48302046962314
			8.29097054612743	-3.48302046962314
			8.29503474737553	-3.48302046962314
			8.29909894862364	-3.48302046962314
			8.30316314987174	-3.47895626837504
			8.30722735111984	-3.47895626837504
			8.31129155236794	-3.47895626837504
			8.31535575361604	-3.47895626837504
			8.31941995486414	-3.47895626837504
			8.32348415611225	-3.47895626837504
			8.32754835736035	-3.47895626837504
			8.33161255860845	-3.47895626837504
			8.33567675985655	-3.47895626837504
			8.33974096110465	-3.47895626837504
			8.34380516235275	-3.47489206712694
			8.34786936360086	-3.47489206712694
			8.35193356484896	-3.47489206712694
			8.35599776609706	-3.47489206712694
			8.36006196734516	-3.47489206712694
			8.36412616859326	-3.47489206712694
			8.36819036984136	-3.47489206712694
			8.37225457108947	-3.47489206712694
			8.37631877233757	-3.47489206712694
			8.38038297358567	-3.47489206712694
			8.38444717483377	-3.47082786587884
			8.38851137608187	-3.47082786587884
			8.39257557732997	-3.47082786587884
			8.39663977857808	-3.47082786587884
			8.40070397982618	-3.47082786587884
			8.40476818107428	-3.47082786587884
			8.40883238232238	-3.47082786587884
			8.41289658357048	-3.47082786587884
			8.41696078481858	-3.47082786587884
			8.42102498606669	-3.47082786587884
			8.42508918731479	-3.47082786587884
			8.42915338856289	-3.46676366463074
			8.43321758981099	-3.46676366463074
			8.43728179105909	-3.46676366463074
			8.44134599230719	-3.46676366463074
			8.4454101935553	-3.46676366463074
			8.4494743948034	-3.46676366463074
			8.4535385960515	-3.46676366463074
			8.4576027972996	-3.46676366463074
			8.4616669985477	-3.46676366463074
			8.4657311997958	-3.46676366463074
			8.46979540104391	-3.46676366463074
			8.47385960229201	-3.46269946338263
			8.47792380354011	-3.46269946338263
			8.48198800478821	-3.46269946338263
			8.48605220603631	-3.46269946338263
			8.49011640728441	-3.46269946338263
			8.49418060853252	-3.46269946338263
			8.49824480978062	-3.46269946338263
			8.50230901102872	-3.46269946338263
			8.50637321227682	-3.46269946338263
			8.51043741352492	-3.46269946338263
			8.51450161477302	-3.46269946338263
			8.51856581602113	-3.45863526213453
			8.52263001726923	-3.45863526213453
			8.52669421851733	-3.45863526213453
			8.53075841976543	-3.45863526213453
			8.53482262101353	-3.45863526213453
			8.53888682226163	-3.45863526213453
			8.54295102350974	-3.45863526213453
			8.54701522475784	-3.45863526213453
			8.55107942600594	-3.45863526213453
			8.55514362725404	-3.45863526213453
			8.55920782850214	-3.45863526213453
			8.56327202975024	-3.45863526213453
			8.56733623099835	-3.45457106088643
			8.57140043224645	-3.45457106088643
			8.57546463349455	-3.45457106088643
			8.57952883474265	-3.45457106088643
			8.58359303599075	-3.45457106088643
			8.58765723723885	-3.45457106088643
			8.59172143848696	-3.45457106088643
			8.59578563973506	-3.45457106088643
			8.59984984098316	-3.45457106088643
			8.60391404223126	-3.45457106088643
			8.60797824347936	-3.45457106088643
			8.61204244472746	-3.45457106088643
			8.61610664597557	-3.45457106088643
			8.62017084722367	-3.45050685963833
			8.62423504847177	-3.45050685963833
			8.62829924971987	-3.45050685963833
			8.63236345096797	-3.45050685963833
			8.63642765221607	-3.45050685963833
			8.64049185346418	-3.45050685963833
			8.64455605471228	-3.45050685963833
			8.64862025596038	-3.45050685963833
			8.65268445720848	-3.45050685963833
			8.65674865845658	-3.44644265839023
			8.66081285970468	-3.44644265839023
			8.66487706095279	-3.44644265839023
			8.66894126220089	-3.44644265839023
			8.67300546344899	-3.44644265839023
			8.67706966469709	-3.44644265839023
			8.68113386594519	-3.44644265839023
			8.6851980671933	-3.44644265839023
			8.6892622684414	-3.44237845714212
			8.6933264696895	-3.44237845714212
			8.6973906709376	-3.44237845714212
			8.7014548721857	-3.44237845714212
			8.7055190734338	-3.44237845714212
			8.70958327468191	-3.44237845714212
			8.71364747593001	-3.44237845714212
			8.71771167717811	-3.44237845714212
			8.72177587842621	-3.44237845714212
			8.72584007967431	-3.44237845714212
			8.72990428092241	-3.44237845714212
			8.73396848217052	-3.44237845714212
			8.73803268341862	-3.43831425589402
			8.74209688466672	-3.43831425589402
			8.74616108591482	-3.43831425589402
			8.75022528716292	-3.43831425589402
			8.75428948841102	-3.43831425589402
			8.75835368965913	-3.43831425589402
			8.76241789090723	-3.43831425589402
			8.76648209215533	-3.43831425589402
			8.77054629340343	-3.43831425589402
			8.77461049465153	-3.43831425589402
			8.77867469589963	-3.43831425589402
			8.78273889714774	-3.43831425589402
			8.78680309839584	-3.43831425589402
			8.79086729964394	-3.43831425589402
			8.79493150089204	-3.43831425589402
			8.79899570214014	-3.43831425589402
			8.80305990338824	-3.43831425589402
			8.80712410463635	-3.43831425589402
			8.81118830588445	-3.43831425589402
			8.81525250713255	-3.43831425589402
			8.81931670838065	-3.43831425589402
			8.82338090962875	-3.43831425589402
			8.82744511087685	-3.43831425589402
			8.83150931212496	-3.43831425589402
			8.83557351337306	-3.43831425589402
			8.83963771462116	-3.43831425589402
			8.84370191586926	-3.43831425589402
			8.84776611711736	-3.43831425589402
			8.85183031836546	-3.43831425589402
			8.85589451961357	-3.43831425589402
			8.85995872086167	-3.43831425589402
			8.86402292210977	-3.43831425589402
			8.86808712335787	-3.43831425589402
			8.87215132460597	-3.43831425589402
			8.87621552585408	-3.43831425589402
			8.88027972710218	-3.43831425589402
			8.88434392835028	-3.43831425589402
			8.88840812959838	-3.43831425589402
			8.89247233084648	-3.43831425589402
			8.89653653209458	-3.43831425589402
			8.90060073334269	-3.43831425589402
			8.90466493459079	-3.43831425589402
			8.90872913583889	-3.43831425589402
			8.91279333708699	-3.43831425589402
			8.91685753833509	-3.43831425589402
			8.92092173958319	-3.43831425589402
			8.9249859408313	-3.43831425589402
			8.9290501420794	-3.43831425589402
			8.9331143433275	-3.43831425589402
			8.9371785445756	-3.43831425589402
			8.9412427458237	-3.43831425589402
			8.9453069470718	-3.43831425589402
			8.9493711483199	-3.43831425589402
			8.95343534956801	-3.43831425589402
			8.95749955081611	-3.43831425589402
			8.96156375206421	-3.43831425589402
			8.96562795331231	-3.43831425589402
			8.96969215456041	-3.43831425589402
			8.97375635580851	-3.43831425589402
			8.97782055705662	-3.43831425589402
			8.98188475830472	-3.43831425589402
			8.98594895955282	-3.43831425589402
			8.99001316080092	-3.43831425589402
			8.99407736204902	-3.43831425589402
			8.99814156329712	-3.43831425589402
			9.00220576454523	-3.43831425589402
			9.00626996579333	-3.43831425589402
			9.01033416704143	-3.43831425589402
			9.01439836828953	-3.43831425589402
			9.01846256953763	-3.43831425589402
			9.02252677078573	-3.44237845714212
			9.02659097203384	-3.44237845714212
			9.03065517328194	-3.44237845714212
			9.03471937453004	-3.44237845714212
			9.03878357577814	-3.44237845714212
			9.04284777702624	-3.44237845714212
			9.04691197827434	-3.44237845714212
			9.05097617952245	-3.44237845714212
			9.05504038077055	-3.44237845714212
			9.05910458201865	-3.44237845714212
			9.06316878326675	-3.44237845714212
			9.06723298451485	-3.44237845714212
			9.07129718576295	-3.44237845714212
			9.07536138701106	-3.44237845714212
			9.07942558825916	-3.44237845714212
			9.08348978950726	-3.44237845714212
			9.08755399075536	-3.44237845714212
			9.09161819200346	-3.44237845714212
			9.09568239325156	-3.44237845714212
			9.09974659449967	-3.44237845714212
			9.10381079574777	-3.44237845714212
			9.10787499699587	-3.44237845714212
			9.11193919824397	-3.44644265839023
			9.11600339949207	-3.44644265839023
			9.12006760074017	-3.44644265839023
			9.12413180198828	-3.44644265839023
			9.12819600323638	-3.44644265839023
			9.13226020448448	-3.44644265839023
			9.13632440573258	-3.44644265839023
			9.14038860698068	-3.44644265839023
			9.14445280822878	-3.44644265839023
			9.14851700947689	-3.44644265839023
			9.15258121072499	-3.44644265839023
			9.15664541197309	-3.44644265839023
			9.16070961322119	-3.44644265839023
			9.16477381446929	-3.44644265839023
			9.16883801571739	-3.44644265839023
			9.1729022169655	-3.44644265839023
			9.1769664182136	-3.44644265839023
			9.1810306194617	-3.44644265839023
			9.1850948207098	-3.45050685963833
			9.1891590219579	-3.45050685963833
			9.19322322320601	-3.45050685963833
			9.19728742445411	-3.45050685963833
			9.20135162570221	-3.45050685963833
			9.20541582695031	-3.45050685963833
			9.20948002819841	-3.45050685963833
			9.21354422944651	-3.45050685963833
			9.21760843069462	-3.45050685963833
			9.22167263194272	-3.45050685963833
			9.22573683319082	-3.45050685963833
			9.22980103443892	-3.45050685963833
			9.23386523568702	-3.45050685963833
			9.23792943693512	-3.45050685963833
			9.24199363818323	-3.45050685963833
			9.24605783943133	-3.45457106088643
			9.25012204067943	-3.45457106088643
			9.25418624192753	-3.45457106088643
			9.25825044317563	-3.45457106088643
			9.26231464442373	-3.45457106088643
			9.26637884567184	-3.45457106088643
			9.27044304691994	-3.45457106088643
			9.27450724816804	-3.45457106088643
			9.27857144941614	-3.45457106088643
			9.28263565066424	-3.45457106088643
			9.28669985191234	-3.45457106088643
			9.29076405316045	-3.45457106088643
			9.29482825440855	-3.45457106088643
			9.29889245565665	-3.45457106088643
			9.30295665690475	-3.45457106088643
			9.30702085815285	-3.45863526213453
			9.31108505940095	-3.45863526213453
			9.31514926064906	-3.45863526213453
			9.31921346189716	-3.45863526213453
			9.32327766314526	-3.45863526213453
			9.32734186439336	-3.45863526213453
			9.33140606564146	-3.45863526213453
			9.33547026688956	-3.45863526213453
			9.33953446813767	-3.45863526213453
			9.34359866938577	-3.45863526213453
			9.34766287063387	-3.45863526213453
			9.35172707188197	-3.45863526213453
			9.35579127313007	-3.45863526213453
			9.35985547437817	-3.46269946338263
			9.36391967562628	-3.46269946338263
			9.36798387687438	-3.46269946338263
			9.37204807812248	-3.46269946338263
			9.37611227937058	-3.46269946338263
			9.38017648061868	-3.46269946338263
			9.38424068186679	-3.46269946338263
			9.38830488311489	-3.46269946338263
			9.39236908436299	-3.46269946338263
			9.39643328561109	-3.46269946338263
			9.40049748685919	-3.46269946338263
			9.40456168810729	-3.46269946338263
			9.4086258893554	-3.46676366463074
			9.4126900906035	-3.46676366463074
			9.4167542918516	-3.46676366463074
			9.4208184930997	-3.46676366463074
			9.4248826943478	-3.46676366463074
			9.4289468955959	-3.46676366463074
			9.43301109684401	-3.46676366463074
			9.43707529809211	-3.46676366463074
			9.44113949934021	-3.46676366463074
			9.44520370058831	-3.46676366463074
			9.44926790183641	-3.46676366463074
			9.45333210308451	-3.46676366463074
			9.45739630433262	-3.46676366463074
			9.45739630433262	-3.47082786587884
			9.46146050558072	-3.47082786587884
			9.46552470682882	-3.47082786587884
			9.46958890807692	-3.47082786587884
			9.47365310932502	-3.47082786587884
			9.47771731057312	-3.47082786587884
			9.48178151182123	-3.47082786587884
			9.48584571306933	-3.47082786587884
			9.48990991431743	-3.47082786587884
			9.49397411556553	-3.47082786587884
			9.49803831681363	-3.47082786587884
			9.50210251806173	-3.47082786587884
			9.50616671930984	-3.47489206712694
			9.51023092055794	-3.47489206712694
			9.51429512180604	-3.47489206712694
			9.51835932305414	-3.47489206712694
			9.52242352430224	-3.47489206712694
			9.52648772555034	-3.47489206712694
			9.53055192679845	-3.47489206712694
			9.53461612804655	-3.47489206712694
			9.53868032929465	-3.47489206712694
			9.54274453054275	-3.47489206712694
			9.54680873179085	-3.47489206712694
			9.55087293303895	-3.47895626837504
			9.55493713428706	-3.47895626837504
			9.55900133553516	-3.47895626837504
			9.56306553678326	-3.47895626837504
			9.56712973803136	-3.47895626837504
			9.57119393927946	-3.47895626837504
			9.57525814052756	-3.47895626837504
			9.57932234177566	-3.47895626837504
			9.58338654302377	-3.47895626837504
			9.58745074427187	-3.47895626837504
			9.59151494551997	-3.47895626837504
			9.59557914676807	-3.48302046962314
			9.59964334801617	-3.48302046962314
			9.60370754926427	-3.48302046962314
			9.60777175051238	-3.48302046962314
			9.61183595176048	-3.48302046962314
			9.61590015300858	-3.48302046962314
			9.61996435425668	-3.48302046962314
			9.62402855550478	-3.48302046962314
			9.62809275675288	-3.48302046962314
			9.63215695800099	-3.48302046962314
			9.63622115924909	-3.48708467087124
			9.64028536049719	-3.48708467087124
			9.64434956174529	-3.48708467087124
			9.64841376299339	-3.48708467087124
			9.65247796424149	-3.48708467087124
			9.6565421654896	-3.48708467087124
			9.6606063667377	-3.48708467087124
			9.6646705679858	-3.48708467087124
			9.6687347692339	-3.48708467087124
			9.672798970482	-3.48708467087124
			9.6768631717301	-3.48708467087124
			9.68092737297821	-3.48708467087124
			9.68499157422631	-3.49114887211935
			9.68905577547441	-3.49114887211935
			9.69311997672251	-3.49114887211935
			9.69718417797061	-3.49114887211935
			9.70124837921872	-3.49114887211935
		</body_ant>
		<body_post type=matrix rownames=FALSE colnames=FALSE nrow=715 ncol=2 as.numeric=TRUE >
			10.6847850812593	-3.82441337446368
			10.6888492825074	-3.82441337446368
			10.6929134837555	-3.82847757571178
			10.6969776850036	-3.82847757571178
			10.7010418862517	-3.82847757571178
			10.7051060874998	-3.82847757571178
			10.7091702887479	-3.82847757571178
			10.7091702887479	-3.83254177695989
			10.713234489996	-3.83254177695989
			10.7172986912441	-3.83254177695989
			10.7213628924922	-3.83254177695989
			10.7254270937403	-3.83254177695989
			10.7294912949884	-3.83660597820799
			10.7335554962365	-3.83660597820799
			10.7376196974846	-3.83660597820799
			10.7416838987327	-3.83660597820799
			10.7457480999808	-3.84067017945609
			10.7498123012289	-3.84067017945609
			10.7538765024771	-3.84067017945609
			10.7579407037252	-3.84067017945609
			10.7620049049733	-3.84473438070419
			10.7660691062214	-3.84473438070419
			10.7701333074695	-3.84473438070419
			10.7741975087176	-3.84473438070419
			10.7782617099657	-3.84879858195229
			10.7823259112138	-3.84879858195229
			10.7863901124619	-3.84879858195229
			10.79045431371	-3.84879858195229
			10.7945185149581	-3.84879858195229
			10.7985827162062	-3.85286278320039
			10.8026469174543	-3.85286278320039
			10.8067111187024	-3.85286278320039
			10.8107753199505	-3.85286278320039
			10.8148395211986	-3.8569269844485
			10.8189037224467	-3.8569269844485
			10.8229679236948	-3.8569269844485
			10.8270321249429	-3.8569269844485
			10.831096326191	-3.8609911856966
			10.8351605274391	-3.8609911856966
			10.8392247286872	-3.8609911856966
			10.8432889299353	-3.8609911856966
			10.8473531311834	-3.8609911856966
			10.8514173324315	-3.8650553869447
			10.8554815336796	-3.8650553869447
			10.8595457349277	-3.8650553869447
			10.8636099361758	-3.8650553869447
			10.8676741374239	-3.8691195881928
			10.871738338672	-3.8691195881928
			10.8758025399201	-3.8691195881928
			10.8798667411682	-3.8691195881928
			10.8839309424163	-3.8731837894409
			10.8879951436644	-3.8731837894409
			10.8920593449125	-3.8731837894409
			10.8961235461606	-3.8731837894409
			10.9001877474087	-3.8731837894409
			10.9042519486568	-3.87724799068901
			10.9083161499049	-3.87724799068901
			10.912380351153	-3.87724799068901
			10.9164445524011	-3.87724799068901
			10.9205087536492	-3.88131219193711
			10.9245729548973	-3.88131219193711
			10.9286371561454	-3.88131219193711
			10.9327013573935	-3.88131219193711
			10.9367655586416	-3.88537639318521
			10.9408297598897	-3.88537639318521
			10.9448939611378	-3.88537639318521
			10.9489581623859	-3.88537639318521
			10.953022363634	-3.88944059443331
			10.9570865648821	-3.88944059443331
			10.9611507661302	-3.88944059443331
			10.9652149673783	-3.88944059443331
			10.9692791686264	-3.89350479568141
			10.9733433698745	-3.89350479568141
			10.9774075711226	-3.89350479568141
			10.9814717723707	-3.89350479568141
			10.9855359736188	-3.89756899692951
			10.9896001748669	-3.89756899692951
			10.9936643761151	-3.89756899692951
			10.9977285773632	-3.89756899692951
			11.0017927786113	-3.89756899692951
			11.0058569798594	-3.90163319817762
			11.0099211811075	-3.90163319817762
			11.0139853823556	-3.90163319817762
			11.0180495836037	-3.90163319817762
			11.0221137848518	-3.90569739942572
			11.0261779860999	-3.90569739942572
			11.030242187348	-3.90569739942572
			11.0343063885961	-3.90569739942572
			11.0383705898442	-3.90569739942572
			11.0424347910923	-3.90976160067382
			11.0464989923404	-3.90976160067382
			11.0505631935885	-3.90976160067382
			11.0546273948366	-3.90976160067382
			11.0586915960847	-3.91382580192192
			11.0627557973328	-3.91382580192192
			11.0668199985809	-3.91382580192192
			11.070884199829	-3.91382580192192
			11.0749484010771	-3.91382580192192
			11.0790126023252	-3.91789000317002
			11.0830768035733	-3.91789000317002
			11.0871410048214	-3.91789000317002
			11.0912052060695	-3.91789000317002
			11.0952694073176	-3.92195420441812
			11.0993336085657	-3.92195420441812
			11.1033978098138	-3.92195420441812
			11.1074620110619	-3.92195420441812
			11.11152621231	-3.92601840566623
			11.1155904135581	-3.92601840566623
			11.1196546148062	-3.92601840566623
			11.1237188160543	-3.92601840566623
			11.1277830173024	-3.93008260691433
			11.1318472185505	-3.93008260691433
			11.1359114197986	-3.93008260691433
			11.1399756210467	-3.93008260691433
			11.1440398222948	-3.93008260691433
			11.1481040235429	-3.93414680816243
			11.152168224791	-3.93414680816243
			11.1562324260391	-3.93414680816243
			11.1602966272872	-3.93414680816243
			11.1643608285353	-3.93821100941053
			11.1684250297834	-3.93821100941053
			11.1724892310315	-3.93821100941053
			11.1765534322796	-3.93821100941053
			11.1806176335277	-3.93821100941053
			11.1846818347758	-3.94227521065863
			11.1887460360239	-3.94227521065863
			11.192810237272	-3.94227521065863
			11.1968744385201	-3.94227521065863
			11.2009386397682	-3.94633941190673
			11.2050028410163	-3.94633941190673
			11.2090670422644	-3.94633941190673
			11.2131312435125	-3.94633941190673
			11.2171954447606	-3.94633941190673
			11.2212596460087	-3.95040361315484
			11.2253238472568	-3.95040361315484
			11.2293880485049	-3.95040361315484
			11.2334522497531	-3.95040361315484
			11.2375164510012	-3.95446781440294
			11.2415806522493	-3.95446781440294
			11.2456448534974	-3.95446781440294
			11.2497090547455	-3.95446781440294
			11.2537732559936	-3.95446781440294
			11.2578374572417	-3.95853201565104
			11.2619016584898	-3.95853201565104
			11.2659658597379	-3.95853201565104
			11.270030060986	-3.95853201565104
			11.2740942622341	-3.96259621689914
			11.2781584634822	-3.96259621689914
			11.2822226647303	-3.96259621689914
			11.2862868659784	-3.96259621689914
			11.2903510672265	-3.96259621689914
			11.2944152684746	-3.96666041814724
			11.2984794697227	-3.96666041814724
			11.3025436709708	-3.96666041814724
			11.3066078722189	-3.96666041814724
			11.310672073467	-3.97072461939534
			11.3147362747151	-3.97072461939534
			11.3188004759632	-3.97072461939534
			11.3228646772113	-3.97072461939534
			11.3269288784594	-3.97478882064345
			11.3309930797075	-3.97478882064345
			11.3350572809556	-3.97478882064345
			11.3391214822037	-3.97478882064345
			11.3431856834518	-3.97478882064345
			11.3472498846999	-3.97885302189155
			11.351314085948	-3.97885302189155
			11.3553782871961	-3.97885302189155
			11.3594424884442	-3.97885302189155
			11.3635066896923	-3.97885302189155
			11.3675708909404	-3.98291722313965
			11.3716350921885	-3.98291722313965
			11.3756992934366	-3.98291722313965
			11.3797634946847	-3.98291722313965
			11.3838276959328	-3.98698142438775
			11.3878918971809	-3.98698142438775
			11.391956098429	-3.98698142438775
			11.3960202996771	-3.98698142438775
			11.4000845009252	-3.98698142438775
			11.4041487021733	-3.99104562563585
			11.4082129034214	-3.99104562563585
			11.4122771046695	-3.99104562563585
			11.4163413059176	-3.99104562563585
			11.4204055071657	-3.99104562563585
			11.4244697084138	-3.99510982688395
			11.4285339096619	-3.99510982688395
			11.43259811091	-3.99510982688395
			11.4366623121581	-3.99510982688395
			11.4407265134062	-3.99917402813206
			11.4447907146543	-3.99917402813206
			11.4488549159024	-3.99917402813206
			11.4529191171505	-3.99917402813206
			11.4569833183986	-4.00323822938016
			11.4610475196467	-4.00323822938016
			11.4651117208948	-4.00323822938016
			11.4691759221429	-4.00323822938016
			11.473240123391	-4.00323822938016
			11.4773043246392	-4.00730243062826
			11.4813685258873	-4.00730243062826
			11.4854327271354	-4.00730243062826
			11.4894969283835	-4.00730243062826
			11.4935611296316	-4.00730243062826
			11.4976253308797	-4.01136663187636
			11.5016895321278	-4.01136663187636
			11.5057537333759	-4.01136663187636
			11.509817934624	-4.01136663187636
			11.5138821358721	-4.01136663187636
			11.5179463371202	-4.01543083312446
			11.5220105383683	-4.01543083312446
			11.5260747396164	-4.01543083312446
			11.5301389408645	-4.01543083312446
			11.5342031421126	-4.01949503437256
			11.5382673433607	-4.01949503437256
			11.5423315446088	-4.01949503437256
			11.5463957458569	-4.01949503437256
			11.550459947105	-4.01949503437256
			11.5545241483531	-4.02355923562067
			11.5585883496012	-4.02355923562067
			11.5626525508493	-4.02355923562067
			11.5667167520974	-4.02355923562067
			11.5707809533455	-4.02355923562067
			11.5748451545936	-4.02762343686877
			11.5789093558417	-4.02762343686877
			11.5829735570898	-4.02762343686877
			11.5870377583379	-4.02762343686877
			11.591101959586	-4.03168763811687
			11.5951661608341	-4.03168763811687
			11.5992303620822	-4.03168763811687
			11.6032945633303	-4.03168763811687
			11.6073587645784	-4.03168763811687
			11.6114229658265	-4.03168763811687
			11.6114229658265	-4.03575183936497
			11.6154871670746	-4.03575183936497
			11.6195513683227	-4.03575183936497
			11.6236155695708	-4.03575183936497
			11.6276797708189	-4.03575183936497
			11.631743972067	-4.03981604061307
			11.6358081733151	-4.03981604061307
			11.6398723745632	-4.03981604061307
			11.6439365758113	-4.03981604061307
			11.6480007770594	-4.03981604061307
			11.6520649783075	-4.04388024186117
			11.6561291795556	-4.04388024186117
			11.6601933808037	-4.04388024186117
			11.6642575820518	-4.04388024186117
			11.6683217832999	-4.04388024186117
			11.672385984548	-4.04794444310928
			11.6764501857961	-4.04794444310928
			11.6805143870442	-4.04794444310928
			11.6845785882923	-4.04794444310928
			11.6886427895404	-4.04794444310928
			11.6927069907885	-4.05200864435738
			11.6967711920366	-4.05200864435738
			11.7008353932847	-4.05200864435738
			11.7048995945328	-4.05200864435738
			11.7089637957809	-4.05200864435738
			11.713027997029	-4.05607284560548
			11.7170921982772	-4.05607284560548
			11.7211563995253	-4.05607284560548
			11.7252206007734	-4.05607284560548
			11.7292848020215	-4.06013704685358
			11.7333490032696	-4.06013704685358
			11.7374132045177	-4.06013704685358
			11.7414774057658	-4.06013704685358
			11.7455416070139	-4.06013704685358
			11.749605808262	-4.06420124810168
			11.7536700095101	-4.06420124810168
			11.7577342107582	-4.06420124810168
			11.7617984120063	-4.06420124810168
			11.7658626132544	-4.06420124810168
			11.7699268145025	-4.06826544934978
			11.7739910157506	-4.06826544934978
			11.7780552169987	-4.06826544934978
			11.7821194182468	-4.06826544934978
			11.7861836194949	-4.06826544934978
			11.790247820743	-4.07232965059789
			11.7943120219911	-4.07232965059789
			11.7983762232392	-4.07232965059789
			11.8024404244873	-4.07232965059789
			11.8065046257354	-4.07232965059789
			11.8105688269835	-4.07639385184599
			11.8146330282316	-4.07639385184599
			11.8186972294797	-4.07639385184599
			11.8227614307278	-4.07639385184599
			11.8268256319759	-4.07639385184599
			11.830889833224	-4.08045805309409
			11.8349540344721	-4.08045805309409
			11.8390182357202	-4.08045805309409
			11.8430824369683	-4.08045805309409
			11.8471466382164	-4.08045805309409
			11.8512108394645	-4.08045805309409
			11.8512108394645	-4.08452225434219
			11.8552750407126	-4.08452225434219
			11.8593392419607	-4.08452225434219
			11.8634034432088	-4.08452225434219
			11.8674676444569	-4.08452225434219
			11.871531845705	-4.08858645559029
			11.8755960469531	-4.08858645559029
			11.8796602482012	-4.08858645559029
			11.8837244494493	-4.08858645559029
			11.8877886506974	-4.08858645559029
			11.8918528519455	-4.09265065683839
			11.8959170531936	-4.09265065683839
			11.8999812544417	-4.09265065683839
			11.9040454556898	-4.09265065683839
			11.9081096569379	-4.09265065683839
			11.912173858186	-4.09265065683839
			11.9162380594341	-4.0967148580865
			11.9203022606822	-4.0967148580865
			11.9243664619303	-4.0967148580865
			11.9284306631784	-4.0967148580865
			11.9324948644265	-4.0967148580865
			11.9324948644265	-4.1007790593346
			11.9365590656746	-4.1007790593346
			11.9406232669227	-4.1007790593346
			11.9446874681708	-4.1007790593346
			11.9487516694189	-4.1007790593346
			11.952815870667	-4.1007790593346
			11.9568800719151	-4.1048432605827
			11.9609442731633	-4.1048432605827
			11.9650084744114	-4.1048432605827
			11.9690726756595	-4.1048432605827
			11.9731368769076	-4.1048432605827
			11.9772010781557	-4.1089074618308
			11.9812652794038	-4.1089074618308
			11.9853294806519	-4.1089074618308
			11.9893936819	-4.1089074618308
			11.9934578831481	-4.1089074618308
			11.9975220843962	-4.1129716630789
			12.0015862856443	-4.1129716630789
			12.0056504868924	-4.1129716630789
			12.0097146881405	-4.1129716630789
			12.0137788893886	-4.1129716630789
			12.0178430906367	-4.1129716630789
			12.0219072918848	-4.117035864327
			12.0259714931329	-4.117035864327
			12.030035694381	-4.117035864327
			12.0340998956291	-4.117035864327
			12.0381640968772	-4.117035864327
			12.0422282981253	-4.12110006557511
			12.0462924993734	-4.12110006557511
			12.0503567006215	-4.12110006557511
			12.0544209018696	-4.12110006557511
			12.0584851031177	-4.12110006557511
			12.0625493043658	-4.12516426682321
			12.0666135056139	-4.12516426682321
			12.070677706862	-4.12516426682321
			12.0747419081101	-4.12516426682321
			12.0788061093582	-4.12516426682321
			12.0828703106063	-4.12516426682321
			12.0869345118544	-4.12922846807131
			12.0909987131025	-4.12922846807131
			12.0950629143506	-4.12922846807131
			12.0991271155987	-4.12922846807131
			12.1031913168468	-4.12922846807131
			12.1072555180949	-4.12922846807131
			12.111319719343	-4.13329266931941
			12.1153839205911	-4.13329266931941
			12.1194481218392	-4.13329266931941
			12.1235123230873	-4.13329266931941
			12.1275765243354	-4.13329266931941
			12.1316407255835	-4.13735687056751
			12.1357049268316	-4.13735687056751
			12.1397691280797	-4.13735687056751
			12.1438333293278	-4.13735687056751
			12.1478975305759	-4.13735687056751
			12.151961731824	-4.14142107181561
			12.1560259330721	-4.14142107181561
			12.1600901343202	-4.14142107181561
			12.1641543355683	-4.14142107181561
			12.1682185368164	-4.14142107181561
			12.1722827380645	-4.14142107181561
			12.1763469393126	-4.14548527306372
			12.1804111405607	-4.14548527306372
			12.1844753418088	-4.14548527306372
			12.1885395430569	-4.14548527306372
			12.192603744305	-4.14548527306372
			12.1966679455531	-4.14548527306372
			12.2007321468013	-4.14954947431182
			12.2047963480494	-4.14954947431182
			12.2088605492975	-4.14954947431182
			12.2129247505456	-4.14954947431182
			12.2169889517937	-4.14954947431182
			12.2210531530418	-4.14954947431182
			12.2210531530418	-4.15361367555992
			12.2251173542899	-4.15361367555992
			12.229181555538	-4.15361367555992
			12.2332457567861	-4.15361367555992
			12.2373099580342	-4.15361367555992
			12.2413741592823	-4.15361367555992
			12.2454383605304	-4.15767787680802
			12.2495025617785	-4.15767787680802
			12.2535667630266	-4.15767787680802
			12.2576309642747	-4.15767787680802
			12.2616951655228	-4.15767787680802
			12.2657593667709	-4.15767787680802
			12.269823568019	-4.15767787680802
			12.2738877692671	-4.16174207805612
			12.2779519705152	-4.16174207805612
			12.2820161717633	-4.16174207805612
			12.2860803730114	-4.16174207805612
			12.2901445742595	-4.16174207805612
			12.2942087755076	-4.16580627930422
			12.2982729767557	-4.16580627930422
			12.3023371780038	-4.16580627930422
			12.3064013792519	-4.16580627930422
			12.3104655805	-4.16580627930422
			12.3145297817481	-4.16580627930422
			12.3185939829962	-4.16987048055233
			12.3226581842443	-4.16987048055233
			12.3267223854924	-4.16987048055233
			12.3307865867405	-4.16987048055233
			12.3348507879886	-4.16987048055233
			12.3389149892367	-4.16987048055233
			12.3429791904848	-4.16987048055233
			12.3470433917329	-4.17393468180043
			12.351107592981	-4.17393468180043
			12.3551717942291	-4.17393468180043
			12.3592359954772	-4.17393468180043
			12.3633001967253	-4.17393468180043
			12.3673643979734	-4.17799888304853
			12.3714285992215	-4.17799888304853
			12.3754928004696	-4.17799888304853
			12.3795570017177	-4.17799888304853
			12.3836212029658	-4.17799888304853
			12.3876854042139	-4.17799888304853
			12.391749605462	-4.17799888304853
			12.3958138067101	-4.18206308429663
			12.3998780079582	-4.18206308429663
			12.4039422092063	-4.18206308429663
			12.4080064104544	-4.18206308429663
			12.4120706117025	-4.18206308429663
			12.4161348129506	-4.18206308429663
			12.4201990141987	-4.18206308429663
			12.4201990141987	-4.18612728554473
			12.4242632154468	-4.18612728554473
			12.4283274166949	-4.18612728554473
			12.432391617943	-4.18612728554473
			12.4364558191911	-4.18612728554473
			12.4405200204392	-4.18612728554473
			12.4445842216874	-4.18612728554473
			12.4486484229355	-4.19019148679283
			12.4527126241836	-4.19019148679283
			12.4567768254317	-4.19019148679283
			12.4608410266798	-4.19019148679283
			12.4649052279279	-4.19019148679283
			12.468969429176	-4.19019148679283
			12.4730336304241	-4.19425568804094
			12.4770978316722	-4.19425568804094
			12.4811620329203	-4.19425568804094
			12.4852262341684	-4.19425568804094
			12.4892904354165	-4.19425568804094
			12.4933546366646	-4.19425568804094
			12.4974188379127	-4.19425568804094
			12.5014830391608	-4.19425568804094
			12.5014830391608	-4.19831988928904
			12.5055472404089	-4.19831988928904
			12.509611441657	-4.19831988928904
			12.5136756429051	-4.19831988928904
			12.5177398441532	-4.19831988928904
			12.5218040454013	-4.19831988928904
			12.5258682466494	-4.19831988928904
			12.5299324478975	-4.20238409053714
			12.5339966491456	-4.20238409053714
			12.5380608503937	-4.20238409053714
			12.5421250516418	-4.20238409053714
			12.5461892528899	-4.20238409053714
			12.550253454138	-4.20238409053714
			12.5543176553861	-4.20238409053714
			12.5583818566342	-4.20644829178524
			12.5624460578823	-4.20644829178524
			12.5665102591304	-4.20644829178524
			12.5705744603785	-4.20644829178524
			12.5746386616266	-4.20644829178524
			12.5787028628747	-4.20644829178524
			12.5827670641228	-4.20644829178524
			12.5868312653709	-4.21051249303334
			12.590895466619	-4.21051249303334
			12.5949596678671	-4.21051249303334
			12.5990238691152	-4.21051249303334
			12.6030880703633	-4.21051249303334
			12.6071522716114	-4.21051249303334
			12.6112164728595	-4.21051249303334
			12.6152806741076	-4.21051249303334
			12.6193448753557	-4.21457669428144
			12.6234090766038	-4.21457669428144
			12.6274732778519	-4.21457669428144
			12.6315374791	-4.21457669428144
			12.6356016803481	-4.21457669428144
			12.6396658815962	-4.21457669428144
			12.6437300828443	-4.21457669428144
			12.6477942840924	-4.21457669428144
			12.6477942840924	-4.21864089552955
			12.6518584853405	-4.21864089552955
			12.6559226865886	-4.21864089552955
			12.6599868878367	-4.21864089552955
			12.6640510890848	-4.21864089552955
			12.6681152903329	-4.21864089552955
			12.672179491581	-4.21864089552955
			12.6762436928291	-4.21864089552955
			12.6803078940772	-4.21864089552955
			12.6843720953254	-4.22270509677765
			12.6884362965735	-4.22270509677765
			12.6925004978216	-4.22270509677765
			12.6965646990697	-4.22270509677765
			12.7006289003178	-4.22270509677765
			12.7046931015659	-4.22270509677765
			12.708757302814	-4.22270509677765
			12.7128215040621	-4.22270509677765
			12.7168857053102	-4.22676929802575
			12.7209499065583	-4.22676929802575
			12.7250141078064	-4.22676929802575
			12.7290783090545	-4.22676929802575
			12.7331425103026	-4.22676929802575
			12.7372067115507	-4.22676929802575
			12.7412709127988	-4.22676929802575
			12.7453351140469	-4.22676929802575
			12.749399315295	-4.22676929802575
			12.7534635165431	-4.22676929802575
			12.7534635165431	-4.23083349927385
			12.7575277177912	-4.23083349927385
			12.7615919190393	-4.23083349927385
			12.7656561202874	-4.23083349927385
			12.7697203215355	-4.23083349927385
			12.7737845227836	-4.23083349927385
			12.7778487240317	-4.23083349927385
			12.7819129252798	-4.23083349927385
			12.7859771265279	-4.23083349927385
			12.790041327776	-4.23489770052195
			12.7941055290241	-4.23489770052195
			12.7981697302722	-4.23489770052195
			12.8022339315203	-4.23489770052195
			12.8062981327684	-4.23489770052195
			12.8103623340165	-4.23489770052195
			12.8144265352646	-4.23489770052195
			12.8184907365127	-4.23489770052195
			12.8225549377608	-4.23489770052195
			12.8266191390089	-4.23489770052195
			12.830683340257	-4.23489770052195
			12.8347475415051	-4.23896190177005
			12.8388117427532	-4.23896190177005
			12.8428759440013	-4.23896190177005
			12.8469401452494	-4.23896190177005
			12.8510043464975	-4.23896190177005
			12.8550685477456	-4.23896190177005
			12.8591327489937	-4.23896190177005
			12.8631969502418	-4.23896190177005
			12.8672611514899	-4.23896190177005
			12.871325352738	-4.23896190177005
			12.8753895539861	-4.23896190177005
			12.8794537552342	-4.24302610301816
			12.8835179564823	-4.24302610301816
			12.8875821577304	-4.24302610301816
			12.8916463589785	-4.24302610301816
			12.8957105602266	-4.24302610301816
			12.8997747614747	-4.24302610301816
			12.9038389627228	-4.24302610301816
			12.9079031639709	-4.24302610301816
			12.911967365219	-4.24302610301816
			12.9160315664671	-4.24302610301816
			12.9200957677152	-4.24302610301816
			12.9241599689633	-4.24302610301816
			12.9282241702115	-4.24302610301816
			12.9322883714596	-4.24709030426626
			12.9363525727077	-4.24709030426626
			12.9404167739558	-4.24709030426626
			12.9444809752039	-4.24709030426626
			12.948545176452	-4.24709030426626
			12.9526093777001	-4.24709030426626
			12.9566735789482	-4.24709030426626
			12.9607377801963	-4.24709030426626
			12.9648019814444	-4.24709030426626
			12.9688661826925	-4.24709030426626
			12.9729303839406	-4.24709030426626
			12.9769945851887	-4.24709030426626
			12.9810587864368	-4.24709030426626
			12.9851229876849	-4.24709030426626
			12.989187188933	-4.24709030426626
			12.9932513901811	-4.24709030426626
			12.9973155914292	-4.24709030426626
			13.0013797926773	-4.25115450551436
			13.0054439939254	-4.25115450551436
			13.0095081951735	-4.25115450551436
			13.0135723964216	-4.25115450551436
			13.0176365976697	-4.25115450551436
			13.0217007989178	-4.25115450551436
			13.0257650001659	-4.25115450551436
			13.029829201414	-4.25115450551436
			13.0338934026621	-4.25115450551436
			13.0379576039102	-4.25115450551436
			13.0420218051583	-4.25115450551436
			13.0460860064064	-4.25115450551436
			13.0501502076545	-4.25115450551436
			13.0542144089026	-4.25115450551436
			13.0582786101507	-4.25115450551436
			13.0623428113988	-4.25115450551436
			13.0664070126469	-4.25115450551436
			13.070471213895	-4.25115450551436
			13.0745354151431	-4.25115450551436
			13.0785996163912	-4.25115450551436
			13.0826638176393	-4.25115450551436
			13.0867280188874	-4.25115450551436
			13.0907922201355	-4.25115450551436
			13.0948564213836	-4.24709030426626
			13.0989206226317	-4.24709030426626
			13.1029848238798	-4.24709030426626
			13.1070490251279	-4.24709030426626
			13.111113226376	-4.24709030426626
			13.1151774276241	-4.24709030426626
			13.1192416288722	-4.24709030426626
			13.1233058301203	-4.24709030426626
			13.1273700313684	-4.24709030426626
			13.1314342326165	-4.24709030426626
			13.1354984338646	-4.24709030426626
			13.1395626351127	-4.24709030426626
			13.1436268363608	-4.24709030426626
			13.1476910376089	-4.24709030426626
			13.151755238857	-4.24709030426626
			13.1558194401051	-4.24709030426626
			13.1598836413532	-4.24709030426626
			13.1639478426013	-4.24709030426626
			13.1680120438495	-4.24302610301816
			13.1720762450976	-4.24302610301816
			13.1761404463457	-4.24302610301816
			13.1802046475938	-4.24302610301816
			13.1842688488419	-4.24302610301816
			13.18833305009	-4.24302610301816
			13.1923972513381	-4.24302610301816
			13.1964614525862	-4.24302610301816
			13.2005256538343	-4.24302610301816
			13.2045898550824	-4.24302610301816
			13.2086540563305	-4.24302610301816
			13.2127182575786	-4.24302610301816
			13.2167824588267	-4.24302610301816
			13.2208466600748	-4.24302610301816
			13.2249108613229	-4.24302610301816
			13.228975062571	-4.24302610301816
			13.2330392638191	-4.24302610301816
			13.2371034650672	-4.23896190177005
			13.2411676663153	-4.23896190177005
			13.2452318675634	-4.23896190177005
			13.2492960688115	-4.23896190177005
			13.2533602700596	-4.23896190177005
			13.2574244713077	-4.23896190177005
			13.2614886725558	-4.23896190177005
			13.2655528738039	-4.23896190177005
			13.269617075052	-4.23896190177005
			13.2736812763001	-4.23896190177005
			13.2777454775482	-4.23896190177005
			13.2818096787963	-4.23896190177005
			13.2858738800444	-4.23896190177005
			13.2899380812925	-4.23896190177005
			13.2940022825406	-4.23896190177005
			13.2980664837887	-4.23489770052195
			13.3021306850368	-4.23489770052195
			13.3061948862849	-4.23489770052195
			13.310259087533	-4.23489770052195
			13.3143232887811	-4.23489770052195
			13.3183874900292	-4.23489770052195
			13.3224516912773	-4.23489770052195
			13.3265158925254	-4.23489770052195
			13.3305800937735	-4.23489770052195
			13.3346442950216	-4.23489770052195
			13.3387084962697	-4.23489770052195
			13.3427726975178	-4.23489770052195
			13.3468368987659	-4.23489770052195
			13.350901100014	-4.23489770052195
			13.3549653012621	-4.23489770052195
			13.3590295025102	-4.23083349927385
			13.3630937037583	-4.23083349927385
			13.3671579050064	-4.23083349927385
			13.3712221062545	-4.23083349927385
			13.3752863075026	-4.23083349927385
			13.3793505087507	-4.23083349927385
			13.3834147099988	-4.23083349927385
			13.3874789112469	-4.23083349927385
			13.391543112495	-4.23083349927385
			13.3956073137431	-4.23083349927385
			13.3996715149912	-4.23083349927385
			13.4037357162393	-4.23083349927385
			13.4077999174875	-4.23083349927385
			13.4118641187356	-4.23083349927385
			13.4159283199837	-4.22676929802575
			13.4199925212318	-4.22676929802575
			13.4240567224799	-4.22676929802575
			13.428120923728	-4.22676929802575
			13.4321851249761	-4.22676929802575
			13.4362493262242	-4.22676929802575
			13.4403135274723	-4.22676929802575
			13.4443777287204	-4.22676929802575
			13.4484419299685	-4.22676929802575
			13.4525061312166	-4.22676929802575
			13.4565703324647	-4.22676929802575
			13.4606345337128	-4.22676929802575
			13.4646987349609	-4.22676929802575
			13.468762936209	-4.22270509677765
			13.4728271374571	-4.22270509677765
			13.4768913387052	-4.22270509677765
			13.4809555399533	-4.22270509677765
			13.4850197412014	-4.22270509677765
			13.4890839424495	-4.22270509677765
			13.4931481436976	-4.22270509677765
			13.4972123449457	-4.22270509677765
			13.5012765461938	-4.22270509677765
			13.5053407474419	-4.22270509677765
			13.50940494869	-4.22270509677765
			13.5134691499381	-4.22270509677765
			13.5175333511862	-4.22270509677765
			13.5215975524343	-4.22270509677765
			13.5256617536824	-4.21864089552955
			13.5297259549305	-4.21864089552955
			13.5337901561786	-4.21864089552955
			13.5378543574267	-4.21864089552955
			13.5419185586748	-4.21864089552955
			13.5459827599229	-4.21864089552955
			13.550046961171	-4.21864089552955
		</body_post>
		<opercle type=matrix rownames=FALSE colnames=FALSE nrow=207 ncol=2 as.numeric=TRUE >
			8.13653089869957	-4.64538202658022
			8.14059509994767	-4.64131782533212
			8.14465930119577	-4.63725362408402
			8.14872350244387	-4.63318942283592
			8.15278770369197	-4.62912522158782
			8.15685190494008	-4.62506102033971
			8.16091610618818	-4.62099681909161
			8.16091610618818	-4.61693261784351
			8.16498030743628	-4.61693261784351
			8.16904450868438	-4.61286841659541
			8.17310870993248	-4.60880421534731
			8.17717291118059	-4.60474001409921
			8.17717291118059	-4.6006758128511
			8.18123711242869	-4.596611611603
			8.18530131367679	-4.5925474103549
			8.18936551492489	-4.5884832091068
			8.18936551492489	-4.5844190078587
			8.19342971617299	-4.5844190078587
			8.19749391742109	-4.5803548066106
			8.19749391742109	-4.57629060536249
			8.2015581186692	-4.57222640411439
			8.2056223199173	-4.56816220286629
			8.2056223199173	-4.56409800161819
			8.2096865211654	-4.56003380037009
			8.2137507224135	-4.55596959912199
			8.2137507224135	-4.55190539787388
			8.2178149236616	-4.54784119662578
			8.2218791249097	-4.54377699537768
			8.2218791249097	-4.53971279412958
			8.22594332615781	-4.53971279412958
			8.22594332615781	-4.53564859288148
			8.23000752740591	-4.53158439163338
			8.23407172865401	-4.52752019038527
			8.23407172865401	-4.52345598913717
			8.23813592990211	-4.51939178788907
			8.23813592990211	-4.51532758664097
			8.24220013115021	-4.51126338539287
			8.24220013115021	-4.50719918414477
			8.24626433239831	-4.50313498289666
			8.24626433239831	-4.49907078164856
			8.25032853364642	-4.49500658040046
			8.25032853364642	-4.49094237915236
			8.25439273489452	-4.48687817790426
			8.25439273489452	-4.48281397665616
			8.25845693614262	-4.47874977540805
			8.25845693614262	-4.47468557415995
			8.26252113739072	-4.47062137291185
			8.26252113739072	-4.46655717166375
			8.26252113739072	-4.46249297041565
			8.26658533863882	-4.45842876916755
			8.26658533863882	-4.45436456791944
			8.27064953988692	-4.45030036667134
			8.27064953988692	-4.44623616542324
			8.27064953988692	-4.44217196417514
			8.27471374113503	-4.43810776292704
			8.27471374113503	-4.43404356167894
			8.27877794238313	-4.42997936043083
			8.27877794238313	-4.42591515918273
			8.27877794238313	-4.42185095793463
			8.27877794238313	-4.41778675668653
			8.28284214363123	-4.41372255543843
			8.28284214363123	-4.40965835419033
			8.28284214363123	-4.40559415294222
			8.28690634487933	-4.40152995169412
			8.28690634487933	-4.39746575044602
			8.28690634487933	-4.39340154919792
			8.28690634487933	-4.38933734794982
			8.29097054612743	-4.38527314670172
			8.29097054612743	-4.38120894545361
			8.29097054612743	-4.37714474420551
			8.29097054612743	-4.37308054295741
			8.29503474737553	-4.36901634170931
			8.29503474737553	-4.36495214046121
			8.29503474737553	-4.36088793921311
			8.29503474737553	-4.356823737965
			8.29503474737553	-4.3527595367169
			8.29503474737553	-4.3486953354688
			8.29909894862364	-4.3446311342207
			8.29909894862364	-4.3405669329726
			8.29909894862364	-4.33650273172449
			8.29909894862364	-4.33243853047639
			8.29909894862364	-4.32837432922829
			8.29909894862364	-4.32431012798019
			8.29909894862364	-4.32024592673209
			8.29909894862364	-4.31618172548399
			8.29909894862364	-4.31211752423588
			8.29909894862364	-4.30805332298778
			8.29909894862364	-4.30398912173968
			8.29909894862364	-4.29992492049158
			8.29909894862364	-4.29586071924348
			8.29909894862364	-4.29179651799538
			8.29909894862364	-4.28773231674727
			8.29909894862364	-4.28366811549917
			8.29909894862364	-4.27960391425107
			8.29909894862364	-4.27553971300297
			8.29909894862364	-4.27147551175487
			8.29909894862364	-4.26741131050677
			8.29909894862364	-4.26334710925866
			8.29909894862364	-4.25928290801056
			8.29909894862364	-4.25521870676246
			8.29909894862364	-4.25115450551436
			8.29909894862364	-4.24709030426626
			8.29909894862364	-4.24302610301816
			8.29909894862364	-4.23896190177005
			8.29909894862364	-4.23489770052195
			8.29909894862364	-4.23083349927385
			8.29909894862364	-4.22676929802575
			8.29909894862364	-4.22270509677765
			8.29909894862364	-4.21864089552955
			8.29503474737553	-4.21457669428144
			8.29503474737553	-4.21051249303334
			8.29503474737553	-4.20644829178524
			8.29503474737553	-4.20238409053714
			8.29503474737553	-4.19831988928904
			8.29503474737553	-4.19425568804094
			8.29097054612743	-4.19019148679283
			8.29097054612743	-4.18612728554473
			8.29097054612743	-4.18206308429663
			8.29097054612743	-4.17799888304853
			8.29097054612743	-4.17393468180043
			8.29097054612743	-4.16987048055233
			8.28690634487933	-4.16580627930422
			8.28690634487933	-4.16174207805612
			8.28690634487933	-4.15767787680802
			8.28690634487933	-4.15361367555992
			8.28690634487933	-4.14954947431182
			8.28284214363123	-4.14548527306372
			8.28284214363123	-4.14142107181561
			8.28284214363123	-4.13735687056751
			8.27877794238313	-4.13329266931941
			8.27877794238313	-4.12922846807131
			8.27877794238313	-4.12516426682321
			8.27877794238313	-4.12110006557511
			8.27471374113503	-4.117035864327
			8.27471374113503	-4.1129716630789
			8.27471374113503	-4.1089074618308
			8.27471374113503	-4.1048432605827
			8.27064953988692	-4.1007790593346
			8.27064953988692	-4.0967148580865
			8.27064953988692	-4.09265065683839
			8.26658533863882	-4.09265065683839
			8.26658533863882	-4.08858645559029
			8.26658533863882	-4.08452225434219
			8.26252113739072	-4.08045805309409
			8.26252113739072	-4.07639385184599
			8.26252113739072	-4.07232965059789
			8.25845693614262	-4.06826544934978
			8.25845693614262	-4.06420124810168
			8.25845693614262	-4.06013704685358
			8.25439273489452	-4.05607284560548
			8.25439273489452	-4.05200864435738
			8.25439273489452	-4.04794444310928
			8.25032853364642	-4.04388024186117
			8.25032853364642	-4.03981604061307
			8.24626433239831	-4.03575183936497
			8.24626433239831	-4.03168763811687
			8.24220013115021	-4.02762343686877
			8.24220013115021	-4.02355923562067
			8.24220013115021	-4.01949503437256
			8.23813592990211	-4.01543083312446
			8.23813592990211	-4.01136663187636
			8.23407172865401	-4.00730243062826
			8.23407172865401	-4.00323822938016
			8.23000752740591	-3.99917402813206
			8.23000752740591	-3.99510982688395
			8.22594332615781	-3.99104562563585
			8.22594332615781	-3.98698142438775
			8.2218791249097	-3.98291722313965
			8.2218791249097	-3.97885302189155
			8.2178149236616	-3.97478882064345
			8.2178149236616	-3.97072461939534
			8.2137507224135	-3.96666041814724
			8.2137507224135	-3.96259621689914
			8.2096865211654	-3.95853201565104
			8.2096865211654	-3.95446781440294
			8.2056223199173	-3.95040361315484
			8.2056223199173	-3.94633941190673
			8.2015581186692	-3.94227521065863
			8.2015581186692	-3.93821100941053
			8.19749391742109	-3.93414680816243
			8.19342971617299	-3.93008260691433
			8.19342971617299	-3.92601840566623
			8.18936551492489	-3.92195420441812
			8.18936551492489	-3.91789000317002
			8.18530131367679	-3.91382580192192
			8.18530131367679	-3.90976160067382
			8.18123711242869	-3.90569739942572
			8.18123711242869	-3.90163319817762
			8.17717291118059	-3.89756899692951
			8.17310870993248	-3.89350479568141
			8.17310870993248	-3.88944059443331
			8.16904450868438	-3.88537639318521
			8.16904450868438	-3.88131219193711
			8.16498030743628	-3.88131219193711
			8.16498030743628	-3.87724799068901
			8.16498030743628	-3.8731837894409
			8.16091610618818	-3.8691195881928
			8.15685190494008	-3.8650553869447
			8.15685190494008	-3.8609911856966
			8.15278770369197	-3.8569269844485
			8.14872350244387	-3.85286278320039
			8.14872350244387	-3.84879858195229
			8.14465930119577	-3.84473438070419
			8.14465930119577	-3.84067017945609
			8.14059509994767	-3.83660597820799
			8.13653089869957	-3.83660597820799
			8.13653089869957	-3.83254177695989
		</opercle>
	</curves.scaled>
	<ruler.points type=matrix rownames=TRUE colnames=FALSE nrow=2 ncol=2 as.numeric=TRUE >
		Ruler point 1	2452	2216
		Ruler point 2	2698	2221
	</ruler.points>
</shapes>

