<shapes type=list>
	<ruler.pixel type=vector names=FALSE length=1 as.numeric=TRUE >245.008163129313</ruler.pixel>
	<ruler.interval type=vector names=FALSE length=1 as.numeric=TRUE >1</ruler.interval>
	<scaling.units type=vector names=FALSE length=1 as.numeric=FALSE >cm</scaling.units>
	<scaling type=vector names=FALSE length=1 as.numeric=TRUE >0.00408149666210187</scaling>
	<image.name type=vector names=FALSE length=1 as.numeric=FALSE >TU202142_13_L.JPG</image.name>
	<landmarks.pixel type=matrix rownames=TRUE colnames=FALSE nrow=20 ncol=2 as.numeric=TRUE >
		snout_tip	1493	1121
		dorsal_ant	2255	837
		dorsal_post	2528	883
		caud_upper	3269	857
		caud_lower	3264	1062
		anal_post	2999	1089
		anal_ant	2849	1146
		pelv_1	2413	1206
		pect_1	1892	1185
		lower_operc	1862	1186
		upper_operc	1834	970
		eye_center	1648	1047
		eye_1_ant	1605	1044
		eye_2	1612	1019
		eye_3_dors	1641	998
		eye_4	1681	1002
		eye_5_post	1694	1037
		eye_6	1683	1067
		eye_7_vent	1645	1089
		eye_8	1616	1074
	</landmarks.pixel>
	<landmarks.scaled type=matrix rownames=TRUE colnames=FALSE nrow=20 ncol=2 as.numeric=TRUE >
		snout_tip	6.09367451651809	-4.57535775821619
		dorsal_ant	9.20377497303971	-3.41621270617926
		dorsal_post	10.3180235617935	-3.60396155263595
		caud_upper	13.342412588411	-3.4978426394213
		caud_lower	13.3220051051005	-4.33454945515218
		anal_post	12.2404084896435	-4.44474986502893
		anal_ant	11.6281839903282	-4.67739517476874
		pelv_1	9.8486514456518	-4.92228497449485
		pect_1	7.72219168469673	-4.83657354459071
		lower_operc	7.59974678483367	-4.84065504125281
		upper_operc	7.48546487829482	-3.95905176223881
		eye_center	6.72630649914387	-4.27332700522065
		eye_1_ant	6.5508021426735	-4.26108251523435
		eye_2	6.57937261930821	-4.1590450986818
		eye_3_dors	6.69773602250916	-4.07333366877766
		eye_4	6.86099588899324	-4.08965965542607
		eye_5_post	6.91405534560056	-4.23251203859964
		eye_6	6.86915888231744	-4.35495693846269
		eye_7_vent	6.71406200915757	-4.44474986502893
		eye_8	6.59569860595662	-4.3835274150974
	</landmarks.scaled>
	<curves.control type=list>
		<body_ant type=matrix rownames=FALSE colnames=FALSE nrow=7 ncol=2 as.numeric=TRUE >
			1493	1121
			1522	1006
			1818	911
			1945	869
			2077	857
			2182	837
			2255	837
		</body_ant>
		<body_post type=matrix rownames=FALSE colnames=FALSE nrow=5 ncol=2 as.numeric=TRUE >
			2528	883
			2806	903
			3043	902
			3098	902
			3269	857
		</body_post>
		<opercle type=matrix rownames=FALSE colnames=FALSE nrow=3 ncol=2 as.numeric=TRUE >
			1862	1186
			1915	1067
			1834	970
		</opercle>
	</curves.control>
	<curves.pixel type=list>
		<body_ant type=matrix rownames=FALSE colnames=FALSE nrow=810 ncol=2 as.numeric=TRUE >
			1493	1121
			1493	1120
			1493	1119
			1494	1119
			1494	1118
			1494	1117
			1494	1116
			1495	1115
			1495	1114
			1495	1113
			1496	1112
			1496	1111
			1496	1110
			1497	1109
			1497	1108
			1498	1107
			1498	1106
			1498	1105
			1499	1104
			1499	1103
			1500	1102
			1500	1101
			1500	1100
			1501	1099
			1501	1098
			1502	1097
			1502	1096
			1503	1095
			1503	1094
			1504	1094
			1504	1093
			1505	1092
			1506	1091
			1506	1090
			1507	1089
			1507	1088
			1508	1087
			1508	1086
			1509	1085
			1510	1084
			1510	1083
			1511	1082
			1512	1081
			1512	1080
			1513	1079
			1514	1078
			1514	1077
			1515	1076
			1516	1075
			1516	1074
			1517	1074
			1518	1073
			1518	1072
			1519	1071
			1520	1070
			1521	1069
			1522	1068
			1522	1067
			1523	1066
			1524	1065
			1525	1064
			1526	1063
			1526	1062
			1527	1061
			1528	1060
			1529	1059
			1530	1058
			1531	1058
			1532	1057
			1533	1056
			1533	1055
			1534	1054
			1535	1053
			1536	1052
			1537	1051
			1538	1050
			1539	1049
			1540	1048
			1541	1047
			1542	1046
			1543	1045
			1544	1045
			1545	1044
			1546	1043
			1547	1042
			1548	1041
			1549	1040
			1550	1039
			1551	1039
			1551	1038
			1552	1038
			1553	1037
			1554	1036
			1555	1035
			1556	1034
			1557	1034
			1558	1033
			1559	1032
			1560	1032
			1560	1031
			1561	1030
			1562	1030
			1563	1029
			1564	1028
			1565	1028
			1565	1027
			1566	1026
			1567	1026
			1568	1025
			1569	1025
			1570	1024
			1571	1023
			1572	1023
			1573	1022
			1574	1021
			1575	1020
			1576	1020
			1577	1019
			1578	1018
			1579	1017
			1580	1017
			1581	1016
			1582	1015
			1583	1015
			1584	1014
			1585	1013
			1586	1013
			1587	1012
			1588	1011
			1589	1011
			1590	1010
			1591	1009
			1592	1009
			1593	1008
			1594	1008
			1595	1007
			1596	1006
			1597	1006
			1598	1005
			1599	1004
			1600	1004
			1601	1003
			1602	1003
			1603	1002
			1604	1002
			1605	1001
			1606	1000
			1607	1000
			1608	999
			1609	999
			1610	998
			1611	998
			1612	997
			1613	996
			1614	996
			1615	995
			1616	995
			1617	994
			1618	994
			1619	993
			1620	992
			1621	992
			1622	991
			1623	991
			1624	990
			1625	990
			1626	989
			1627	989
			1628	988
			1629	987
			1630	987
			1631	986
			1632	986
			1633	985
			1634	985
			1635	984
			1636	984
			1637	983
			1638	983
			1639	982
			1640	982
			1641	981
			1642	981
			1643	980
			1644	980
			1645	979
			1646	979
			1647	978
			1648	978
			1649	977
			1650	977
			1651	976
			1652	976
			1653	975
			1654	975
			1655	974
			1656	974
			1657	973
			1658	973
			1659	972
			1660	972
			1661	971
			1662	971
			1663	971
			1664	970
			1665	970
			1666	969
			1667	969
			1668	968
			1669	968
			1670	967
			1671	967
			1672	966
			1673	966
			1674	965
			1675	965
			1676	964
			1677	964
			1678	964
			1679	963
			1680	963
			1681	962
			1682	962
			1683	961
			1684	961
			1685	960
			1686	960
			1687	960
			1688	959
			1689	959
			1690	958
			1691	958
			1692	958
			1693	957
			1694	957
			1695	956
			1696	956
			1697	955
			1698	955
			1699	955
			1700	954
			1701	954
			1701	953
			1702	953
			1703	953
			1704	952
			1705	952
			1706	951
			1707	951
			1708	951
			1709	950
			1710	950
			1711	949
			1712	949
			1713	949
			1714	948
			1715	948
			1716	947
			1717	947
			1718	947
			1719	946
			1720	946
			1721	945
			1722	945
			1723	944
			1724	944
			1725	944
			1726	944
			1727	943
			1728	943
			1729	942
			1730	942
			1731	942
			1731	941
			1732	941
			1733	941
			1734	941
			1734	940
			1735	940
			1736	940
			1737	939
			1738	939
			1739	938
			1740	938
			1741	938
			1742	937
			1743	937
			1744	937
			1745	936
			1746	936
			1747	936
			1747	935
			1748	935
			1749	935
			1750	934
			1751	934
			1752	934
			1753	933
			1754	933
			1755	933
			1756	932
			1757	932
			1758	932
			1759	931
			1760	931
			1761	930
			1762	930
			1763	930
			1764	929
			1765	929
			1766	929
			1767	928
			1768	928
			1769	928
			1770	927
			1771	927
			1772	926
			1773	926
			1774	926
			1775	926
			1775	925
			1776	925
			1777	925
			1778	924
			1779	924
			1780	924
			1780	923
			1781	923
			1782	923
			1783	923
			1784	922
			1785	922
			1786	922
			1786	921
			1787	921
			1788	921
			1789	921
			1790	920
			1791	920
			1792	920
			1793	919
			1794	919
			1795	918
			1796	918
			1797	918
			1798	917
			1799	917
			1800	917
			1801	917
			1802	916
			1803	916
			1804	916
			1805	915
			1806	915
			1807	915
			1808	914
			1809	914
			1810	914
			1811	913
			1812	913
			1813	913
			1814	912
			1815	912
			1816	912
			1817	911
			1818	911
			1819	911
			1820	910
			1821	910
			1822	910
			1823	909
			1824	909
			1825	909
			1826	908
			1827	908
			1828	908
			1829	907
			1830	907
			1831	907
			1832	906
			1833	906
			1834	906
			1835	905
			1836	905
			1837	905
			1838	905
			1839	904
			1840	904
			1841	904
			1842	903
			1843	903
			1844	903
			1845	902
			1846	902
			1847	902
			1848	901
			1849	901
			1850	901
			1851	901
			1852	900
			1853	900
			1854	900
			1855	899
			1856	899
			1857	899
			1858	898
			1859	898
			1860	898
			1861	898
			1862	897
			1863	897
			1864	897
			1865	897
			1866	896
			1867	896
			1868	896
			1869	895
			1870	895
			1871	895
			1872	895
			1872	894
			1873	894
			1874	894
			1875	894
			1876	893
			1877	893
			1878	893
			1879	893
			1880	892
			1881	892
			1882	892
			1883	891
			1884	891
			1885	891
			1886	891
			1887	890
			1888	890
			1889	890
			1890	890
			1891	890
			1891	889
			1892	889
			1893	889
			1894	889
			1895	888
			1896	888
			1897	888
			1898	888
			1899	887
			1900	887
			1901	887
			1902	887
			1903	886
			1904	886
			1905	886
			1906	886
			1907	885
			1908	885
			1909	885
			1910	885
			1911	885
			1911	884
			1912	884
			1913	884
			1914	884
			1915	883
			1916	883
			1917	883
			1918	883
			1919	883
			1920	882
			1921	882
			1922	882
			1923	882
			1924	881
			1925	881
			1926	881
			1927	881
			1928	881
			1929	880
			1930	880
			1931	880
			1932	880
			1932	879
			1933	879
			1934	879
			1935	879
			1936	879
			1937	878
			1938	878
			1939	878
			1940	878
			1941	878
			1942	877
			1943	877
			1944	877
			1945	877
			1946	877
			1947	876
			1948	876
			1949	876
			1950	876
			1951	876
			1952	875
			1953	875
			1954	875
			1955	875
			1956	875
			1957	874
			1958	874
			1959	874
			1960	874
			1961	874
			1962	873
			1963	873
			1964	873
			1965	873
			1966	873
			1967	872
			1968	872
			1969	872
			1970	872
			1971	872
			1972	871
			1973	871
			1974	871
			1975	871
			1976	871
			1977	871
			1978	870
			1979	870
			1980	870
			1981	870
			1982	870
			1983	870
			1984	869
			1985	869
			1986	869
			1987	869
			1988	869
			1989	868
			1990	868
			1991	868
			1992	868
			1993	868
			1994	868
			1995	867
			1996	867
			1997	867
			1998	867
			1999	867
			2000	867
			2001	867
			2002	866
			2003	866
			2004	866
			2005	866
			2006	866
			2007	866
			2008	865
			2009	865
			2010	865
			2011	865
			2012	865
			2013	865
			2014	865
			2015	864
			2016	864
			2017	864
			2018	864
			2019	864
			2020	864
			2021	863
			2022	863
			2023	863
			2024	863
			2025	863
			2026	863
			2027	863
			2028	862
			2029	862
			2030	862
			2031	862
			2032	862
			2033	862
			2034	862
			2035	862
			2036	861
			2037	861
			2038	861
			2039	861
			2040	861
			2041	861
			2042	861
			2043	861
			2044	860
			2045	860
			2046	860
			2047	860
			2048	860
			2049	860
			2050	860
			2051	860
			2052	860
			2053	859
			2054	859
			2055	859
			2056	859
			2057	859
			2058	859
			2059	859
			2060	859
			2061	859
			2062	858
			2063	858
			2064	858
			2065	858
			2066	858
			2067	858
			2068	858
			2069	858
			2070	858
			2071	858
			2072	857
			2073	857
			2074	857
			2075	857
			2076	857
			2077	857
			2078	857
			2079	857
			2080	856
			2081	856
			2082	856
			2083	856
			2084	856
			2085	855
			2086	855
			2087	855
			2088	855
			2089	855
			2090	855
			2091	854
			2092	854
			2093	854
			2094	854
			2095	854
			2096	854
			2096	853
			2097	853
			2098	853
			2099	853
			2100	853
			2101	853
			2102	852
			2103	852
			2104	852
			2105	852
			2106	852
			2107	852
			2108	851
			2109	851
			2110	851
			2111	851
			2112	851
			2113	851
			2114	850
			2115	850
			2116	850
			2117	850
			2118	850
			2119	850
			2120	849
			2121	849
			2122	849
			2123	849
			2124	849
			2125	849
			2126	849
			2127	848
			2128	848
			2129	848
			2130	848
			2131	848
			2132	847
			2133	847
			2134	847
			2135	847
			2136	847
			2137	847
			2138	847
			2139	847
			2139	846
			2140	846
			2141	846
			2142	846
			2143	846
			2144	846
			2145	846
			2146	846
			2147	845
			2148	845
			2149	845
			2150	845
			2151	845
			2152	845
			2153	845
			2154	844
			2155	844
			2156	844
			2157	844
			2158	844
			2159	844
			2160	844
			2161	844
			2162	843
			2163	843
			2164	843
			2165	843
			2166	843
			2167	843
			2168	843
			2169	843
			2170	843
			2170	842
			2171	842
			2172	842
			2173	842
			2174	842
			2175	842
			2176	842
			2177	842
			2178	842
			2179	841
			2180	841
			2181	841
			2182	841
			2183	841
			2184	841
			2185	841
			2186	841
			2187	841
			2188	841
			2189	840
			2190	840
			2191	840
			2192	840
			2193	840
			2194	840
			2195	840
			2196	840
			2197	840
			2198	840
			2199	839
			2200	839
			2201	839
			2202	839
			2203	839
			2204	839
			2205	839
			2206	839
			2207	839
			2208	839
			2209	839
			2210	839
			2211	839
			2212	839
			2213	838
			2214	838
			2215	838
			2216	838
			2217	838
			2218	838
			2219	838
			2220	838
			2221	838
			2222	838
			2223	838
			2224	838
			2225	838
			2226	838
			2227	838
			2228	838
			2229	838
			2230	838
			2231	837
			2232	837
			2233	837
			2234	837
			2235	837
			2236	837
			2237	837
			2238	837
			2239	837
			2240	837
			2241	837
			2242	837
			2243	837
			2244	837
			2245	837
			2246	837
			2247	837
			2248	837
			2249	837
			2250	837
			2251	837
			2252	837
			2253	837
			2254	837
			2255	837
		</body_ant>
		<body_post type=matrix rownames=FALSE colnames=FALSE nrow=749 ncol=2 as.numeric=TRUE >
			2528	883
			2529	883
			2530	883
			2531	883
			2532	883
			2533	883
			2534	883
			2535	883
			2536	884
			2537	884
			2538	884
			2539	884
			2540	884
			2541	884
			2542	884
			2543	884
			2544	884
			2545	884
			2546	884
			2547	884
			2548	884
			2549	884
			2550	885
			2551	885
			2552	885
			2553	885
			2554	885
			2555	885
			2556	885
			2557	885
			2558	885
			2559	885
			2560	885
			2561	885
			2562	885
			2563	885
			2564	886
			2565	886
			2566	886
			2567	886
			2568	886
			2569	886
			2570	886
			2571	886
			2572	886
			2573	886
			2574	886
			2575	886
			2576	886
			2577	886
			2578	886
			2579	886
			2580	887
			2581	887
			2582	887
			2583	887
			2584	887
			2585	887
			2586	887
			2587	887
			2588	887
			2589	887
			2590	887
			2591	887
			2592	887
			2593	887
			2594	887
			2595	888
			2596	888
			2597	888
			2598	888
			2599	888
			2600	888
			2601	888
			2602	888
			2603	888
			2604	888
			2605	888
			2606	888
			2607	888
			2608	888
			2609	888
			2610	888
			2611	889
			2612	889
			2613	889
			2614	889
			2615	889
			2616	889
			2617	889
			2618	889
			2619	889
			2620	889
			2621	889
			2622	889
			2623	889
			2624	889
			2625	889
			2626	889
			2627	890
			2628	890
			2629	890
			2630	890
			2631	890
			2632	890
			2633	890
			2634	890
			2635	890
			2636	890
			2637	890
			2638	890
			2639	890
			2640	890
			2641	890
			2642	890
			2643	890
			2644	891
			2645	891
			2646	891
			2647	891
			2648	891
			2649	891
			2650	891
			2651	891
			2652	891
			2653	891
			2654	891
			2655	891
			2656	891
			2657	891
			2658	891
			2659	891
			2660	891
			2661	892
			2662	892
			2663	892
			2664	892
			2665	892
			2666	892
			2667	892
			2668	892
			2669	892
			2670	892
			2671	892
			2672	892
			2673	892
			2674	892
			2675	892
			2676	892
			2677	892
			2678	892
			2679	892
			2680	893
			2681	893
			2682	893
			2683	893
			2684	893
			2685	893
			2686	893
			2687	893
			2688	893
			2689	893
			2690	893
			2691	893
			2692	893
			2693	893
			2694	893
			2695	893
			2696	893
			2697	893
			2698	893
			2699	894
			2700	894
			2701	894
			2702	894
			2703	894
			2704	894
			2705	894
			2706	894
			2707	894
			2708	894
			2709	894
			2710	894
			2711	894
			2712	894
			2713	894
			2714	894
			2715	894
			2716	894
			2717	894
			2718	894
			2719	894
			2719	895
			2720	895
			2721	895
			2722	895
			2723	895
			2724	895
			2725	895
			2726	895
			2727	895
			2728	895
			2729	895
			2730	895
			2731	895
			2732	895
			2733	895
			2734	895
			2735	895
			2736	895
			2737	895
			2738	895
			2739	895
			2740	895
			2741	896
			2742	896
			2743	896
			2744	896
			2745	896
			2746	896
			2747	896
			2748	896
			2749	896
			2750	896
			2751	896
			2752	896
			2753	896
			2754	896
			2755	896
			2756	896
			2757	896
			2758	896
			2759	896
			2760	896
			2761	896
			2762	896
			2763	896
			2764	897
			2765	897
			2766	897
			2767	897
			2768	897
			2769	897
			2770	897
			2771	897
			2772	897
			2773	897
			2774	897
			2775	897
			2776	897
			2777	897
			2778	897
			2779	897
			2780	897
			2781	897
			2782	897
			2783	897
			2784	897
			2785	897
			2786	897
			2787	897
			2788	897
			2789	898
			2790	898
			2791	898
			2792	898
			2793	898
			2794	898
			2795	898
			2796	898
			2797	898
			2798	898
			2799	898
			2800	898
			2801	898
			2802	898
			2803	898
			2804	898
			2805	898
			2806	898
			2807	898
			2808	898
			2809	898
			2810	898
			2811	898
			2812	898
			2813	898
			2814	898
			2815	898
			2816	898
			2817	898
			2818	899
			2819	899
			2820	899
			2821	899
			2822	899
			2823	899
			2824	899
			2825	899
			2826	899
			2827	899
			2828	899
			2829	899
			2830	899
			2831	899
			2832	899
			2833	899
			2834	899
			2835	899
			2836	899
			2837	899
			2838	899
			2839	899
			2840	899
			2841	899
			2842	899
			2843	899
			2844	899
			2845	899
			2846	899
			2847	899
			2848	899
			2849	900
			2850	900
			2851	900
			2852	900
			2853	900
			2854	900
			2855	900
			2856	900
			2857	900
			2858	900
			2859	900
			2860	900
			2861	900
			2862	900
			2863	900
			2864	900
			2865	900
			2866	900
			2867	900
			2868	900
			2869	900
			2870	900
			2871	900
			2872	900
			2873	900
			2874	900
			2875	900
			2876	900
			2877	900
			2878	900
			2879	900
			2880	900
			2881	900
			2882	900
			2883	900
			2884	900
			2885	900
			2886	900
			2887	900
			2888	900
			2888	901
			2889	901
			2890	901
			2891	901
			2892	901
			2893	901
			2894	901
			2895	901
			2896	901
			2897	901
			2898	901
			2899	901
			2900	901
			2901	901
			2902	901
			2903	901
			2904	901
			2905	901
			2906	901
			2907	901
			2908	901
			2909	901
			2910	901
			2911	901
			2912	901
			2913	901
			2914	901
			2915	901
			2916	901
			2917	901
			2918	901
			2919	901
			2920	901
			2921	901
			2922	901
			2923	901
			2924	901
			2925	901
			2926	901
			2927	901
			2928	901
			2929	901
			2930	901
			2931	901
			2932	901
			2933	901
			2934	901
			2935	901
			2936	901
			2937	901
			2938	901
			2939	901
			2940	901
			2941	901
			2942	901
			2943	902
			2944	902
			2945	902
			2946	902
			2947	902
			2948	902
			2949	902
			2950	902
			2951	902
			2952	902
			2953	902
			2954	902
			2955	902
			2956	902
			2957	902
			2958	902
			2959	902
			2960	902
			2961	902
			2962	902
			2963	902
			2964	902
			2965	902
			2966	902
			2967	902
			2968	902
			2969	902
			2970	902
			2971	902
			2972	902
			2973	902
			2974	902
			2975	902
			2976	902
			2977	902
			2978	902
			2979	902
			2980	902
			2981	902
			2982	902
			2983	902
			2984	902
			2985	902
			2986	902
			2987	902
			2988	902
			2989	902
			2990	902
			2991	902
			2992	902
			2993	902
			2994	902
			2995	902
			2996	902
			2997	902
			2998	902
			2999	902
			3000	902
			3001	902
			3002	902
			3003	902
			3004	902
			3005	902
			3006	902
			3007	902
			3008	902
			3009	902
			3010	902
			3011	902
			3012	902
			3013	902
			3014	902
			3015	902
			3016	902
			3017	902
			3018	902
			3019	902
			3020	902
			3021	902
			3022	902
			3023	902
			3024	902
			3025	902
			3026	902
			3027	902
			3028	902
			3029	902
			3030	902
			3031	902
			3032	902
			3033	902
			3034	902
			3035	902
			3036	902
			3037	902
			3038	902
			3039	902
			3040	902
			3041	902
			3042	902
			3043	902
			3044	902
			3045	902
			3046	902
			3047	902
			3048	902
			3049	902
			3050	902
			3051	902
			3052	902
			3053	902
			3054	902
			3055	902
			3056	901
			3057	901
			3058	901
			3059	901
			3060	901
			3061	901
			3062	901
			3063	901
			3064	901
			3065	901
			3066	901
			3067	900
			3068	900
			3069	900
			3070	900
			3071	900
			3072	900
			3073	900
			3074	900
			3075	900
			3076	899
			3077	899
			3078	899
			3079	899
			3080	899
			3081	899
			3082	899
			3083	898
			3084	898
			3085	898
			3086	898
			3087	898
			3088	898
			3089	898
			3090	897
			3091	897
			3092	897
			3093	897
			3094	897
			3095	897
			3096	896
			3097	896
			3098	896
			3099	896
			3100	896
			3101	896
			3102	895
			3103	895
			3104	895
			3105	895
			3106	895
			3107	895
			3107	894
			3108	894
			3109	894
			3110	894
			3111	894
			3112	894
			3113	893
			3114	893
			3115	893
			3116	893
			3117	893
			3118	892
			3119	892
			3120	892
			3121	892
			3122	892
			3123	892
			3124	891
			3125	891
			3126	891
			3127	891
			3128	890
			3129	890
			3130	890
			3131	890
			3132	890
			3133	890
			3133	889
			3134	889
			3135	889
			3136	889
			3137	889
			3138	888
			3139	888
			3140	888
			3141	888
			3142	888
			3143	887
			3144	887
			3145	887
			3146	887
			3147	887
			3148	886
			3149	886
			3150	886
			3151	886
			3152	886
			3153	885
			3154	885
			3155	885
			3156	885
			3157	884
			3158	884
			3159	884
			3160	884
			3161	884
			3162	883
			3163	883
			3164	883
			3165	883
			3166	882
			3167	882
			3168	882
			3169	882
			3170	881
			3171	881
			3172	881
			3173	881
			3174	881
			3175	880
			3176	880
			3177	880
			3178	880
			3179	879
			3180	879
			3181	879
			3182	879
			3183	879
			3184	878
			3185	878
			3186	878
			3187	878
			3188	877
			3189	877
			3190	877
			3191	877
			3192	876
			3193	876
			3194	876
			3195	876
			3196	876
			3196	875
			3197	875
			3198	875
			3199	875
			3200	874
			3201	874
			3202	874
			3203	874
			3204	874
			3204	873
			3205	873
			3206	873
			3207	873
			3208	873
			3209	872
			3210	872
			3211	872
			3212	872
			3213	871
			3214	871
			3215	871
			3216	871
			3217	870
			3218	870
			3219	870
			3220	870
			3221	869
			3222	869
			3223	869
			3224	869
			3225	868
			3226	868
			3227	868
			3228	867
			3229	867
			3230	867
			3231	867
			3232	866
			3233	866
			3234	866
			3235	866
			3236	865
			3237	865
			3238	865
			3239	865
			3240	864
			3241	864
			3242	864
			3243	864
			3244	863
			3245	863
			3246	863
			3247	863
			3248	862
			3249	862
			3250	862
			3251	862
			3252	861
			3253	861
			3254	861
			3255	861
			3256	860
			3257	860
			3258	860
			3259	860
			3260	859
			3261	859
			3262	859
			3263	859
			3263	858
			3264	858
			3265	858
			3266	858
			3267	857
			3268	857
			3269	857
		</body_post>
		<opercle type=matrix rownames=FALSE colnames=FALSE nrow=223 ncol=2 as.numeric=TRUE >
			1862	1186
			1862	1185
			1863	1184
			1863	1183
			1864	1182
			1864	1181
			1865	1180
			1865	1179
			1866	1178
			1866	1177
			1866	1176
			1867	1175
			1867	1174
			1868	1173
			1868	1172
			1868	1171
			1869	1170
			1869	1169
			1869	1168
			1870	1167
			1870	1166
			1871	1165
			1871	1164
			1871	1163
			1872	1162
			1872	1161
			1872	1160
			1872	1159
			1873	1158
			1873	1157
			1873	1156
			1874	1155
			1874	1154
			1874	1153
			1875	1152
			1875	1151
			1875	1150
			1875	1149
			1876	1148
			1876	1147
			1876	1146
			1877	1145
			1877	1144
			1877	1143
			1877	1142
			1878	1141
			1878	1140
			1878	1139
			1878	1138
			1878	1137
			1879	1136
			1879	1135
			1879	1134
			1879	1133
			1879	1132
			1879	1131
			1880	1131
			1880	1130
			1880	1129
			1880	1128
			1880	1127
			1881	1126
			1881	1125
			1881	1124
			1881	1123
			1881	1122
			1881	1121
			1881	1120
			1881	1119
			1882	1119
			1882	1118
			1882	1117
			1882	1116
			1882	1115
			1882	1114
			1882	1113
			1882	1112
			1882	1111
			1882	1110
			1882	1109
			1883	1108
			1883	1107
			1883	1106
			1883	1105
			1883	1104
			1883	1103
			1883	1102
			1883	1101
			1883	1100
			1883	1099
			1883	1098
			1883	1097
			1883	1096
			1883	1095
			1883	1094
			1883	1093
			1883	1092
			1883	1091
			1883	1090
			1883	1089
			1883	1088
			1883	1087
			1883	1086
			1883	1085
			1883	1084
			1883	1083
			1883	1082
			1882	1082
			1882	1081
			1882	1080
			1882	1079
			1882	1078
			1882	1077
			1882	1076
			1882	1075
			1882	1074
			1882	1073
			1881	1072
			1881	1071
			1881	1070
			1881	1069
			1881	1068
			1881	1067
			1881	1066
			1880	1065
			1880	1064
			1880	1063
			1880	1062
			1880	1061
			1879	1060
			1879	1059
			1879	1058
			1879	1057
			1879	1056
			1878	1055
			1878	1054
			1878	1053
			1878	1052
			1877	1052
			1877	1051
			1877	1050
			1877	1049
			1876	1048
			1876	1047
			1876	1046
			1876	1045
			1875	1044
			1875	1043
			1875	1042
			1874	1041
			1874	1040
			1874	1039
			1873	1038
			1873	1037
			1873	1036
			1872	1035
			1872	1034
			1872	1033
			1871	1033
			1871	1032
			1871	1031
			1870	1030
			1870	1029
			1870	1028
			1869	1027
			1869	1026
			1868	1025
			1868	1024
			1868	1023
			1867	1022
			1867	1021
			1866	1021
			1866	1020
			1866	1019
			1865	1018
			1865	1017
			1864	1016
			1864	1015
			1863	1014
			1863	1013
			1862	1012
			1862	1011
			1861	1010
			1860	1009
			1860	1008
			1860	1007
			1859	1006
			1858	1005
			1858	1004
			1857	1003
			1857	1002
			1856	1001
			1855	1000
			1855	999
			1854	998
			1854	997
			1853	996
			1852	995
			1852	994
			1851	993
			1851	992
			1850	991
			1849	990
			1848	989
			1847	988
			1847	987
			1846	986
			1846	985
			1845	984
			1844	983
			1843	982
			1843	981
			1842	980
			1841	979
			1840	978
			1840	977
			1839	976
			1838	975
			1837	974
			1837	973
			1836	972
			1835	971
			1834	970
		</opercle>
	</curves.pixel>
	<curves.scaled type=list>
		<body_ant type=matrix rownames=FALSE colnames=FALSE nrow=810 ncol=2 as.numeric=TRUE >
			6.09367451651809	-4.57535775821619
			6.09367451651809	-4.57127626155409
			6.09367451651809	-4.56719476489199
			6.09775601318019	-4.56719476489199
			6.09775601318019	-4.56311326822989
			6.09775601318019	-4.55903177156778
			6.09775601318019	-4.55495027490568
			6.10183750984229	-4.55086877824358
			6.10183750984229	-4.54678728158148
			6.10183750984229	-4.54270578491938
			6.10591900650439	-4.53862428825728
			6.10591900650439	-4.53454279159517
			6.10591900650439	-4.53046129493307
			6.11000050316649	-4.52637979827097
			6.11000050316649	-4.52229830160887
			6.1140819998286	-4.51821680494677
			6.1140819998286	-4.51413530828466
			6.1140819998286	-4.51005381162256
			6.1181634964907	-4.50597231496046
			6.1181634964907	-4.50189081829836
			6.1222449931528	-4.49780932163626
			6.1222449931528	-4.49372782497415
			6.1222449931528	-4.48964632831205
			6.1263264898149	-4.48556483164995
			6.1263264898149	-4.48148333498785
			6.130407986477	-4.47740183832575
			6.130407986477	-4.47332034166365
			6.1344894831391	-4.46923884500154
			6.1344894831391	-4.46515734833944
			6.13857097980121	-4.46515734833944
			6.13857097980121	-4.46107585167734
			6.14265247646331	-4.45699435501524
			6.14673397312541	-4.45291285835314
			6.14673397312541	-4.44883136169103
			6.15081546978751	-4.44474986502893
			6.15081546978751	-4.44066836836683
			6.15489696644961	-4.43658687170473
			6.15489696644961	-4.43250537504263
			6.15897846311172	-4.42842387838052
			6.16305995977382	-4.42434238171842
			6.16305995977382	-4.42026088505632
			6.16714145643592	-4.41617938839422
			6.17122295309802	-4.41209789173212
			6.17122295309802	-4.40801639507001
			6.17530444976012	-4.40393489840791
			6.17938594642222	-4.39985340174581
			6.17938594642222	-4.39577190508371
			6.18346744308433	-4.39169040842161
			6.18754893974643	-4.38760891175951
			6.18754893974643	-4.3835274150974
			6.19163043640853	-4.3835274150974
			6.19571193307063	-4.3794459184353
			6.19571193307063	-4.3753644217732
			6.19979342973273	-4.3712829251111
			6.20387492639484	-4.367201428449
			6.20795642305694	-4.36311993178689
			6.21203791971904	-4.35903843512479
			6.21203791971904	-4.35495693846269
			6.21611941638114	-4.35087544180059
			6.22020091304324	-4.34679394513849
			6.22428240970535	-4.34271244847639
			6.22836390636745	-4.33863095181428
			6.22836390636745	-4.33454945515218
			6.23244540302955	-4.33046795849008
			6.23652689969165	-4.32638646182798
			6.24060839635375	-4.32230496516588
			6.24468989301586	-4.31822346850377
			6.24877138967796	-4.31822346850377
			6.25285288634006	-4.31414197184167
			6.25693438300216	-4.31006047517957
			6.25693438300216	-4.30597897851747
			6.26101587966426	-4.30189748185537
			6.26509737632636	-4.29781598519326
			6.26917887298847	-4.29373448853116
			6.27326036965057	-4.28965299186906
			6.27734186631267	-4.28557149520696
			6.28142336297477	-4.28148999854486
			6.28550485963687	-4.27740850188276
			6.28958635629898	-4.27332700522065
			6.29366785296108	-4.26924550855855
			6.29774934962318	-4.26516401189645
			6.30183084628528	-4.26516401189645
			6.30591234294738	-4.26108251523435
			6.30999383960948	-4.25700101857225
			6.31407533627159	-4.25291952191014
			6.31815683293369	-4.24883802524804
			6.32223832959579	-4.24475652858594
			6.32631982625789	-4.24067503192384
			6.33040132291999	-4.24067503192384
			6.33040132291999	-4.23659353526174
			6.3344828195821	-4.23659353526174
			6.3385643162442	-4.23251203859964
			6.3426458129063	-4.22843054193753
			6.3467273095684	-4.22434904527543
			6.3508088062305	-4.22026754861333
			6.35489030289261	-4.22026754861333
			6.35897179955471	-4.21618605195123
			6.36305329621681	-4.21210455528913
			6.36713479287891	-4.21210455528913
			6.36713479287891	-4.20802305862702
			6.37121628954101	-4.20394156196492
			6.37529778620311	-4.20394156196492
			6.37937928286522	-4.19986006530282
			6.38346077952732	-4.19577856864072
			6.38754227618942	-4.19577856864072
			6.38754227618942	-4.19169707197862
			6.39162377285152	-4.18761557531651
			6.39570526951362	-4.18761557531651
			6.39978676617573	-4.18353407865441
			6.40386826283783	-4.18353407865441
			6.40794975949993	-4.17945258199231
			6.41203125616203	-4.17537108533021
			6.41611275282413	-4.17537108533021
			6.42019424948623	-4.17128958866811
			6.42427574614834	-4.16720809200601
			6.42835724281044	-4.1631265953439
			6.43243873947254	-4.1631265953439
			6.43652023613464	-4.1590450986818
			6.44060173279674	-4.1549636020197
			6.44468322945885	-4.1508821053576
			6.44876472612095	-4.1508821053576
			6.45284622278305	-4.1468006086955
			6.45692771944515	-4.14271911203339
			6.46100921610725	-4.14271911203339
			6.46509071276936	-4.13863761537129
			6.46917220943146	-4.13455611870919
			6.47325370609356	-4.13455611870919
			6.47733520275566	-4.13047462204709
			6.48141669941776	-4.12639312538499
			6.48549819607986	-4.12639312538499
			6.48957969274197	-4.12231162872288
			6.49366118940407	-4.11823013206078
			6.49774268606617	-4.11823013206078
			6.50182418272827	-4.11414863539868
			6.50590567939037	-4.11414863539868
			6.50998717605248	-4.11006713873658
			6.51406867271458	-4.10598564207448
			6.51815016937668	-4.10598564207448
			6.52223166603878	-4.10190414541238
			6.52631316270088	-4.09782264875027
			6.53039465936299	-4.09782264875027
			6.53447615602509	-4.09374115208817
			6.53855765268719	-4.09374115208817
			6.54263914934929	-4.08965965542607
			6.54672064601139	-4.08965965542607
			6.5508021426735	-4.08557815876397
			6.5548836393356	-4.08149666210187
			6.5589651359977	-4.08149666210187
			6.5630466326598	-4.07741516543976
			6.5671281293219	-4.07741516543976
			6.571209625984	-4.07333366877766
			6.57529112264611	-4.07333366877766
			6.57937261930821	-4.06925217211556
			6.58345411597031	-4.06517067545346
			6.58753561263241	-4.06517067545346
			6.59161710929451	-4.06108917879136
			6.59569860595662	-4.06108917879136
			6.59978010261872	-4.05700768212925
			6.60386159928082	-4.05700768212925
			6.60794309594292	-4.05292618546715
			6.61202459260502	-4.04884468880505
			6.61610608926712	-4.04884468880505
			6.62018758592923	-4.04476319214295
			6.62426908259133	-4.04476319214295
			6.62835057925343	-4.04068169548085
			6.63243207591553	-4.04068169548085
			6.63651357257763	-4.03660019881875
			6.64059506923974	-4.03660019881875
			6.64467656590184	-4.03251870215664
			6.64875806256394	-4.02843720549454
			6.65283955922604	-4.02843720549454
			6.65692105588814	-4.02435570883244
			6.66100255255025	-4.02435570883244
			6.66508404921235	-4.02027421217034
			6.66916554587445	-4.02027421217034
			6.67324704253655	-4.01619271550824
			6.67732853919865	-4.01619271550824
			6.68141003586075	-4.01211121884613
			6.68549153252286	-4.01211121884613
			6.68957302918496	-4.00802972218403
			6.69365452584706	-4.00802972218403
			6.69773602250916	-4.00394822552193
			6.70181751917126	-4.00394822552193
			6.70589901583337	-3.99986672885983
			6.70998051249547	-3.99986672885983
			6.71406200915757	-3.99578523219773
			6.71814350581967	-3.99578523219773
			6.72222500248177	-3.99170373553563
			6.72630649914387	-3.99170373553563
			6.73038799580598	-3.98762223887352
			6.73446949246808	-3.98762223887352
			6.73855098913018	-3.98354074221142
			6.74263248579228	-3.98354074221142
			6.74671398245438	-3.97945924554932
			6.75079547911649	-3.97945924554932
			6.75487697577859	-3.97537774888722
			6.75895847244069	-3.97537774888722
			6.76303996910279	-3.97129625222512
			6.76712146576489	-3.97129625222512
			6.771202962427	-3.96721475556301
			6.7752844590891	-3.96721475556301
			6.7793659557512	-3.96313325890091
			6.7834474524133	-3.96313325890091
			6.7875289490754	-3.96313325890091
			6.79161044573751	-3.95905176223881
			6.79569194239961	-3.95905176223881
			6.79977343906171	-3.95497026557671
			6.80385493572381	-3.95497026557671
			6.80793643238591	-3.95088876891461
			6.81201792904801	-3.95088876891461
			6.81609942571012	-3.9468072722525
			6.82018092237222	-3.9468072722525
			6.82426241903432	-3.9427257755904
			6.82834391569642	-3.9427257755904
			6.83242541235852	-3.9386442789283
			6.83650690902063	-3.9386442789283
			6.84058840568273	-3.9345627822662
			6.84466990234483	-3.9345627822662
			6.84875139900693	-3.9345627822662
			6.85283289566903	-3.9304812856041
			6.85691439233113	-3.9304812856041
			6.86099588899324	-3.926399788942
			6.86507738565534	-3.926399788942
			6.86915888231744	-3.92231829227989
			6.87324037897954	-3.92231829227989
			6.87732187564164	-3.91823679561779
			6.88140337230375	-3.91823679561779
			6.88548486896585	-3.91823679561779
			6.88956636562795	-3.91415529895569
			6.89364786229005	-3.91415529895569
			6.89772935895215	-3.91007380229359
			6.90181085561426	-3.91007380229359
			6.90589235227636	-3.91007380229359
			6.90997384893846	-3.90599230563149
			6.91405534560056	-3.90599230563149
			6.91813684226266	-3.90191080896938
			6.92221833892476	-3.90191080896938
			6.92629983558687	-3.89782931230728
			6.93038133224897	-3.89782931230728
			6.93446282891107	-3.89782931230728
			6.93854432557317	-3.89374781564518
			6.94262582223527	-3.89374781564518
			6.94262582223527	-3.88966631898308
			6.94670731889738	-3.88966631898308
			6.95078881555948	-3.88966631898308
			6.95487031222158	-3.88558482232098
			6.95895180888368	-3.88558482232098
			6.96303330554578	-3.88150332565887
			6.96711480220789	-3.88150332565887
			6.97119629886999	-3.88150332565887
			6.97527779553209	-3.87742182899677
			6.97935929219419	-3.87742182899677
			6.98344078885629	-3.87334033233467
			6.98752228551839	-3.87334033233467
			6.9916037821805	-3.87334033233467
			6.9956852788426	-3.86925883567257
			6.9997667755047	-3.86925883567257
			7.0038482721668	-3.86517733901047
			7.0079297688289	-3.86517733901047
			7.01201126549101	-3.86517733901047
			7.01609276215311	-3.86109584234837
			7.02017425881521	-3.86109584234837
			7.02425575547731	-3.85701434568626
			7.02833725213941	-3.85701434568626
			7.03241874880151	-3.85293284902416
			7.03650024546362	-3.85293284902416
			7.04058174212572	-3.85293284902416
			7.04466323878782	-3.85293284902416
			7.04874473544992	-3.84885135236206
			7.05282623211202	-3.84885135236206
			7.05690772877413	-3.84476985569996
			7.06098922543623	-3.84476985569996
			7.06507072209833	-3.84476985569996
			7.06507072209833	-3.84068835903786
			7.06915221876043	-3.84068835903786
			7.07323371542253	-3.84068835903786
			7.07731521208464	-3.84068835903786
			7.07731521208464	-3.83660686237575
			7.08139670874674	-3.83660686237575
			7.08547820540884	-3.83660686237575
			7.08955970207094	-3.83252536571365
			7.09364119873304	-3.83252536571365
			7.09772269539515	-3.82844386905155
			7.10180419205725	-3.82844386905155
			7.10588568871935	-3.82844386905155
			7.10996718538145	-3.82436237238945
			7.11404868204355	-3.82436237238945
			7.11813017870565	-3.82436237238945
			7.12221167536776	-3.82028087572735
			7.12629317202986	-3.82028087572735
			7.13037466869196	-3.82028087572735
			7.13037466869196	-3.81619937906524
			7.13445616535406	-3.81619937906524
			7.13853766201616	-3.81619937906524
			7.14261915867827	-3.81211788240314
			7.14670065534037	-3.81211788240314
			7.15078215200247	-3.81211788240314
			7.15486364866457	-3.80803638574104
			7.15894514532667	-3.80803638574104
			7.16302664198877	-3.80803638574104
			7.16710813865088	-3.80395488907894
			7.17118963531298	-3.80395488907894
			7.17527113197508	-3.80395488907894
			7.17935262863718	-3.79987339241684
			7.18343412529928	-3.79987339241684
			7.18751562196139	-3.79579189575474
			7.19159711862349	-3.79579189575474
			7.19567861528559	-3.79579189575474
			7.19976011194769	-3.79171039909263
			7.20384160860979	-3.79171039909263
			7.2079231052719	-3.79171039909263
			7.212004601934	-3.78762890243053
			7.2160860985961	-3.78762890243053
			7.2201675952582	-3.78762890243053
			7.2242490919203	-3.78354740576843
			7.2283305885824	-3.78354740576843
			7.23241208524451	-3.77946590910633
			7.23649358190661	-3.77946590910633
			7.24057507856871	-3.77946590910633
			7.24465657523081	-3.77946590910633
			7.24465657523081	-3.77538441244423
			7.24873807189291	-3.77538441244423
			7.25281956855502	-3.77538441244423
			7.25690106521712	-3.77130291578212
			7.26098256187922	-3.77130291578212
			7.26506405854132	-3.77130291578212
			7.26506405854132	-3.76722141912002
			7.26914555520342	-3.76722141912002
			7.27322705186553	-3.76722141912002
			7.27730854852763	-3.76722141912002
			7.28139004518973	-3.76313992245792
			7.28547154185183	-3.76313992245792
			7.28955303851393	-3.76313992245792
			7.28955303851393	-3.75905842579582
			7.29363453517603	-3.75905842579582
			7.29771603183814	-3.75905842579582
			7.30179752850024	-3.75905842579582
			7.30587902516234	-3.75497692913372
			7.30996052182444	-3.75497692913372
			7.31404201848654	-3.75497692913372
			7.31812351514865	-3.75089543247161
			7.32220501181075	-3.75089543247161
			7.32628650847285	-3.74681393580951
			7.33036800513495	-3.74681393580951
			7.33444950179705	-3.74681393580951
			7.33853099845915	-3.74273243914741
			7.34261249512126	-3.74273243914741
			7.34669399178336	-3.74273243914741
			7.35077548844546	-3.74273243914741
			7.35485698510756	-3.73865094248531
			7.35893848176966	-3.73865094248531
			7.36301997843177	-3.73865094248531
			7.36710147509387	-3.73456944582321
			7.37118297175597	-3.73456944582321
			7.37526446841807	-3.73456944582321
			7.37934596508017	-3.73048794916111
			7.38342746174228	-3.73048794916111
			7.38750895840438	-3.73048794916111
			7.39159045506648	-3.726406452499
			7.39567195172858	-3.726406452499
			7.39975344839068	-3.726406452499
			7.40383494505279	-3.7223249558369
			7.40791644171489	-3.7223249558369
			7.41199793837699	-3.7223249558369
			7.41607943503909	-3.7182434591748
			7.42016093170119	-3.7182434591748
			7.42424242836329	-3.7182434591748
			7.4283239250254	-3.7141619625127
			7.4324054216875	-3.7141619625127
			7.4364869183496	-3.7141619625127
			7.4405684150117	-3.7100804658506
			7.4446499116738	-3.7100804658506
			7.44873140833591	-3.7100804658506
			7.45281290499801	-3.70599896918849
			7.45689440166011	-3.70599896918849
			7.46097589832221	-3.70599896918849
			7.46505739498431	-3.70191747252639
			7.46913889164641	-3.70191747252639
			7.47322038830852	-3.70191747252639
			7.47730188497062	-3.69783597586429
			7.48138338163272	-3.69783597586429
			7.48546487829482	-3.69783597586429
			7.48954637495692	-3.69375447920219
			7.49362787161903	-3.69375447920219
			7.49770936828113	-3.69375447920219
			7.50179086494323	-3.69375447920219
			7.50587236160533	-3.68967298254009
			7.50995385826743	-3.68967298254009
			7.51403535492954	-3.68967298254009
			7.51811685159164	-3.68559148587799
			7.52219834825374	-3.68559148587799
			7.52627984491584	-3.68559148587799
			7.53036134157794	-3.68150998921588
			7.53444283824004	-3.68150998921588
			7.53852433490215	-3.68150998921588
			7.54260583156425	-3.67742849255378
			7.54668732822635	-3.67742849255378
			7.55076882488845	-3.67742849255378
			7.55485032155055	-3.67742849255378
			7.55893181821266	-3.67334699589168
			7.56301331487476	-3.67334699589168
			7.56709481153686	-3.67334699589168
			7.57117630819896	-3.66926549922958
			7.57525780486106	-3.66926549922958
			7.57933930152316	-3.66926549922958
			7.58342079818527	-3.66518400256748
			7.58750229484737	-3.66518400256748
			7.59158379150947	-3.66518400256748
			7.59566528817157	-3.66518400256748
			7.59974678483367	-3.66110250590537
			7.60382828149578	-3.66110250590537
			7.60790977815788	-3.66110250590537
			7.61199127481998	-3.66110250590537
			7.61607277148208	-3.65702100924327
			7.62015426814418	-3.65702100924327
			7.62423576480629	-3.65702100924327
			7.62831726146839	-3.65293951258117
			7.63239875813049	-3.65293951258117
			7.63648025479259	-3.65293951258117
			7.64056175145469	-3.65293951258117
			7.64056175145469	-3.64885801591907
			7.64464324811679	-3.64885801591907
			7.6487247447789	-3.64885801591907
			7.652806241441	-3.64885801591907
			7.6568877381031	-3.64477651925697
			7.6609692347652	-3.64477651925697
			7.6650507314273	-3.64477651925697
			7.66913222808941	-3.64477651925697
			7.67321372475151	-3.64069502259486
			7.67729522141361	-3.64069502259486
			7.68137671807571	-3.64069502259486
			7.68545821473781	-3.63661352593276
			7.68953971139992	-3.63661352593276
			7.69362120806202	-3.63661352593276
			7.69770270472412	-3.63661352593276
			7.70178420138622	-3.63253202927066
			7.70586569804832	-3.63253202927066
			7.70994719471043	-3.63253202927066
			7.71402869137253	-3.63253202927066
			7.71811018803463	-3.63253202927066
			7.71811018803463	-3.62845053260856
			7.72219168469673	-3.62845053260856
			7.72627318135883	-3.62845053260856
			7.73035467802093	-3.62845053260856
			7.73443617468304	-3.62436903594646
			7.73851767134514	-3.62436903594646
			7.74259916800724	-3.62436903594646
			7.74668066466934	-3.62436903594646
			7.75076216133144	-3.62028753928436
			7.75484365799355	-3.62028753928436
			7.75892515465565	-3.62028753928436
			7.76300665131775	-3.62028753928436
			7.76708814797985	-3.61620604262225
			7.77116964464195	-3.61620604262225
			7.77525114130405	-3.61620604262225
			7.77933263796616	-3.61620604262225
			7.78341413462826	-3.61212454596015
			7.78749563129036	-3.61212454596015
			7.79157712795246	-3.61212454596015
			7.79565862461456	-3.61212454596015
			7.79974012127667	-3.61212454596015
			7.79974012127667	-3.60804304929805
			7.80382161793877	-3.60804304929805
			7.80790311460087	-3.60804304929805
			7.81198461126297	-3.60804304929805
			7.81606610792507	-3.60396155263595
			7.82014760458718	-3.60396155263595
			7.82422910124928	-3.60396155263595
			7.82831059791138	-3.60396155263595
			7.83239209457348	-3.60396155263595
			7.83647359123558	-3.59988005597385
			7.84055508789768	-3.59988005597385
			7.84463658455979	-3.59988005597385
			7.84871808122189	-3.59988005597385
			7.85279957788399	-3.59579855931174
			7.85688107454609	-3.59579855931174
			7.86096257120819	-3.59579855931174
			7.8650440678703	-3.59579855931174
			7.8691255645324	-3.59579855931174
			7.8732070611945	-3.59171706264964
			7.8772885578566	-3.59171706264964
			7.8813700545187	-3.59171706264964
			7.8854515511808	-3.59171706264964
			7.8854515511808	-3.58763556598754
			7.88953304784291	-3.58763556598754
			7.89361454450501	-3.58763556598754
			7.89769604116711	-3.58763556598754
			7.90177753782921	-3.58763556598754
			7.90585903449131	-3.58355406932544
			7.90994053115342	-3.58355406932544
			7.91402202781552	-3.58355406932544
			7.91810352447762	-3.58355406932544
			7.92218502113972	-3.58355406932544
			7.92626651780182	-3.57947257266334
			7.93034801446393	-3.57947257266334
			7.93442951112603	-3.57947257266334
			7.93851100778813	-3.57947257266334
			7.94259250445023	-3.57947257266334
			7.94667400111233	-3.57539107600123
			7.95075549777444	-3.57539107600123
			7.95483699443654	-3.57539107600123
			7.95891849109864	-3.57539107600123
			7.96299998776074	-3.57539107600123
			7.96708148442284	-3.57130957933913
			7.97116298108494	-3.57130957933913
			7.97524447774705	-3.57130957933913
			7.97932597440915	-3.57130957933913
			7.98340747107125	-3.57130957933913
			7.98748896773335	-3.56722808267703
			7.99157046439545	-3.56722808267703
			7.99565196105756	-3.56722808267703
			7.99973345771966	-3.56722808267703
			8.00381495438176	-3.56722808267703
			8.00789645104386	-3.56314658601493
			8.01197794770596	-3.56314658601493
			8.01605944436806	-3.56314658601493
			8.02014094103017	-3.56314658601493
			8.02422243769227	-3.56314658601493
			8.02830393435437	-3.55906508935283
			8.03238543101647	-3.55906508935283
			8.03646692767857	-3.55906508935283
			8.04054842434068	-3.55906508935283
			8.04462992100278	-3.55906508935283
			8.04871141766488	-3.55498359269073
			8.05279291432698	-3.55498359269073
			8.05687441098908	-3.55498359269073
			8.06095590765119	-3.55498359269073
			8.06503740431329	-3.55498359269073
			8.06911890097539	-3.55498359269073
			8.07320039763749	-3.55090209602862
			8.07728189429959	-3.55090209602862
			8.08136339096169	-3.55090209602862
			8.0854448876238	-3.55090209602862
			8.0895263842859	-3.55090209602862
			8.093607880948	-3.55090209602862
			8.0976893776101	-3.54682059936652
			8.1017708742722	-3.54682059936652
			8.10585237093431	-3.54682059936652
			8.10993386759641	-3.54682059936652
			8.11401536425851	-3.54682059936652
			8.11809686092061	-3.54273910270442
			8.12217835758271	-3.54273910270442
			8.12625985424481	-3.54273910270442
			8.13034135090692	-3.54273910270442
			8.13442284756902	-3.54273910270442
			8.13850434423112	-3.54273910270442
			8.14258584089322	-3.53865760604232
			8.14666733755532	-3.53865760604232
			8.15074883421743	-3.53865760604232
			8.15483033087953	-3.53865760604232
			8.15891182754163	-3.53865760604232
			8.16299332420373	-3.53865760604232
			8.16707482086583	-3.53865760604232
			8.17115631752794	-3.53457610938022
			8.17523781419004	-3.53457610938022
			8.17931931085214	-3.53457610938022
			8.18340080751424	-3.53457610938022
			8.18748230417634	-3.53457610938022
			8.19156380083844	-3.53457610938022
			8.19564529750055	-3.53049461271811
			8.19972679416265	-3.53049461271811
			8.20380829082475	-3.53049461271811
			8.20788978748685	-3.53049461271811
			8.21197128414896	-3.53049461271811
			8.21605278081106	-3.53049461271811
			8.22013427747316	-3.53049461271811
			8.22421577413526	-3.52641311605601
			8.22829727079736	-3.52641311605601
			8.23237876745946	-3.52641311605601
			8.23646026412156	-3.52641311605601
			8.24054176078367	-3.52641311605601
			8.24462325744577	-3.52641311605601
			8.24870475410787	-3.52233161939391
			8.25278625076997	-3.52233161939391
			8.25686774743208	-3.52233161939391
			8.26094924409418	-3.52233161939391
			8.26503074075628	-3.52233161939391
			8.26911223741838	-3.52233161939391
			8.27319373408048	-3.52233161939391
			8.27727523074258	-3.51825012273181
			8.28135672740469	-3.51825012273181
			8.28543822406679	-3.51825012273181
			8.28951972072889	-3.51825012273181
			8.29360121739099	-3.51825012273181
			8.29768271405309	-3.51825012273181
			8.30176421071519	-3.51825012273181
			8.3058457073773	-3.51825012273181
			8.3099272040394	-3.51416862606971
			8.3140087007015	-3.51416862606971
			8.3180901973636	-3.51416862606971
			8.32217169402571	-3.51416862606971
			8.32625319068781	-3.51416862606971
			8.33033468734991	-3.51416862606971
			8.33441618401201	-3.51416862606971
			8.33849768067411	-3.51416862606971
			8.34257917733621	-3.5100871294076
			8.34666067399832	-3.5100871294076
			8.35074217066042	-3.5100871294076
			8.35482366732252	-3.5100871294076
			8.35890516398462	-3.5100871294076
			8.36298666064672	-3.5100871294076
			8.36706815730883	-3.5100871294076
			8.37114965397093	-3.5100871294076
			8.37523115063303	-3.5100871294076
			8.37931264729513	-3.5060056327455
			8.38339414395723	-3.5060056327455
			8.38747564061933	-3.5060056327455
			8.39155713728144	-3.5060056327455
			8.39563863394354	-3.5060056327455
			8.39972013060564	-3.5060056327455
			8.40380162726774	-3.5060056327455
			8.40788312392984	-3.5060056327455
			8.41196462059195	-3.5060056327455
			8.41604611725405	-3.5019241360834
			8.42012761391615	-3.5019241360834
			8.42420911057825	-3.5019241360834
			8.42829060724035	-3.5019241360834
			8.43237210390246	-3.5019241360834
			8.43645360056456	-3.5019241360834
			8.44053509722666	-3.5019241360834
			8.44461659388876	-3.5019241360834
			8.44869809055086	-3.5019241360834
			8.45277958721296	-3.5019241360834
			8.45686108387507	-3.4978426394213
			8.46094258053717	-3.4978426394213
			8.46502407719927	-3.4978426394213
			8.46910557386137	-3.4978426394213
			8.47318707052347	-3.4978426394213
			8.47726856718558	-3.4978426394213
			8.48135006384768	-3.4978426394213
			8.48543156050978	-3.4978426394213
			8.48951305717188	-3.4937611427592
			8.49359455383398	-3.4937611427592
			8.49767605049609	-3.4937611427592
			8.50175754715819	-3.4937611427592
			8.50583904382029	-3.4937611427592
			8.50992054048239	-3.4896796460971
			8.51400203714449	-3.4896796460971
			8.51808353380659	-3.4896796460971
			8.5221650304687	-3.4896796460971
			8.5262465271308	-3.4896796460971
			8.5303280237929	-3.4896796460971
			8.534409520455	-3.48559814943499
			8.5384910171171	-3.48559814943499
			8.54257251377921	-3.48559814943499
			8.54665401044131	-3.48559814943499
			8.55073550710341	-3.48559814943499
			8.55481700376551	-3.48559814943499
			8.55481700376551	-3.48151665277289
			8.55889850042761	-3.48151665277289
			8.56297999708971	-3.48151665277289
			8.56706149375182	-3.48151665277289
			8.57114299041392	-3.48151665277289
			8.57522448707602	-3.48151665277289
			8.57930598373812	-3.47743515611079
			8.58338748040022	-3.47743515611079
			8.58746897706233	-3.47743515611079
			8.59155047372443	-3.47743515611079
			8.59563197038653	-3.47743515611079
			8.59971346704863	-3.47743515611079
			8.60379496371073	-3.47335365944869
			8.60787646037284	-3.47335365944869
			8.61195795703494	-3.47335365944869
			8.61603945369704	-3.47335365944869
			8.62012095035914	-3.47335365944869
			8.62420244702124	-3.47335365944869
			8.62828394368334	-3.46927216278659
			8.63236544034545	-3.46927216278659
			8.63644693700755	-3.46927216278659
			8.64052843366965	-3.46927216278659
			8.64460993033175	-3.46927216278659
			8.64869142699385	-3.46927216278659
			8.65277292365596	-3.46519066612448
			8.65685442031806	-3.46519066612448
			8.66093591698016	-3.46519066612448
			8.66501741364226	-3.46519066612448
			8.66909891030436	-3.46519066612448
			8.67318040696646	-3.46519066612448
			8.67726190362857	-3.46519066612448
			8.68134340029067	-3.46110916946238
			8.68542489695277	-3.46110916946238
			8.68950639361487	-3.46110916946238
			8.69358789027697	-3.46110916946238
			8.69766938693908	-3.46110916946238
			8.70175088360118	-3.45702767280028
			8.70583238026328	-3.45702767280028
			8.70991387692538	-3.45702767280028
			8.71399537358748	-3.45702767280028
			8.71807687024959	-3.45702767280028
			8.72215836691169	-3.45702767280028
			8.72623986357379	-3.45702767280028
			8.73032136023589	-3.45702767280028
			8.73032136023589	-3.45294617613818
			8.73440285689799	-3.45294617613818
			8.73848435356009	-3.45294617613818
			8.7425658502222	-3.45294617613818
			8.7466473468843	-3.45294617613818
			8.7507288435464	-3.45294617613818
			8.7548103402085	-3.45294617613818
			8.75889183687061	-3.45294617613818
			8.76297333353271	-3.44886467947608
			8.76705483019481	-3.44886467947608
			8.77113632685691	-3.44886467947608
			8.77521782351901	-3.44886467947608
			8.77929932018111	-3.44886467947608
			8.78338081684322	-3.44886467947608
			8.78746231350532	-3.44886467947608
			8.79154381016742	-3.44478318281397
			8.79562530682952	-3.44478318281397
			8.79970680349162	-3.44478318281397
			8.80378830015372	-3.44478318281397
			8.80786979681583	-3.44478318281397
			8.81195129347793	-3.44478318281397
			8.81603279014003	-3.44478318281397
			8.82011428680213	-3.44478318281397
			8.82419578346423	-3.44070168615187
			8.82827728012634	-3.44070168615187
			8.83235877678844	-3.44070168615187
			8.83644027345054	-3.44070168615187
			8.84052177011264	-3.44070168615187
			8.84460326677474	-3.44070168615187
			8.84868476343684	-3.44070168615187
			8.85276626009895	-3.44070168615187
			8.85684775676105	-3.44070168615187
			8.85684775676105	-3.43662018948977
			8.86092925342315	-3.43662018948977
			8.86501075008525	-3.43662018948977
			8.86909224674736	-3.43662018948977
			8.87317374340946	-3.43662018948977
			8.87725524007156	-3.43662018948977
			8.88133673673366	-3.43662018948977
			8.88541823339576	-3.43662018948977
			8.88949973005786	-3.43662018948977
			8.89358122671997	-3.43253869282767
			8.89766272338207	-3.43253869282767
			8.90174422004417	-3.43253869282767
			8.90582571670627	-3.43253869282767
			8.90990721336837	-3.43253869282767
			8.91398871003048	-3.43253869282767
			8.91807020669258	-3.43253869282767
			8.92215170335468	-3.43253869282767
			8.92623320001678	-3.43253869282767
			8.93031469667888	-3.43253869282767
			8.93439619334099	-3.42845719616557
			8.93847769000309	-3.42845719616557
			8.94255918666519	-3.42845719616557
			8.94664068332729	-3.42845719616557
			8.95072217998939	-3.42845719616557
			8.95480367665149	-3.42845719616557
			8.9588851733136	-3.42845719616557
			8.9629666699757	-3.42845719616557
			8.9670481666378	-3.42845719616557
			8.9711296632999	-3.42845719616557
			8.975211159962	-3.42437569950347
			8.97929265662411	-3.42437569950347
			8.98337415328621	-3.42437569950347
			8.98745564994831	-3.42437569950347
			8.99153714661041	-3.42437569950347
			8.99561864327251	-3.42437569950347
			8.99970013993461	-3.42437569950347
			9.00378163659672	-3.42437569950347
			9.00786313325882	-3.42437569950347
			9.01194462992092	-3.42437569950347
			9.01602612658302	-3.42437569950347
			9.02010762324512	-3.42437569950347
			9.02418911990723	-3.42437569950347
			9.02827061656933	-3.42437569950347
			9.03235211323143	-3.42029420284136
			9.03643360989353	-3.42029420284136
			9.04051510655563	-3.42029420284136
			9.04459660321774	-3.42029420284136
			9.04867809987984	-3.42029420284136
			9.05275959654194	-3.42029420284136
			9.05684109320404	-3.42029420284136
			9.06092258986614	-3.42029420284136
			9.06500408652824	-3.42029420284136
			9.06908558319035	-3.42029420284136
			9.07316707985245	-3.42029420284136
			9.07724857651455	-3.42029420284136
			9.08133007317665	-3.42029420284136
			9.08541156983875	-3.42029420284136
			9.08949306650086	-3.42029420284136
			9.09357456316296	-3.42029420284136
			9.09765605982506	-3.42029420284136
			9.10173755648716	-3.42029420284136
			9.10581905314926	-3.41621270617926
			9.10990054981136	-3.41621270617926
			9.11398204647347	-3.41621270617926
			9.11806354313557	-3.41621270617926
			9.12214503979767	-3.41621270617926
			9.12622653645977	-3.41621270617926
			9.13030803312187	-3.41621270617926
			9.13438952978398	-3.41621270617926
			9.13847102644608	-3.41621270617926
			9.14255252310818	-3.41621270617926
			9.14663401977028	-3.41621270617926
			9.15071551643238	-3.41621270617926
			9.15479701309449	-3.41621270617926
			9.15887850975659	-3.41621270617926
			9.16296000641869	-3.41621270617926
			9.16704150308079	-3.41621270617926
			9.17112299974289	-3.41621270617926
			9.17520449640499	-3.41621270617926
			9.1792859930671	-3.41621270617926
			9.1833674897292	-3.41621270617926
			9.1874489863913	-3.41621270617926
			9.1915304830534	-3.41621270617926
			9.1956119797155	-3.41621270617926
			9.19969347637761	-3.41621270617926
			9.20377497303971	-3.41621270617926
		</body_ant>
		<body_post type=matrix rownames=FALSE colnames=FALSE nrow=749 ncol=2 as.numeric=TRUE >
			10.3180235617935	-3.60396155263595
			10.3221050584556	-3.60396155263595
			10.3261865551177	-3.60396155263595
			10.3302680517798	-3.60396155263595
			10.3343495484419	-3.60396155263595
			10.338431045104	-3.60396155263595
			10.3425125417661	-3.60396155263595
			10.3465940384282	-3.60396155263595
			10.3506755350903	-3.60804304929805
			10.3547570317524	-3.60804304929805
			10.3588385284145	-3.60804304929805
			10.3629200250766	-3.60804304929805
			10.3670015217387	-3.60804304929805
			10.3710830184008	-3.60804304929805
			10.3751645150629	-3.60804304929805
			10.379246011725	-3.60804304929805
			10.3833275083871	-3.60804304929805
			10.3874090050492	-3.60804304929805
			10.3914905017114	-3.60804304929805
			10.3955719983735	-3.60804304929805
			10.3996534950356	-3.60804304929805
			10.4037349916977	-3.60804304929805
			10.4078164883598	-3.61212454596015
			10.4118979850219	-3.61212454596015
			10.415979481684	-3.61212454596015
			10.4200609783461	-3.61212454596015
			10.4241424750082	-3.61212454596015
			10.4282239716703	-3.61212454596015
			10.4323054683324	-3.61212454596015
			10.4363869649945	-3.61212454596015
			10.4404684616566	-3.61212454596015
			10.4445499583187	-3.61212454596015
			10.4486314549808	-3.61212454596015
			10.4527129516429	-3.61212454596015
			10.456794448305	-3.61212454596015
			10.4608759449671	-3.61212454596015
			10.4649574416292	-3.61620604262225
			10.4690389382913	-3.61620604262225
			10.4731204349534	-3.61620604262225
			10.4772019316155	-3.61620604262225
			10.4812834282776	-3.61620604262225
			10.4853649249397	-3.61620604262225
			10.4894464216018	-3.61620604262225
			10.4935279182639	-3.61620604262225
			10.497609414926	-3.61620604262225
			10.5016909115881	-3.61620604262225
			10.5057724082502	-3.61620604262225
			10.5098539049123	-3.61620604262225
			10.5139354015744	-3.61620604262225
			10.5180168982365	-3.61620604262225
			10.5220983948986	-3.61620604262225
			10.5261798915607	-3.61620604262225
			10.5302613882228	-3.62028753928436
			10.5343428848849	-3.62028753928436
			10.538424381547	-3.62028753928436
			10.5425058782091	-3.62028753928436
			10.5465873748712	-3.62028753928436
			10.5506688715333	-3.62028753928436
			10.5547503681954	-3.62028753928436
			10.5588318648575	-3.62028753928436
			10.5629133615196	-3.62028753928436
			10.5669948581817	-3.62028753928436
			10.5710763548438	-3.62028753928436
			10.5751578515059	-3.62028753928436
			10.579239348168	-3.62028753928436
			10.5833208448301	-3.62028753928436
			10.5874023414922	-3.62028753928436
			10.5914838381543	-3.62436903594646
			10.5955653348164	-3.62436903594646
			10.5996468314785	-3.62436903594646
			10.6037283281406	-3.62436903594646
			10.6078098248028	-3.62436903594646
			10.6118913214649	-3.62436903594646
			10.615972818127	-3.62436903594646
			10.6200543147891	-3.62436903594646
			10.6241358114512	-3.62436903594646
			10.6282173081133	-3.62436903594646
			10.6322988047754	-3.62436903594646
			10.6363803014375	-3.62436903594646
			10.6404617980996	-3.62436903594646
			10.6445432947617	-3.62436903594646
			10.6486247914238	-3.62436903594646
			10.6527062880859	-3.62436903594646
			10.656787784748	-3.62845053260856
			10.6608692814101	-3.62845053260856
			10.6649507780722	-3.62845053260856
			10.6690322747343	-3.62845053260856
			10.6731137713964	-3.62845053260856
			10.6771952680585	-3.62845053260856
			10.6812767647206	-3.62845053260856
			10.6853582613827	-3.62845053260856
			10.6894397580448	-3.62845053260856
			10.6935212547069	-3.62845053260856
			10.697602751369	-3.62845053260856
			10.7016842480311	-3.62845053260856
			10.7057657446932	-3.62845053260856
			10.7098472413553	-3.62845053260856
			10.7139287380174	-3.62845053260856
			10.7180102346795	-3.62845053260856
			10.7220917313416	-3.63253202927066
			10.7261732280037	-3.63253202927066
			10.7302547246658	-3.63253202927066
			10.7343362213279	-3.63253202927066
			10.73841771799	-3.63253202927066
			10.7424992146521	-3.63253202927066
			10.7465807113142	-3.63253202927066
			10.7506622079763	-3.63253202927066
			10.7547437046384	-3.63253202927066
			10.7588252013005	-3.63253202927066
			10.7629066979626	-3.63253202927066
			10.7669881946247	-3.63253202927066
			10.7710696912868	-3.63253202927066
			10.7751511879489	-3.63253202927066
			10.779232684611	-3.63253202927066
			10.7833141812731	-3.63253202927066
			10.7873956779352	-3.63253202927066
			10.7914771745973	-3.63661352593276
			10.7955586712594	-3.63661352593276
			10.7996401679215	-3.63661352593276
			10.8037216645836	-3.63661352593276
			10.8078031612457	-3.63661352593276
			10.8118846579078	-3.63661352593276
			10.8159661545699	-3.63661352593276
			10.820047651232	-3.63661352593276
			10.8241291478941	-3.63661352593276
			10.8282106445563	-3.63661352593276
			10.8322921412184	-3.63661352593276
			10.8363736378805	-3.63661352593276
			10.8404551345426	-3.63661352593276
			10.8445366312047	-3.63661352593276
			10.8486181278668	-3.63661352593276
			10.8526996245289	-3.63661352593276
			10.856781121191	-3.63661352593276
			10.8608626178531	-3.64069502259486
			10.8649441145152	-3.64069502259486
			10.8690256111773	-3.64069502259486
			10.8731071078394	-3.64069502259486
			10.8771886045015	-3.64069502259486
			10.8812701011636	-3.64069502259486
			10.8853515978257	-3.64069502259486
			10.8894330944878	-3.64069502259486
			10.8935145911499	-3.64069502259486
			10.897596087812	-3.64069502259486
			10.9016775844741	-3.64069502259486
			10.9057590811362	-3.64069502259486
			10.9098405777983	-3.64069502259486
			10.9139220744604	-3.64069502259486
			10.9180035711225	-3.64069502259486
			10.9220850677846	-3.64069502259486
			10.9261665644467	-3.64069502259486
			10.9302480611088	-3.64069502259486
			10.9343295577709	-3.64069502259486
			10.938411054433	-3.64477651925697
			10.9424925510951	-3.64477651925697
			10.9465740477572	-3.64477651925697
			10.9506555444193	-3.64477651925697
			10.9547370410814	-3.64477651925697
			10.9588185377435	-3.64477651925697
			10.9629000344056	-3.64477651925697
			10.9669815310677	-3.64477651925697
			10.9710630277298	-3.64477651925697
			10.9751445243919	-3.64477651925697
			10.979226021054	-3.64477651925697
			10.9833075177161	-3.64477651925697
			10.9873890143782	-3.64477651925697
			10.9914705110403	-3.64477651925697
			10.9955520077024	-3.64477651925697
			10.9996335043645	-3.64477651925697
			11.0037150010266	-3.64477651925697
			11.0077964976887	-3.64477651925697
			11.0118779943508	-3.64477651925697
			11.0159594910129	-3.64885801591907
			11.020040987675	-3.64885801591907
			11.0241224843371	-3.64885801591907
			11.0282039809992	-3.64885801591907
			11.0322854776613	-3.64885801591907
			11.0363669743234	-3.64885801591907
			11.0404484709855	-3.64885801591907
			11.0445299676476	-3.64885801591907
			11.0486114643098	-3.64885801591907
			11.0526929609719	-3.64885801591907
			11.056774457634	-3.64885801591907
			11.0608559542961	-3.64885801591907
			11.0649374509582	-3.64885801591907
			11.0690189476203	-3.64885801591907
			11.0731004442824	-3.64885801591907
			11.0771819409445	-3.64885801591907
			11.0812634376066	-3.64885801591907
			11.0853449342687	-3.64885801591907
			11.0894264309308	-3.64885801591907
			11.0935079275929	-3.64885801591907
			11.097589424255	-3.64885801591907
			11.097589424255	-3.65293951258117
			11.1016709209171	-3.65293951258117
			11.1057524175792	-3.65293951258117
			11.1098339142413	-3.65293951258117
			11.1139154109034	-3.65293951258117
			11.1179969075655	-3.65293951258117
			11.1220784042276	-3.65293951258117
			11.1261599008897	-3.65293951258117
			11.1302413975518	-3.65293951258117
			11.1343228942139	-3.65293951258117
			11.138404390876	-3.65293951258117
			11.1424858875381	-3.65293951258117
			11.1465673842002	-3.65293951258117
			11.1506488808623	-3.65293951258117
			11.1547303775244	-3.65293951258117
			11.1588118741865	-3.65293951258117
			11.1628933708486	-3.65293951258117
			11.1669748675107	-3.65293951258117
			11.1710563641728	-3.65293951258117
			11.1751378608349	-3.65293951258117
			11.179219357497	-3.65293951258117
			11.1833008541591	-3.65293951258117
			11.1873823508212	-3.65702100924327
			11.1914638474833	-3.65702100924327
			11.1955453441454	-3.65702100924327
			11.1996268408075	-3.65702100924327
			11.2037083374696	-3.65702100924327
			11.2077898341317	-3.65702100924327
			11.2118713307938	-3.65702100924327
			11.2159528274559	-3.65702100924327
			11.220034324118	-3.65702100924327
			11.2241158207801	-3.65702100924327
			11.2281973174422	-3.65702100924327
			11.2322788141043	-3.65702100924327
			11.2363603107664	-3.65702100924327
			11.2404418074285	-3.65702100924327
			11.2445233040906	-3.65702100924327
			11.2486048007527	-3.65702100924327
			11.2526862974148	-3.65702100924327
			11.2567677940769	-3.65702100924327
			11.260849290739	-3.65702100924327
			11.2649307874012	-3.65702100924327
			11.2690122840633	-3.65702100924327
			11.2730937807254	-3.65702100924327
			11.2771752773875	-3.65702100924327
			11.2812567740496	-3.66110250590537
			11.2853382707117	-3.66110250590537
			11.2894197673738	-3.66110250590537
			11.2935012640359	-3.66110250590537
			11.297582760698	-3.66110250590537
			11.3016642573601	-3.66110250590537
			11.3057457540222	-3.66110250590537
			11.3098272506843	-3.66110250590537
			11.3139087473464	-3.66110250590537
			11.3179902440085	-3.66110250590537
			11.3220717406706	-3.66110250590537
			11.3261532373327	-3.66110250590537
			11.3302347339948	-3.66110250590537
			11.3343162306569	-3.66110250590537
			11.338397727319	-3.66110250590537
			11.3424792239811	-3.66110250590537
			11.3465607206432	-3.66110250590537
			11.3506422173053	-3.66110250590537
			11.3547237139674	-3.66110250590537
			11.3588052106295	-3.66110250590537
			11.3628867072916	-3.66110250590537
			11.3669682039537	-3.66110250590537
			11.3710497006158	-3.66110250590537
			11.3751311972779	-3.66110250590537
			11.37921269394	-3.66110250590537
			11.3832941906021	-3.66518400256748
			11.3873756872642	-3.66518400256748
			11.3914571839263	-3.66518400256748
			11.3955386805884	-3.66518400256748
			11.3996201772505	-3.66518400256748
			11.4037016739126	-3.66518400256748
			11.4077831705747	-3.66518400256748
			11.4118646672368	-3.66518400256748
			11.4159461638989	-3.66518400256748
			11.420027660561	-3.66518400256748
			11.4241091572231	-3.66518400256748
			11.4281906538852	-3.66518400256748
			11.4322721505473	-3.66518400256748
			11.4363536472094	-3.66518400256748
			11.4404351438715	-3.66518400256748
			11.4445166405336	-3.66518400256748
			11.4485981371957	-3.66518400256748
			11.4526796338578	-3.66518400256748
			11.4567611305199	-3.66518400256748
			11.460842627182	-3.66518400256748
			11.4649241238441	-3.66518400256748
			11.4690056205062	-3.66518400256748
			11.4730871171683	-3.66518400256748
			11.4771686138304	-3.66518400256748
			11.4812501104925	-3.66518400256748
			11.4853316071547	-3.66518400256748
			11.4894131038168	-3.66518400256748
			11.4934946004789	-3.66518400256748
			11.497576097141	-3.66518400256748
			11.5016575938031	-3.66926549922958
			11.5057390904652	-3.66926549922958
			11.5098205871273	-3.66926549922958
			11.5139020837894	-3.66926549922958
			11.5179835804515	-3.66926549922958
			11.5220650771136	-3.66926549922958
			11.5261465737757	-3.66926549922958
			11.5302280704378	-3.66926549922958
			11.5343095670999	-3.66926549922958
			11.538391063762	-3.66926549922958
			11.5424725604241	-3.66926549922958
			11.5465540570862	-3.66926549922958
			11.5506355537483	-3.66926549922958
			11.5547170504104	-3.66926549922958
			11.5587985470725	-3.66926549922958
			11.5628800437346	-3.66926549922958
			11.5669615403967	-3.66926549922958
			11.5710430370588	-3.66926549922958
			11.5751245337209	-3.66926549922958
			11.579206030383	-3.66926549922958
			11.5832875270451	-3.66926549922958
			11.5873690237072	-3.66926549922958
			11.5914505203693	-3.66926549922958
			11.5955320170314	-3.66926549922958
			11.5996135136935	-3.66926549922958
			11.6036950103556	-3.66926549922958
			11.6077765070177	-3.66926549922958
			11.6118580036798	-3.66926549922958
			11.6159395003419	-3.66926549922958
			11.620020997004	-3.66926549922958
			11.6241024936661	-3.66926549922958
			11.6281839903282	-3.67334699589168
			11.6322654869903	-3.67334699589168
			11.6363469836524	-3.67334699589168
			11.6404284803145	-3.67334699589168
			11.6445099769766	-3.67334699589168
			11.6485914736387	-3.67334699589168
			11.6526729703008	-3.67334699589168
			11.6567544669629	-3.67334699589168
			11.660835963625	-3.67334699589168
			11.6649174602871	-3.67334699589168
			11.6689989569492	-3.67334699589168
			11.6730804536113	-3.67334699589168
			11.6771619502734	-3.67334699589168
			11.6812434469355	-3.67334699589168
			11.6853249435976	-3.67334699589168
			11.6894064402597	-3.67334699589168
			11.6934879369218	-3.67334699589168
			11.6975694335839	-3.67334699589168
			11.701650930246	-3.67334699589168
			11.7057324269082	-3.67334699589168
			11.7098139235703	-3.67334699589168
			11.7138954202324	-3.67334699589168
			11.7179769168945	-3.67334699589168
			11.7220584135566	-3.67334699589168
			11.7261399102187	-3.67334699589168
			11.7302214068808	-3.67334699589168
			11.7343029035429	-3.67334699589168
			11.738384400205	-3.67334699589168
			11.7424658968671	-3.67334699589168
			11.7465473935292	-3.67334699589168
			11.7506288901913	-3.67334699589168
			11.7547103868534	-3.67334699589168
			11.7587918835155	-3.67334699589168
			11.7628733801776	-3.67334699589168
			11.7669548768397	-3.67334699589168
			11.7710363735018	-3.67334699589168
			11.7751178701639	-3.67334699589168
			11.779199366826	-3.67334699589168
			11.7832808634881	-3.67334699589168
			11.7873623601502	-3.67334699589168
			11.7873623601502	-3.67742849255378
			11.7914438568123	-3.67742849255378
			11.7955253534744	-3.67742849255378
			11.7996068501365	-3.67742849255378
			11.8036883467986	-3.67742849255378
			11.8077698434607	-3.67742849255378
			11.8118513401228	-3.67742849255378
			11.8159328367849	-3.67742849255378
			11.820014333447	-3.67742849255378
			11.8240958301091	-3.67742849255378
			11.8281773267712	-3.67742849255378
			11.8322588234333	-3.67742849255378
			11.8363403200954	-3.67742849255378
			11.8404218167575	-3.67742849255378
			11.8445033134196	-3.67742849255378
			11.8485848100817	-3.67742849255378
			11.8526663067438	-3.67742849255378
			11.8567478034059	-3.67742849255378
			11.860829300068	-3.67742849255378
			11.8649107967301	-3.67742849255378
			11.8689922933922	-3.67742849255378
			11.8730737900543	-3.67742849255378
			11.8771552867164	-3.67742849255378
			11.8812367833785	-3.67742849255378
			11.8853182800406	-3.67742849255378
			11.8893997767027	-3.67742849255378
			11.8934812733648	-3.67742849255378
			11.8975627700269	-3.67742849255378
			11.901644266689	-3.67742849255378
			11.9057257633511	-3.67742849255378
			11.9098072600132	-3.67742849255378
			11.9138887566753	-3.67742849255378
			11.9179702533374	-3.67742849255378
			11.9220517499996	-3.67742849255378
			11.9261332466617	-3.67742849255378
			11.9302147433238	-3.67742849255378
			11.9342962399859	-3.67742849255378
			11.938377736648	-3.67742849255378
			11.9424592333101	-3.67742849255378
			11.9465407299722	-3.67742849255378
			11.9506222266343	-3.67742849255378
			11.9547037232964	-3.67742849255378
			11.9587852199585	-3.67742849255378
			11.9628667166206	-3.67742849255378
			11.9669482132827	-3.67742849255378
			11.9710297099448	-3.67742849255378
			11.9751112066069	-3.67742849255378
			11.979192703269	-3.67742849255378
			11.9832741999311	-3.67742849255378
			11.9873556965932	-3.67742849255378
			11.9914371932553	-3.67742849255378
			11.9955186899174	-3.67742849255378
			11.9996001865795	-3.67742849255378
			12.0036816832416	-3.67742849255378
			12.0077631799037	-3.67742849255378
			12.0118446765658	-3.68150998921588
			12.0159261732279	-3.68150998921588
			12.02000766989	-3.68150998921588
			12.0240891665521	-3.68150998921588
			12.0281706632142	-3.68150998921588
			12.0322521598763	-3.68150998921588
			12.0363336565384	-3.68150998921588
			12.0404151532005	-3.68150998921588
			12.0444966498626	-3.68150998921588
			12.0485781465247	-3.68150998921588
			12.0526596431868	-3.68150998921588
			12.0567411398489	-3.68150998921588
			12.060822636511	-3.68150998921588
			12.0649041331731	-3.68150998921588
			12.0689856298352	-3.68150998921588
			12.0730671264973	-3.68150998921588
			12.0771486231594	-3.68150998921588
			12.0812301198215	-3.68150998921588
			12.0853116164836	-3.68150998921588
			12.0893931131457	-3.68150998921588
			12.0934746098078	-3.68150998921588
			12.0975561064699	-3.68150998921588
			12.101637603132	-3.68150998921588
			12.1057190997941	-3.68150998921588
			12.1098005964562	-3.68150998921588
			12.1138820931183	-3.68150998921588
			12.1179635897804	-3.68150998921588
			12.1220450864425	-3.68150998921588
			12.1261265831046	-3.68150998921588
			12.1302080797667	-3.68150998921588
			12.1342895764288	-3.68150998921588
			12.1383710730909	-3.68150998921588
			12.1424525697531	-3.68150998921588
			12.1465340664152	-3.68150998921588
			12.1506155630773	-3.68150998921588
			12.1546970597394	-3.68150998921588
			12.1587785564015	-3.68150998921588
			12.1628600530636	-3.68150998921588
			12.1669415497257	-3.68150998921588
			12.1710230463878	-3.68150998921588
			12.1751045430499	-3.68150998921588
			12.179186039712	-3.68150998921588
			12.1832675363741	-3.68150998921588
			12.1873490330362	-3.68150998921588
			12.1914305296983	-3.68150998921588
			12.1955120263604	-3.68150998921588
			12.1995935230225	-3.68150998921588
			12.2036750196846	-3.68150998921588
			12.2077565163467	-3.68150998921588
			12.2118380130088	-3.68150998921588
			12.2159195096709	-3.68150998921588
			12.220001006333	-3.68150998921588
			12.2240825029951	-3.68150998921588
			12.2281639996572	-3.68150998921588
			12.2322454963193	-3.68150998921588
			12.2363269929814	-3.68150998921588
			12.2404084896435	-3.68150998921588
			12.2444899863056	-3.68150998921588
			12.2485714829677	-3.68150998921588
			12.2526529796298	-3.68150998921588
			12.2567344762919	-3.68150998921588
			12.260815972954	-3.68150998921588
			12.2648974696161	-3.68150998921588
			12.2689789662782	-3.68150998921588
			12.2730604629403	-3.68150998921588
			12.2771419596024	-3.68150998921588
			12.2812234562645	-3.68150998921588
			12.2853049529266	-3.68150998921588
			12.2893864495887	-3.68150998921588
			12.2934679462508	-3.68150998921588
			12.2975494429129	-3.68150998921588
			12.301630939575	-3.68150998921588
			12.3057124362371	-3.68150998921588
			12.3097939328992	-3.68150998921588
			12.3138754295613	-3.68150998921588
			12.3179569262234	-3.68150998921588
			12.3220384228855	-3.68150998921588
			12.3261199195476	-3.68150998921588
			12.3302014162097	-3.68150998921588
			12.3342829128718	-3.68150998921588
			12.3383644095339	-3.68150998921588
			12.342445906196	-3.68150998921588
			12.3465274028581	-3.68150998921588
			12.3506088995202	-3.68150998921588
			12.3546903961823	-3.68150998921588
			12.3587718928444	-3.68150998921588
			12.3628533895066	-3.68150998921588
			12.3669348861687	-3.68150998921588
			12.3710163828308	-3.68150998921588
			12.3750978794929	-3.68150998921588
			12.379179376155	-3.68150998921588
			12.3832608728171	-3.68150998921588
			12.3873423694792	-3.68150998921588
			12.3914238661413	-3.68150998921588
			12.3955053628034	-3.68150998921588
			12.3995868594655	-3.68150998921588
			12.4036683561276	-3.68150998921588
			12.4077498527897	-3.68150998921588
			12.4118313494518	-3.68150998921588
			12.4159128461139	-3.68150998921588
			12.419994342776	-3.68150998921588
			12.4240758394381	-3.68150998921588
			12.4281573361002	-3.68150998921588
			12.4322388327623	-3.68150998921588
			12.4363203294244	-3.68150998921588
			12.4404018260865	-3.68150998921588
			12.4444833227486	-3.68150998921588
			12.4485648194107	-3.68150998921588
			12.4526463160728	-3.68150998921588
			12.4567278127349	-3.68150998921588
			12.460809309397	-3.68150998921588
			12.4648908060591	-3.68150998921588
			12.4689723027212	-3.68150998921588
			12.4730537993833	-3.67742849255378
			12.4771352960454	-3.67742849255378
			12.4812167927075	-3.67742849255378
			12.4852982893696	-3.67742849255378
			12.4893797860317	-3.67742849255378
			12.4934612826938	-3.67742849255378
			12.4975427793559	-3.67742849255378
			12.501624276018	-3.67742849255378
			12.5057057726801	-3.67742849255378
			12.5097872693422	-3.67742849255378
			12.5138687660043	-3.67742849255378
			12.5179502626664	-3.67334699589168
			12.5220317593285	-3.67334699589168
			12.5261132559906	-3.67334699589168
			12.5301947526527	-3.67334699589168
			12.5342762493148	-3.67334699589168
			12.5383577459769	-3.67334699589168
			12.542439242639	-3.67334699589168
			12.5465207393011	-3.67334699589168
			12.5506022359632	-3.67334699589168
			12.5546837326253	-3.66926549922958
			12.5587652292874	-3.66926549922958
			12.5628467259495	-3.66926549922958
			12.5669282226116	-3.66926549922958
			12.5710097192737	-3.66926549922958
			12.5750912159358	-3.66926549922958
			12.579172712598	-3.66926549922958
			12.5832542092601	-3.66518400256748
			12.5873357059222	-3.66518400256748
			12.5914172025843	-3.66518400256748
			12.5954986992464	-3.66518400256748
			12.5995801959085	-3.66518400256748
			12.6036616925706	-3.66518400256748
			12.6077431892327	-3.66518400256748
			12.6118246858948	-3.66110250590537
			12.6159061825569	-3.66110250590537
			12.619987679219	-3.66110250590537
			12.6240691758811	-3.66110250590537
			12.6281506725432	-3.66110250590537
			12.6322321692053	-3.66110250590537
			12.6363136658674	-3.65702100924327
			12.6403951625295	-3.65702100924327
			12.6444766591916	-3.65702100924327
			12.6485581558537	-3.65702100924327
			12.6526396525158	-3.65702100924327
			12.6567211491779	-3.65702100924327
			12.66080264584	-3.65293951258117
			12.6648841425021	-3.65293951258117
			12.6689656391642	-3.65293951258117
			12.6730471358263	-3.65293951258117
			12.6771286324884	-3.65293951258117
			12.6812101291505	-3.65293951258117
			12.6812101291505	-3.64885801591907
			12.6852916258126	-3.64885801591907
			12.6893731224747	-3.64885801591907
			12.6934546191368	-3.64885801591907
			12.6975361157989	-3.64885801591907
			12.701617612461	-3.64885801591907
			12.7056991091231	-3.64477651925697
			12.7097806057852	-3.64477651925697
			12.7138621024473	-3.64477651925697
			12.7179435991094	-3.64477651925697
			12.7220250957715	-3.64477651925697
			12.7261065924336	-3.64069502259486
			12.7301880890957	-3.64069502259486
			12.7342695857578	-3.64069502259486
			12.7383510824199	-3.64069502259486
			12.742432579082	-3.64069502259486
			12.7465140757441	-3.64069502259486
			12.7505955724062	-3.63661352593276
			12.7546770690683	-3.63661352593276
			12.7587585657304	-3.63661352593276
			12.7628400623925	-3.63661352593276
			12.7669215590546	-3.63253202927066
			12.7710030557167	-3.63253202927066
			12.7750845523788	-3.63253202927066
			12.7791660490409	-3.63253202927066
			12.783247545703	-3.63253202927066
			12.7873290423651	-3.63253202927066
			12.7873290423651	-3.62845053260856
			12.7914105390272	-3.62845053260856
			12.7954920356893	-3.62845053260856
			12.7995735323515	-3.62845053260856
			12.8036550290136	-3.62845053260856
			12.8077365256757	-3.62436903594646
			12.8118180223378	-3.62436903594646
			12.8158995189999	-3.62436903594646
			12.819981015662	-3.62436903594646
			12.8240625123241	-3.62436903594646
			12.8281440089862	-3.62028753928436
			12.8322255056483	-3.62028753928436
			12.8363070023104	-3.62028753928436
			12.8403884989725	-3.62028753928436
			12.8444699956346	-3.62028753928436
			12.8485514922967	-3.61620604262225
			12.8526329889588	-3.61620604262225
			12.8567144856209	-3.61620604262225
			12.860795982283	-3.61620604262225
			12.8648774789451	-3.61620604262225
			12.8689589756072	-3.61212454596015
			12.8730404722693	-3.61212454596015
			12.8771219689314	-3.61212454596015
			12.8812034655935	-3.61212454596015
			12.8852849622556	-3.60804304929805
			12.8893664589177	-3.60804304929805
			12.8934479555798	-3.60804304929805
			12.8975294522419	-3.60804304929805
			12.901610948904	-3.60804304929805
			12.9056924455661	-3.60396155263595
			12.9097739422282	-3.60396155263595
			12.9138554388903	-3.60396155263595
			12.9179369355524	-3.60396155263595
			12.9220184322145	-3.59988005597385
			12.9260999288766	-3.59988005597385
			12.9301814255387	-3.59988005597385
			12.9342629222008	-3.59988005597385
			12.9383444188629	-3.59579855931174
			12.942425915525	-3.59579855931174
			12.9465074121871	-3.59579855931174
			12.9505889088492	-3.59579855931174
			12.9546704055113	-3.59579855931174
			12.9587519021734	-3.59171706264964
			12.9628333988355	-3.59171706264964
			12.9669148954976	-3.59171706264964
			12.9709963921597	-3.59171706264964
			12.9750778888218	-3.58763556598754
			12.9791593854839	-3.58763556598754
			12.983240882146	-3.58763556598754
			12.9873223788081	-3.58763556598754
			12.9914038754702	-3.58763556598754
			12.9954853721323	-3.58355406932544
			12.9995668687944	-3.58355406932544
			13.0036483654565	-3.58355406932544
			13.0077298621186	-3.58355406932544
			13.0118113587807	-3.57947257266334
			13.0158928554428	-3.57947257266334
			13.019974352105	-3.57947257266334
			13.0240558487671	-3.57947257266334
			13.0281373454292	-3.57539107600123
			13.0322188420913	-3.57539107600123
			13.0363003387534	-3.57539107600123
			13.0403818354155	-3.57539107600123
			13.0444633320776	-3.57539107600123
			13.0444633320776	-3.57130957933913
			13.0485448287397	-3.57130957933913
			13.0526263254018	-3.57130957933913
			13.0567078220639	-3.57130957933913
			13.060789318726	-3.56722808267703
			13.0648708153881	-3.56722808267703
			13.0689523120502	-3.56722808267703
			13.0730338087123	-3.56722808267703
			13.0771153053744	-3.56722808267703
			13.0771153053744	-3.56314658601493
			13.0811968020365	-3.56314658601493
			13.0852782986986	-3.56314658601493
			13.0893597953607	-3.56314658601493
			13.0934412920228	-3.56314658601493
			13.0975227886849	-3.55906508935283
			13.101604285347	-3.55906508935283
			13.1056857820091	-3.55906508935283
			13.1097672786712	-3.55906508935283
			13.1138487753333	-3.55498359269073
			13.1179302719954	-3.55498359269073
			13.1220117686575	-3.55498359269073
			13.1260932653196	-3.55498359269073
			13.1301747619817	-3.55090209602862
			13.1342562586438	-3.55090209602862
			13.1383377553059	-3.55090209602862
			13.142419251968	-3.55090209602862
			13.1465007486301	-3.54682059936652
			13.1505822452922	-3.54682059936652
			13.1546637419543	-3.54682059936652
			13.1587452386164	-3.54682059936652
			13.1628267352785	-3.54273910270442
			13.1669082319406	-3.54273910270442
			13.1709897286027	-3.54273910270442
			13.1750712252648	-3.53865760604232
			13.1791527219269	-3.53865760604232
			13.183234218589	-3.53865760604232
			13.1873157152511	-3.53865760604232
			13.1913972119132	-3.53457610938022
			13.1954787085753	-3.53457610938022
			13.1995602052374	-3.53457610938022
			13.2036417018995	-3.53457610938022
			13.2077231985616	-3.53049461271811
			13.2118046952237	-3.53049461271811
			13.2158861918858	-3.53049461271811
			13.2199676885479	-3.53049461271811
			13.22404918521	-3.52641311605601
			13.2281306818721	-3.52641311605601
			13.2322121785342	-3.52641311605601
			13.2362936751964	-3.52641311605601
			13.2403751718585	-3.52233161939391
			13.2444566685206	-3.52233161939391
			13.2485381651827	-3.52233161939391
			13.2526196618448	-3.52233161939391
			13.2567011585069	-3.51825012273181
			13.260782655169	-3.51825012273181
			13.2648641518311	-3.51825012273181
			13.2689456484932	-3.51825012273181
			13.2730271451553	-3.51416862606971
			13.2771086418174	-3.51416862606971
			13.2811901384795	-3.51416862606971
			13.2852716351416	-3.51416862606971
			13.2893531318037	-3.5100871294076
			13.2934346284658	-3.5100871294076
			13.2975161251279	-3.5100871294076
			13.30159762179	-3.5100871294076
			13.3056791184521	-3.5060056327455
			13.3097606151142	-3.5060056327455
			13.3138421117763	-3.5060056327455
			13.3179236084384	-3.5060056327455
			13.3179236084384	-3.5019241360834
			13.3220051051005	-3.5019241360834
			13.3260866017626	-3.5019241360834
			13.3301680984247	-3.5019241360834
			13.3342495950868	-3.4978426394213
			13.3383310917489	-3.4978426394213
			13.342412588411	-3.4978426394213
		</body_post>
		<opercle type=matrix rownames=FALSE colnames=FALSE nrow=223 ncol=2 as.numeric=TRUE >
			7.59974678483367	-4.84065504125281
			7.59974678483367	-4.83657354459071
			7.60382828149578	-4.83249204792861
			7.60382828149578	-4.82841055126651
			7.60790977815788	-4.82432905460441
			7.60790977815788	-4.8202475579423
			7.61199127481998	-4.8161660612802
			7.61199127481998	-4.8120845646181
			7.61607277148208	-4.808003067956
			7.61607277148208	-4.8039215712939
			7.61607277148208	-4.79984007463179
			7.62015426814418	-4.79575857796969
			7.62015426814418	-4.79167708130759
			7.62423576480629	-4.78759558464549
			7.62423576480629	-4.78351408798339
			7.62423576480629	-4.77943259132129
			7.62831726146839	-4.77535109465918
			7.62831726146839	-4.77126959799708
			7.62831726146839	-4.76718810133498
			7.63239875813049	-4.76310660467288
			7.63239875813049	-4.75902510801078
			7.63648025479259	-4.75494361134867
			7.63648025479259	-4.75086211468657
			7.63648025479259	-4.74678061802447
			7.64056175145469	-4.74269912136237
			7.64056175145469	-4.73861762470027
			7.64056175145469	-4.73453612803816
			7.64056175145469	-4.73045463137606
			7.64464324811679	-4.72637313471396
			7.64464324811679	-4.72229163805186
			7.64464324811679	-4.71821014138976
			7.6487247447789	-4.71412864472765
			7.6487247447789	-4.71004714806555
			7.6487247447789	-4.70596565140345
			7.652806241441	-4.70188415474135
			7.652806241441	-4.69780265807925
			7.652806241441	-4.69372116141715
			7.652806241441	-4.68963966475504
			7.6568877381031	-4.68555816809294
			7.6568877381031	-4.68147667143084
			7.6568877381031	-4.67739517476874
			7.6609692347652	-4.67331367810664
			7.6609692347652	-4.66923218144454
			7.6609692347652	-4.66515068478243
			7.6609692347652	-4.66106918812033
			7.6650507314273	-4.65698769145823
			7.6650507314273	-4.65290619479613
			7.6650507314273	-4.64882469813403
			7.6650507314273	-4.64474320147192
			7.6650507314273	-4.64066170480982
			7.66913222808941	-4.63658020814772
			7.66913222808941	-4.63249871148562
			7.66913222808941	-4.62841721482352
			7.66913222808941	-4.62433571816141
			7.66913222808941	-4.62025422149931
			7.66913222808941	-4.61617272483721
			7.67321372475151	-4.61617272483721
			7.67321372475151	-4.61209122817511
			7.67321372475151	-4.60800973151301
			7.67321372475151	-4.6039282348509
			7.67321372475151	-4.5998467381888
			7.67729522141361	-4.5957652415267
			7.67729522141361	-4.5916837448646
			7.67729522141361	-4.5876022482025
			7.67729522141361	-4.5835207515404
			7.67729522141361	-4.57943925487829
			7.67729522141361	-4.57535775821619
			7.67729522141361	-4.57127626155409
			7.67729522141361	-4.56719476489199
			7.68137671807571	-4.56719476489199
			7.68137671807571	-4.56311326822989
			7.68137671807571	-4.55903177156778
			7.68137671807571	-4.55495027490568
			7.68137671807571	-4.55086877824358
			7.68137671807571	-4.54678728158148
			7.68137671807571	-4.54270578491938
			7.68137671807571	-4.53862428825728
			7.68137671807571	-4.53454279159517
			7.68137671807571	-4.53046129493307
			7.68137671807571	-4.52637979827097
			7.68545821473781	-4.52229830160887
			7.68545821473781	-4.51821680494677
			7.68545821473781	-4.51413530828466
			7.68545821473781	-4.51005381162256
			7.68545821473781	-4.50597231496046
			7.68545821473781	-4.50189081829836
			7.68545821473781	-4.49780932163626
			7.68545821473781	-4.49372782497415
			7.68545821473781	-4.48964632831205
			7.68545821473781	-4.48556483164995
			7.68545821473781	-4.48148333498785
			7.68545821473781	-4.47740183832575
			7.68545821473781	-4.47332034166365
			7.68545821473781	-4.46923884500154
			7.68545821473781	-4.46515734833944
			7.68545821473781	-4.46107585167734
			7.68545821473781	-4.45699435501524
			7.68545821473781	-4.45291285835314
			7.68545821473781	-4.44883136169103
			7.68545821473781	-4.44474986502893
			7.68545821473781	-4.44066836836683
			7.68545821473781	-4.43658687170473
			7.68545821473781	-4.43250537504263
			7.68545821473781	-4.42842387838052
			7.68545821473781	-4.42434238171842
			7.68545821473781	-4.42026088505632
			7.68545821473781	-4.41617938839422
			7.68137671807571	-4.41617938839422
			7.68137671807571	-4.41209789173212
			7.68137671807571	-4.40801639507001
			7.68137671807571	-4.40393489840791
			7.68137671807571	-4.39985340174581
			7.68137671807571	-4.39577190508371
			7.68137671807571	-4.39169040842161
			7.68137671807571	-4.38760891175951
			7.68137671807571	-4.3835274150974
			7.68137671807571	-4.3794459184353
			7.67729522141361	-4.3753644217732
			7.67729522141361	-4.3712829251111
			7.67729522141361	-4.367201428449
			7.67729522141361	-4.36311993178689
			7.67729522141361	-4.35903843512479
			7.67729522141361	-4.35495693846269
			7.67729522141361	-4.35087544180059
			7.67321372475151	-4.34679394513849
			7.67321372475151	-4.34271244847639
			7.67321372475151	-4.33863095181428
			7.67321372475151	-4.33454945515218
			7.67321372475151	-4.33046795849008
			7.66913222808941	-4.32638646182798
			7.66913222808941	-4.32230496516588
			7.66913222808941	-4.31822346850377
			7.66913222808941	-4.31414197184167
			7.66913222808941	-4.31006047517957
			7.6650507314273	-4.30597897851747
			7.6650507314273	-4.30189748185537
			7.6650507314273	-4.29781598519326
			7.6650507314273	-4.29373448853116
			7.6609692347652	-4.29373448853116
			7.6609692347652	-4.28965299186906
			7.6609692347652	-4.28557149520696
			7.6609692347652	-4.28148999854486
			7.6568877381031	-4.27740850188276
			7.6568877381031	-4.27332700522065
			7.6568877381031	-4.26924550855855
			7.6568877381031	-4.26516401189645
			7.652806241441	-4.26108251523435
			7.652806241441	-4.25700101857225
			7.652806241441	-4.25291952191014
			7.6487247447789	-4.24883802524804
			7.6487247447789	-4.24475652858594
			7.6487247447789	-4.24067503192384
			7.64464324811679	-4.23659353526174
			7.64464324811679	-4.23251203859964
			7.64464324811679	-4.22843054193753
			7.64056175145469	-4.22434904527543
			7.64056175145469	-4.22026754861333
			7.64056175145469	-4.21618605195123
			7.63648025479259	-4.21618605195123
			7.63648025479259	-4.21210455528913
			7.63648025479259	-4.20802305862702
			7.63239875813049	-4.20394156196492
			7.63239875813049	-4.19986006530282
			7.63239875813049	-4.19577856864072
			7.62831726146839	-4.19169707197862
			7.62831726146839	-4.18761557531651
			7.62423576480629	-4.18353407865441
			7.62423576480629	-4.17945258199231
			7.62423576480629	-4.17537108533021
			7.62015426814418	-4.17128958866811
			7.62015426814418	-4.16720809200601
			7.61607277148208	-4.16720809200601
			7.61607277148208	-4.1631265953439
			7.61607277148208	-4.1590450986818
			7.61199127481998	-4.1549636020197
			7.61199127481998	-4.1508821053576
			7.60790977815788	-4.1468006086955
			7.60790977815788	-4.14271911203339
			7.60382828149578	-4.13863761537129
			7.60382828149578	-4.13455611870919
			7.59974678483367	-4.13047462204709
			7.59974678483367	-4.12639312538499
			7.59566528817157	-4.12231162872288
			7.59158379150947	-4.11823013206078
			7.59158379150947	-4.11414863539868
			7.59158379150947	-4.11006713873658
			7.58750229484737	-4.10598564207448
			7.58342079818527	-4.10190414541238
			7.58342079818527	-4.09782264875027
			7.57933930152316	-4.09374115208817
			7.57933930152316	-4.08965965542607
			7.57525780486106	-4.08557815876397
			7.57117630819896	-4.08149666210187
			7.57117630819896	-4.07741516543976
			7.56709481153686	-4.07333366877766
			7.56709481153686	-4.06925217211556
			7.56301331487476	-4.06517067545346
			7.55893181821266	-4.06108917879136
			7.55893181821266	-4.05700768212925
			7.55485032155055	-4.05292618546715
			7.55485032155055	-4.04884468880505
			7.55076882488845	-4.04476319214295
			7.54668732822635	-4.04068169548085
			7.54260583156425	-4.03660019881875
			7.53852433490215	-4.03251870215664
			7.53852433490215	-4.02843720549454
			7.53444283824004	-4.02435570883244
			7.53444283824004	-4.02027421217034
			7.53036134157794	-4.01619271550824
			7.52627984491584	-4.01211121884613
			7.52219834825374	-4.00802972218403
			7.52219834825374	-4.00394822552193
			7.51811685159164	-3.99986672885983
			7.51403535492954	-3.99578523219773
			7.50995385826743	-3.99170373553563
			7.50995385826743	-3.98762223887352
			7.50587236160533	-3.98354074221142
			7.50179086494323	-3.97945924554932
			7.49770936828113	-3.97537774888722
			7.49770936828113	-3.97129625222512
			7.49362787161903	-3.96721475556301
			7.48954637495692	-3.96313325890091
			7.48546487829482	-3.95905176223881
		</opercle>
	</curves.scaled>
	<ruler.points type=matrix rownames=TRUE colnames=FALSE nrow=2 ncol=2 as.numeric=TRUE >
		Ruler point 1	2532	2063
		Ruler point 2	2777	2065
	</ruler.points>
</shapes>

