<shapes type=list>
	<ruler.pixel type=vector names=FALSE length=1 as.numeric=TRUE >327.013761178333</ruler.pixel>
	<ruler.interval type=vector names=FALSE length=1 as.numeric=TRUE >1</ruler.interval>
	<scaling.units type=vector names=FALSE length=1 as.numeric=FALSE >cm</scaling.units>
	<scaling type=vector names=FALSE length=1 as.numeric=TRUE >0.00305797528641206</scaling>
	<image.name type=vector names=FALSE length=1 as.numeric=FALSE >TU202148_3_L.JPG</image.name>
	<landmarks.pixel type=matrix rownames=TRUE colnames=FALSE nrow=20 ncol=2 as.numeric=TRUE >
		snout_tip	1594	860
		dorsal_ant	2366	614
		dorsal_post	2618	664
		caud_upper	3341	655
		caud_lower	3379	848
		anal_post	3059	872
		anal_ant	2941	926
		pelv_1	2499	983
		pect_1	2028	968
		lower_operc	1979	967
		upper_operc	1936	756
		eye_center	1753	835
		eye_1_ant	1702	834
		eye_2	1708	801
		eye_3_dors	1749	779
		eye_4	1787	792
		eye_5_post	1805	831
		eye_6	1791	872
		eye_7_vent	1757	886
		eye_8	1714	868
	</landmarks.pixel>
	<landmarks.scaled type=matrix rownames=TRUE colnames=FALSE nrow=20 ncol=2 as.numeric=TRUE >
		snout_tip	4.87441260654083	-2.62985874631437
		dorsal_ant	7.23516952765094	-1.87759682585701
		dorsal_post	8.00577929982678	-2.03049559017761
		caud_upper	10.2166954319027	-2.0029738125999
		caud_lower	10.3328984927864	-2.59316304287743
		anal_post	9.3543464011345	-2.66655444975132
		anal_ant	8.99350531733788	-2.83168511521757
		pelv_1	7.64188024074375	-3.00598970654306
		pect_1	6.20157388084367	-2.96012007724688
		lower_operc	6.05173309180947	-2.95706210196047
		upper_operc	5.92024015449376	-2.31182931652752
		eye_center	5.36063067708035	-2.55340936415407
		eye_1_ant	5.20467393747333	-2.55035138886766
		eye_2	5.22302178919181	-2.44943820441606
		eye_3_dors	5.3483987759347	-2.382162748115
		eye_4	5.46460183681836	-2.42191642683835
		eye_5_post	5.51964539197377	-2.54117746300843
		eye_6	5.47683373796401	-2.66655444975132
		eye_7_vent	5.372862578226	-2.70936610376109
		eye_8	5.24136964091028	-2.65432254860567
	</landmarks.scaled>
	<curves.control type=list>
		<body_ant type=matrix rownames=FALSE colnames=FALSE nrow=7 ncol=2 as.numeric=TRUE >
			1594	860
			1699	715
			1984	664
			2124	634
			2183	634
			2292	616
			2366	614
		</body_ant>
		<body_post type=matrix rownames=FALSE colnames=FALSE nrow=5 ncol=2 as.numeric=TRUE >
			2618	664
			2855	710
			3157	699
			3281	674
			3341	655
		</body_post>
		<opercle type=matrix rownames=FALSE colnames=FALSE nrow=3 ncol=2 as.numeric=TRUE >
			1979	967
			2020	860
			1936	756
		</opercle>
	</curves.control>
	<curves.pixel type=list>
		<body_ant type=matrix rownames=FALSE colnames=FALSE nrow=794 ncol=2 as.numeric=TRUE >
			1594	860
			1595	859
			1596	858
			1596	857
			1597	856
			1598	855
			1599	854
			1599	853
			1600	852
			1601	851
			1602	850
			1603	849
			1603	848
			1604	847
			1605	846
			1606	845
			1607	844
			1608	843
			1608	842
			1609	841
			1610	840
			1611	839
			1612	838
			1613	837
			1614	836
			1614	835
			1615	834
			1616	833
			1617	832
			1618	831
			1619	830
			1620	829
			1621	828
			1622	827
			1622	826
			1623	825
			1624	824
			1625	823
			1626	822
			1627	821
			1628	820
			1629	819
			1630	818
			1631	817
			1632	816
			1633	815
			1634	815
			1635	814
			1636	813
			1637	812
			1638	811
			1639	810
			1640	809
			1641	808
			1642	807
			1643	806
			1644	805
			1645	804
			1646	804
			1647	803
			1648	802
			1649	801
			1650	800
			1651	799
			1652	798
			1653	797
			1654	796
			1655	795
			1656	795
			1657	794
			1658	793
			1659	792
			1660	791
			1661	791
			1661	790
			1662	790
			1663	789
			1664	788
			1665	787
			1666	787
			1667	786
			1668	785
			1669	785
			1669	784
			1670	784
			1671	783
			1672	782
			1673	782
			1674	781
			1675	780
			1676	779
			1677	779
			1678	778
			1679	777
			1680	776
			1681	776
			1682	775
			1683	774
			1684	774
			1685	773
			1686	772
			1687	771
			1688	771
			1689	770
			1690	770
			1690	769
			1691	769
			1692	769
			1692	768
			1693	768
			1694	767
			1695	767
			1696	766
			1697	765
			1698	764
			1699	764
			1700	763
			1701	762
			1702	762
			1703	761
			1704	761
			1705	760
			1706	760
			1707	759
			1708	758
			1709	758
			1710	757
			1711	757
			1712	756
			1713	756
			1714	755
			1715	754
			1716	754
			1717	753
			1718	753
			1719	752
			1720	752
			1720	751
			1721	750
			1722	750
			1723	749
			1724	749
			1725	748
			1726	748
			1727	747
			1728	747
			1729	746
			1730	746
			1731	745
			1732	745
			1733	744
			1734	743
			1735	743
			1736	743
			1737	742
			1738	742
			1739	741
			1740	741
			1741	740
			1742	740
			1743	739
			1744	738
			1745	738
			1746	737
			1747	737
			1748	736
			1749	736
			1750	735
			1751	735
			1752	735
			1753	734
			1754	733
			1755	733
			1756	733
			1757	732
			1758	732
			1759	731
			1760	731
			1761	730
			1762	730
			1763	729
			1764	729
			1765	728
			1766	728
			1767	728
			1768	727
			1769	727
			1770	726
			1771	726
			1772	725
			1773	725
			1774	724
			1775	724
			1776	724
			1777	723
			1778	723
			1779	722
			1780	722
			1781	721
			1782	721
			1783	721
			1784	720
			1785	720
			1786	719
			1787	719
			1788	718
			1789	718
			1790	718
			1791	717
			1792	717
			1793	716
			1794	716
			1795	716
			1796	715
			1797	715
			1798	715
			1798	714
			1799	714
			1800	714
			1801	713
			1802	713
			1803	712
			1804	712
			1805	712
			1806	712
			1807	711
			1808	711
			1809	710
			1810	710
			1811	710
			1812	709
			1813	709
			1814	709
			1815	708
			1816	708
			1817	707
			1818	707
			1819	707
			1819	706
			1820	706
			1821	706
			1822	706
			1823	705
			1824	705
			1825	705
			1825	704
			1826	704
			1827	704
			1828	703
			1829	703
			1830	703
			1831	702
			1832	702
			1833	702
			1834	701
			1835	701
			1836	701
			1837	700
			1838	700
			1839	700
			1840	699
			1841	699
			1842	699
			1843	698
			1844	698
			1845	698
			1846	697
			1847	697
			1848	697
			1849	697
			1849	696
			1850	696
			1851	696
			1852	696
			1853	695
			1854	695
			1855	695
			1856	694
			1857	694
			1858	694
			1859	693
			1860	693
			1861	693
			1862	693
			1863	692
			1864	692
			1865	692
			1866	691
			1867	691
			1868	691
			1869	690
			1870	690
			1871	690
			1872	690
			1873	689
			1874	689
			1875	689
			1876	688
			1877	688
			1878	688
			1879	688
			1880	687
			1881	687
			1882	687
			1883	687
			1884	686
			1885	686
			1886	686
			1887	686
			1888	685
			1889	685
			1890	685
			1891	684
			1892	684
			1893	684
			1894	684
			1895	683
			1896	683
			1897	683
			1898	683
			1899	682
			1900	682
			1901	682
			1902	682
			1903	681
			1904	681
			1905	681
			1906	681
			1907	680
			1908	680
			1909	680
			1910	680
			1911	679
			1912	679
			1913	679
			1914	679
			1915	678
			1916	678
			1917	678
			1918	678
			1919	677
			1920	677
			1921	677
			1922	677
			1923	677
			1924	676
			1925	676
			1926	676
			1927	676
			1928	675
			1929	675
			1930	675
			1931	675
			1932	674
			1933	674
			1934	674
			1935	674
			1936	673
			1937	673
			1938	673
			1939	673
			1940	673
			1941	672
			1942	672
			1943	672
			1944	672
			1945	672
			1946	671
			1947	671
			1948	671
			1949	671
			1950	671
			1951	670
			1952	670
			1953	670
			1954	670
			1955	670
			1955	669
			1956	669
			1957	669
			1958	669
			1959	669
			1960	669
			1961	668
			1962	668
			1963	668
			1964	668
			1965	668
			1966	667
			1967	667
			1968	667
			1969	667
			1970	667
			1971	666
			1972	666
			1973	666
			1974	666
			1975	666
			1976	665
			1977	665
			1978	665
			1979	665
			1980	665
			1981	665
			1982	664
			1983	664
			1984	664
			1985	664
			1986	663
			1987	663
			1988	663
			1989	663
			1990	663
			1991	662
			1992	662
			1993	662
			1994	662
			1995	662
			1996	661
			1997	661
			1998	661
			1999	661
			2000	661
			2001	660
			2002	660
			2003	660
			2004	660
			2005	660
			2006	659
			2007	659
			2008	659
			2009	659
			2010	659
			2011	658
			2012	658
			2013	658
			2014	658
			2015	657
			2016	657
			2017	657
			2018	657
			2019	657
			2020	656
			2021	656
			2022	656
			2023	656
			2024	656
			2025	655
			2026	655
			2027	655
			2028	655
			2029	655
			2030	655
			2031	654
			2032	654
			2033	654
			2034	654
			2035	654
			2035	653
			2036	653
			2037	653
			2038	653
			2039	653
			2040	653
			2041	652
			2042	652
			2043	652
			2044	652
			2045	652
			2046	652
			2046	651
			2047	651
			2048	651
			2049	651
			2050	651
			2051	651
			2052	650
			2053	650
			2054	650
			2055	650
			2056	649
			2057	649
			2058	649
			2059	649
			2060	649
			2061	649
			2062	649
			2062	648
			2063	648
			2064	648
			2065	648
			2066	648
			2067	648
			2068	647
			2069	647
			2070	647
			2071	647
			2072	647
			2073	647
			2074	646
			2075	646
			2076	646
			2077	646
			2078	646
			2079	645
			2080	645
			2081	645
			2082	645
			2083	645
			2084	645
			2085	644
			2086	644
			2087	644
			2088	644
			2089	644
			2090	644
			2091	643
			2092	643
			2093	643
			2094	643
			2095	643
			2096	643
			2097	643
			2098	642
			2099	642
			2100	642
			2101	642
			2102	642
			2103	642
			2104	641
			2105	641
			2106	641
			2107	641
			2108	641
			2109	641
			2110	641
			2111	640
			2112	640
			2113	640
			2114	640
			2115	640
			2116	640
			2117	640
			2118	639
			2119	639
			2120	639
			2121	639
			2122	639
			2123	639
			2124	639
			2125	639
			2125	638
			2126	638
			2127	638
			2128	638
			2129	638
			2130	638
			2131	638
			2132	638
			2133	638
			2134	637
			2135	637
			2136	637
			2137	637
			2138	637
			2139	637
			2140	637
			2141	637
			2142	636
			2143	636
			2144	636
			2145	636
			2146	636
			2147	636
			2148	636
			2149	636
			2150	636
			2151	636
			2152	636
			2153	635
			2154	635
			2155	635
			2156	635
			2157	635
			2158	635
			2159	635
			2160	635
			2161	635
			2162	635
			2163	635
			2164	635
			2165	635
			2166	635
			2167	634
			2168	634
			2169	634
			2170	634
			2171	634
			2172	634
			2173	634
			2174	634
			2175	634
			2176	634
			2177	634
			2178	634
			2179	634
			2180	634
			2181	634
			2182	634
			2183	634
			2184	634
			2185	634
			2186	633
			2187	633
			2188	633
			2189	633
			2190	633
			2191	633
			2192	633
			2192	632
			2193	632
			2194	632
			2195	632
			2196	632
			2197	632
			2198	632
			2199	631
			2200	631
			2201	631
			2202	631
			2203	631
			2204	631
			2205	630
			2206	630
			2207	630
			2208	630
			2209	630
			2210	630
			2211	630
			2212	629
			2213	629
			2214	629
			2215	629
			2216	629
			2217	629
			2218	629
			2219	628
			2220	628
			2221	628
			2222	628
			2223	628
			2224	628
			2225	627
			2226	627
			2227	627
			2228	627
			2229	627
			2230	627
			2231	627
			2232	626
			2233	626
			2234	626
			2235	626
			2236	626
			2237	626
			2238	626
			2239	626
			2240	625
			2241	625
			2242	625
			2243	625
			2244	625
			2245	625
			2246	624
			2247	624
			2248	624
			2249	624
			2250	624
			2251	624
			2252	624
			2253	624
			2254	624
			2255	623
			2256	623
			2257	623
			2258	623
			2259	623
			2260	623
			2261	623
			2262	622
			2263	622
			2264	622
			2265	622
			2266	622
			2267	622
			2268	622
			2269	622
			2270	622
			2271	621
			2272	621
			2273	621
			2274	621
			2275	621
			2276	621
			2277	621
			2278	621
			2279	620
			2280	620
			2281	620
			2282	620
			2283	620
			2284	620
			2285	620
			2286	620
			2287	620
			2288	620
			2289	619
			2290	619
			2291	619
			2292	619
			2293	619
			2294	619
			2295	619
			2296	619
			2297	619
			2298	618
			2299	618
			2300	618
			2301	618
			2302	618
			2303	618
			2304	618
			2305	618
			2306	618
			2307	618
			2308	618
			2309	617
			2310	617
			2311	617
			2312	617
			2313	617
			2314	617
			2315	617
			2316	617
			2317	617
			2318	617
			2319	617
			2320	617
			2321	616
			2322	616
			2323	616
			2324	616
			2325	616
			2326	616
			2327	616
			2328	616
			2329	616
			2330	616
			2331	616
			2332	616
			2333	616
			2334	616
			2335	615
			2336	615
			2337	615
			2338	615
			2339	615
			2340	615
			2341	615
			2342	615
			2343	615
			2344	615
			2345	615
			2346	615
			2347	615
			2348	615
			2349	615
			2350	615
			2351	615
			2352	614
			2353	614
			2354	614
			2355	614
			2356	614
			2357	614
			2358	614
			2359	614
			2360	614
			2361	614
			2362	614
			2363	614
			2364	614
			2365	614
			2366	614
		</body_ant>
		<body_post type=matrix rownames=FALSE colnames=FALSE nrow=728 ncol=2 as.numeric=TRUE >
			2618	664
			2619	664
			2620	664
			2621	665
			2622	665
			2623	665
			2624	665
			2625	665
			2626	666
			2627	666
			2628	666
			2629	666
			2630	666
			2631	666
			2632	667
			2633	667
			2634	667
			2635	667
			2636	667
			2637	668
			2638	668
			2639	668
			2640	668
			2641	668
			2642	669
			2643	669
			2644	669
			2645	669
			2646	669
			2647	669
			2648	670
			2649	670
			2650	670
			2651	670
			2652	670
			2653	670
			2654	671
			2655	671
			2656	671
			2657	671
			2658	671
			2659	671
			2660	672
			2661	672
			2662	672
			2663	672
			2664	672
			2665	672
			2666	673
			2667	673
			2668	673
			2669	673
			2670	673
			2671	673
			2672	674
			2673	674
			2674	674
			2675	674
			2676	674
			2677	674
			2678	675
			2679	675
			2680	675
			2681	675
			2682	675
			2683	675
			2684	676
			2685	676
			2686	676
			2687	676
			2688	676
			2689	676
			2690	676
			2691	677
			2692	677
			2693	677
			2694	677
			2695	677
			2696	677
			2697	677
			2698	678
			2699	678
			2700	678
			2701	678
			2702	678
			2703	678
			2704	679
			2705	679
			2706	679
			2707	679
			2708	679
			2709	679
			2710	679
			2711	680
			2712	680
			2713	680
			2714	680
			2715	680
			2716	680
			2717	680
			2718	681
			2719	681
			2720	681
			2721	681
			2722	681
			2723	681
			2724	681
			2725	681
			2726	682
			2727	682
			2728	682
			2729	682
			2730	682
			2731	682
			2732	682
			2733	682
			2734	683
			2735	683
			2736	683
			2737	683
			2738	683
			2739	683
			2740	683
			2741	684
			2742	684
			2743	684
			2744	684
			2745	684
			2746	684
			2747	684
			2748	684
			2749	684
			2750	685
			2751	685
			2752	685
			2753	685
			2754	685
			2755	685
			2756	685
			2757	685
			2758	686
			2759	686
			2760	686
			2761	686
			2762	686
			2763	686
			2764	686
			2765	686
			2766	686
			2767	687
			2768	687
			2769	687
			2770	687
			2771	687
			2772	687
			2773	687
			2774	687
			2775	687
			2776	688
			2777	688
			2778	688
			2779	688
			2780	688
			2781	688
			2782	688
			2783	688
			2784	688
			2785	689
			2786	689
			2787	689
			2788	689
			2789	689
			2790	689
			2791	689
			2792	689
			2793	689
			2794	689
			2795	690
			2796	690
			2797	690
			2798	690
			2799	690
			2800	690
			2801	690
			2802	690
			2803	690
			2804	690
			2805	690
			2806	691
			2807	691
			2808	691
			2809	691
			2810	691
			2811	691
			2812	691
			2813	691
			2814	691
			2815	691
			2816	691
			2817	692
			2818	692
			2819	692
			2820	692
			2821	692
			2822	692
			2823	692
			2824	692
			2825	692
			2826	692
			2827	692
			2828	693
			2829	693
			2830	693
			2831	693
			2832	693
			2833	693
			2834	693
			2835	693
			2836	693
			2837	693
			2838	693
			2839	693
			2840	693
			2841	694
			2842	694
			2843	694
			2844	694
			2845	694
			2846	694
			2847	694
			2848	694
			2849	694
			2850	694
			2851	694
			2852	694
			2853	694
			2854	695
			2855	695
			2856	695
			2857	695
			2858	695
			2859	695
			2860	695
			2861	695
			2862	695
			2863	695
			2864	695
			2865	695
			2866	695
			2867	695
			2868	696
			2869	696
			2870	696
			2871	696
			2872	696
			2873	696
			2874	696
			2875	696
			2876	696
			2877	696
			2878	696
			2879	696
			2880	696
			2881	696
			2882	696
			2883	697
			2884	697
			2885	697
			2886	697
			2887	697
			2888	697
			2889	697
			2890	697
			2891	697
			2892	697
			2893	697
			2894	697
			2895	697
			2896	697
			2897	697
			2898	697
			2899	697
			2900	697
			2901	698
			2902	698
			2903	698
			2904	698
			2905	698
			2906	698
			2907	698
			2908	698
			2909	698
			2910	698
			2911	698
			2912	698
			2913	698
			2914	698
			2915	698
			2916	698
			2917	698
			2918	698
			2919	698
			2920	698
			2921	698
			2922	699
			2923	699
			2924	699
			2925	699
			2926	699
			2927	699
			2928	699
			2929	699
			2930	699
			2931	699
			2932	699
			2933	699
			2934	699
			2935	699
			2936	699
			2937	699
			2938	699
			2939	699
			2940	699
			2941	699
			2942	699
			2943	699
			2944	699
			2945	699
			2946	699
			2947	699
			2948	700
			2949	700
			2950	700
			2951	700
			2952	700
			2953	700
			2954	700
			2955	700
			2956	700
			2957	700
			2958	700
			2959	700
			2960	700
			2961	700
			2962	700
			2963	700
			2964	700
			2965	700
			2966	700
			2967	700
			2968	700
			2969	700
			2970	700
			2971	700
			2972	700
			2973	700
			2974	700
			2975	700
			2976	700
			2977	700
			2978	700
			2979	700
			2980	700
			2981	700
			2982	700
			2983	700
			2984	701
			2985	701
			2986	701
			2987	701
			2988	701
			2989	701
			2990	701
			2991	701
			2992	701
			2993	701
			2994	701
			2995	701
			2996	701
			2997	701
			2998	701
			2999	701
			3000	701
			3001	701
			3002	701
			3003	701
			3004	701
			3005	701
			3006	701
			3007	701
			3008	701
			3009	701
			3010	701
			3011	701
			3012	701
			3013	701
			3014	701
			3015	701
			3016	701
			3017	701
			3018	701
			3019	701
			3020	701
			3021	701
			3022	701
			3023	701
			3024	701
			3025	701
			3026	701
			3027	701
			3028	701
			3029	701
			3030	701
			3031	701
			3032	701
			3033	701
			3034	701
			3035	701
			3036	701
			3037	701
			3038	701
			3039	701
			3040	701
			3041	701
			3042	701
			3043	701
			3044	701
			3045	701
			3046	701
			3047	701
			3048	701
			3049	701
			3050	701
			3051	701
			3052	701
			3053	701
			3054	701
			3055	701
			3056	701
			3057	701
			3058	701
			3059	701
			3060	701
			3061	701
			3062	701
			3063	701
			3064	701
			3065	701
			3066	701
			3067	701
			3068	701
			3069	701
			3070	701
			3071	701
			3072	701
			3073	701
			3074	701
			3075	701
			3076	701
			3077	701
			3078	701
			3079	701
			3080	701
			3081	701
			3082	701
			3083	701
			3084	701
			3085	701
			3086	701
			3087	701
			3088	701
			3089	701
			3090	701
			3091	701
			3092	701
			3093	701
			3094	701
			3095	701
			3096	701
			3097	701
			3098	701
			3099	701
			3100	701
			3101	701
			3102	701
			3103	701
			3104	701
			3105	700
			3106	700
			3107	700
			3108	700
			3109	700
			3110	700
			3111	700
			3112	700
			3113	700
			3114	700
			3115	700
			3116	700
			3117	700
			3118	700
			3119	700
			3120	700
			3121	700
			3122	700
			3123	700
			3124	700
			3125	700
			3126	700
			3127	700
			3128	700
			3129	700
			3130	700
			3131	700
			3132	700
			3133	700
			3134	700
			3135	700
			3136	700
			3137	700
			3138	700
			3139	700
			3140	700
			3141	700
			3142	700
			3143	699
			3144	699
			3145	699
			3146	699
			3147	699
			3148	699
			3149	699
			3150	699
			3151	699
			3152	699
			3153	699
			3154	699
			3155	699
			3156	699
			3157	699
			3158	699
			3159	699
			3160	698
			3161	698
			3162	698
			3163	698
			3164	698
			3165	697
			3166	697
			3167	697
			3168	697
			3169	697
			3170	696
			3171	696
			3172	696
			3173	696
			3174	696
			3175	695
			3176	695
			3177	695
			3178	695
			3179	695
			3179	694
			3180	694
			3181	694
			3182	694
			3183	694
			3184	693
			3185	693
			3186	693
			3187	693
			3188	693
			3189	692
			3190	692
			3191	692
			3192	692
			3193	692
			3194	691
			3195	691
			3196	691
			3197	691
			3198	691
			3199	690
			3200	690
			3201	690
			3202	690
			3203	690
			3204	689
			3205	689
			3206	689
			3207	689
			3208	688
			3209	688
			3210	688
			3211	688
			3212	687
			3213	687
			3214	687
			3215	687
			3216	687
			3217	686
			3218	686
			3219	686
			3220	686
			3221	686
			3222	685
			3223	685
			3224	685
			3225	685
			3226	685
			3226	684
			3227	684
			3228	684
			3229	684
			3230	684
			3231	683
			3232	683
			3233	683
			3234	683
			3235	683
			3236	682
			3237	682
			3238	682
			3239	681
			3240	681
			3241	681
			3242	681
			3243	681
			3244	680
			3245	680
			3246	680
			3247	680
			3248	680
			3248	679
			3249	679
			3250	679
			3251	679
			3252	679
			3253	678
			3254	678
			3255	678
			3256	678
			3257	677
			3258	677
			3259	677
			3260	677
			3261	676
			3262	676
			3263	676
			3264	676
			3265	675
			3266	675
			3267	675
			3268	675
			3269	674
			3270	674
			3271	674
			3272	674
			3273	673
			3274	673
			3275	673
			3276	673
			3277	673
			3278	672
			3279	672
			3280	672
			3281	672
			3282	671
			3283	671
			3284	671
			3285	671
			3286	670
			3287	670
			3288	670
			3289	669
			3290	669
			3291	669
			3292	669
			3293	668
			3294	668
			3295	668
			3296	668
			3297	667
			3298	667
			3299	667
			3300	667
			3301	667
			3302	666
			3303	666
			3304	666
			3305	665
			3306	665
			3307	665
			3308	665
			3309	664
			3310	664
			3311	664
			3312	664
			3313	663
			3314	663
			3315	663
			3316	662
			3317	662
			3318	662
			3319	662
			3320	661
			3321	661
			3322	661
			3323	660
			3324	660
			3325	660
			3326	660
			3327	659
			3328	659
			3329	659
			3330	658
			3331	658
			3332	658
			3333	658
			3333	657
			3334	657
			3335	657
			3336	657
			3337	656
			3338	656
			3339	656
			3340	655
			3341	655
		</body_post>
		<opercle type=matrix rownames=FALSE colnames=FALSE nrow=212 ncol=2 as.numeric=TRUE >
			1979	967
			1979	966
			1980	965
			1980	964
			1980	963
			1981	962
			1981	961
			1981	960
			1982	959
			1982	958
			1983	957
			1983	956
			1983	955
			1984	954
			1984	953
			1984	952
			1985	951
			1985	950
			1985	949
			1985	948
			1986	947
			1986	946
			1986	945
			1986	944
			1987	943
			1987	942
			1987	941
			1987	940
			1988	939
			1988	938
			1988	937
			1988	936
			1988	935
			1989	934
			1989	933
			1989	932
			1989	931
			1989	930
			1990	929
			1990	928
			1990	927
			1990	926
			1990	925
			1990	924
			1991	923
			1991	922
			1991	921
			1991	920
			1991	919
			1991	918
			1991	917
			1991	916
			1992	915
			1992	914
			1992	913
			1992	912
			1992	911
			1992	910
			1992	909
			1992	908
			1992	907
			1992	906
			1992	905
			1992	904
			1992	903
			1992	902
			1992	901
			1992	900
			1992	899
			1992	898
			1992	897
			1992	896
			1992	895
			1992	894
			1992	893
			1992	892
			1992	891
			1992	890
			1992	889
			1992	888
			1992	887
			1992	886
			1992	885
			1992	884
			1992	883
			1992	882
			1992	881
			1992	880
			1991	879
			1991	878
			1991	877
			1991	876
			1991	875
			1991	874
			1991	873
			1991	872
			1990	871
			1990	870
			1990	869
			1990	868
			1990	867
			1990	866
			1989	865
			1989	864
			1989	863
			1989	862
			1989	861
			1988	860
			1988	859
			1988	858
			1988	857
			1988	856
			1987	855
			1987	854
			1987	853
			1987	852
			1986	851
			1986	850
			1986	849
			1986	848
			1985	847
			1985	846
			1985	845
			1984	844
			1984	843
			1984	842
			1983	841
			1983	840
			1983	839
			1982	838
			1982	837
			1982	836
			1981	835
			1981	834
			1981	833
			1980	832
			1980	831
			1980	830
			1979	829
			1979	828
			1978	827
			1978	826
			1978	825
			1977	824
			1977	823
			1976	822
			1976	821
			1976	820
			1975	819
			1975	818
			1974	817
			1974	816
			1973	815
			1973	814
			1972	813
			1972	812
			1971	811
			1971	810
			1970	809
			1970	808
			1969	807
			1969	806
			1968	805
			1968	804
			1967	803
			1967	802
			1966	801
			1966	800
			1965	799
			1965	798
			1964	797
			1963	796
			1963	795
			1962	794
			1962	793
			1961	792
			1961	791
			1960	790
			1959	789
			1959	788
			1958	787
			1957	786
			1957	785
			1956	784
			1956	783
			1955	782
			1954	781
			1954	780
			1953	779
			1952	778
			1952	777
			1951	776
			1950	775
			1950	774
			1949	773
			1948	772
			1947	771
			1947	770
			1946	769
			1945	768
			1945	767
			1944	766
			1943	765
			1942	764
			1942	763
			1941	762
			1940	761
			1939	760
			1938	759
			1938	758
			1937	757
			1936	756
		</opercle>
	</curves.pixel>
	<curves.scaled type=list>
		<body_ant type=matrix rownames=FALSE colnames=FALSE nrow=794 ncol=2 as.numeric=TRUE >
			4.87441260654083	-2.62985874631437
			4.87747058182724	-2.62680077102796
			4.88052855711365	-2.62374279574155
			4.88052855711365	-2.62068482045514
			4.88358653240007	-2.61762684516873
			4.88664450768648	-2.61456886988231
			4.88970248297289	-2.6115108945959
			4.88970248297289	-2.60845291930949
			4.8927604582593	-2.60539494402308
			4.89581843354571	-2.60233696873667
			4.89887640883213	-2.59927899345025
			4.90193438411854	-2.59622101816384
			4.90193438411854	-2.59316304287743
			4.90499235940495	-2.59010506759102
			4.90805033469136	-2.58704709230461
			4.91110830997777	-2.58398911701819
			4.91416628526419	-2.58093114173178
			4.9172242605506	-2.57787316644537
			4.9172242605506	-2.57481519115896
			4.92028223583701	-2.57175721587255
			4.92334021112342	-2.56869924058613
			4.92639818640983	-2.56564126529972
			4.92945616169625	-2.56258329001331
			4.93251413698266	-2.5595253147269
			4.93557211226907	-2.55646733944049
			4.93557211226907	-2.55340936415407
			4.93863008755548	-2.55035138886766
			4.9416880628419	-2.54729341358125
			4.94474603812831	-2.54423543829484
			4.94780401341472	-2.54117746300843
			4.95086198870113	-2.53811948772201
			4.95391996398754	-2.5350615124356
			4.95697793927396	-2.53200353714919
			4.96003591456037	-2.52894556186278
			4.96003591456037	-2.52588758657636
			4.96309388984678	-2.52282961128995
			4.96615186513319	-2.51977163600354
			4.9692098404196	-2.51671366071713
			4.97226781570602	-2.51365568543072
			4.97532579099243	-2.5105977101443
			4.97838376627884	-2.50753973485789
			4.98144174156525	-2.50448175957148
			4.98449971685166	-2.50142378428507
			4.98755769213808	-2.49836580899866
			4.99061566742449	-2.49530783371224
			4.9936736427109	-2.49224985842583
			4.99673161799731	-2.49224985842583
			4.99978959328372	-2.48919188313942
			5.00284756857014	-2.48613390785301
			5.00590554385655	-2.4830759325666
			5.00896351914296	-2.48001795728018
			5.01202149442937	-2.47695998199377
			5.01507946971578	-2.47390200670736
			5.0181374450022	-2.47084403142095
			5.02119542028861	-2.46778605613454
			5.02425339557502	-2.46472808084812
			5.02731137086143	-2.46167010556171
			5.03036934614784	-2.4586121302753
			5.03342732143426	-2.4586121302753
			5.03648529672067	-2.45555415498889
			5.03954327200708	-2.45249617970248
			5.04260124729349	-2.44943820441606
			5.04565922257991	-2.44638022912965
			5.04871719786632	-2.44332225384324
			5.05177517315273	-2.44026427855683
			5.05483314843914	-2.43720630327041
			5.05789112372555	-2.434148327984
			5.06094909901197	-2.43109035269759
			5.06400707429838	-2.43109035269759
			5.06706504958479	-2.42803237741118
			5.0701230248712	-2.42497440212477
			5.07318100015761	-2.42191642683835
			5.07623897544403	-2.41885845155194
			5.07929695073044	-2.41885845155194
			5.07929695073044	-2.41580047626553
			5.08235492601685	-2.41580047626553
			5.08541290130326	-2.41274250097912
			5.08847087658967	-2.40968452569271
			5.09152885187609	-2.40662655040629
			5.0945868271625	-2.40662655040629
			5.09764480244891	-2.40356857511988
			5.10070277773532	-2.40051059983347
			5.10376075302174	-2.40051059983347
			5.10376075302174	-2.39745262454706
			5.10681872830815	-2.39745262454706
			5.10987670359456	-2.39439464926065
			5.11293467888097	-2.39133667397423
			5.11599265416738	-2.39133667397423
			5.11905062945379	-2.38827869868782
			5.12210860474021	-2.38522072340141
			5.12516658002662	-2.382162748115
			5.12822455531303	-2.382162748115
			5.13128253059944	-2.37910477282859
			5.13434050588585	-2.37604679754217
			5.13739848117227	-2.37298882225576
			5.14045645645868	-2.37298882225576
			5.14351443174509	-2.36993084696935
			5.1465724070315	-2.36687287168294
			5.14963038231792	-2.36687287168294
			5.15268835760433	-2.36381489639653
			5.15574633289074	-2.36075692111011
			5.15880430817715	-2.3576989458237
			5.16186228346356	-2.3576989458237
			5.16492025874998	-2.35464097053729
			5.16797823403639	-2.35464097053729
			5.16797823403639	-2.35158299525088
			5.1710362093228	-2.35158299525088
			5.17409418460921	-2.35158299525088
			5.17409418460921	-2.34852501996447
			5.17715215989562	-2.34852501996447
			5.18021013518204	-2.34546704467805
			5.18326811046845	-2.34546704467805
			5.18632608575486	-2.34240906939164
			5.18938406104127	-2.33935109410523
			5.19244203632768	-2.33629311881882
			5.1955000116141	-2.33629311881882
			5.19855798690051	-2.3332351435324
			5.20161596218692	-2.33017716824599
			5.20467393747333	-2.33017716824599
			5.20773191275975	-2.32711919295958
			5.21078988804616	-2.32711919295958
			5.21384786333257	-2.32406121767317
			5.21690583861898	-2.32406121767317
			5.21996381390539	-2.32100324238676
			5.22302178919181	-2.31794526710034
			5.22607976447822	-2.31794526710034
			5.22913773976463	-2.31488729181393
			5.23219571505104	-2.31488729181393
			5.23525369033745	-2.31182931652752
			5.23831166562387	-2.31182931652752
			5.24136964091028	-2.30877134124111
			5.24442761619669	-2.3057133659547
			5.2474855914831	-2.3057133659547
			5.25054356676951	-2.30265539066828
			5.25360154205593	-2.30265539066828
			5.25665951734234	-2.29959741538187
			5.25971749262875	-2.29959741538187
			5.25971749262875	-2.29653944009546
			5.26277546791516	-2.29348146480905
			5.26583344320157	-2.29348146480905
			5.26889141848799	-2.29042348952264
			5.2719493937744	-2.29042348952264
			5.27500736906081	-2.28736551423622
			5.27806534434722	-2.28736551423622
			5.28112331963363	-2.28430753894981
			5.28418129492005	-2.28430753894981
			5.28723927020646	-2.2812495636634
			5.29029724549287	-2.2812495636634
			5.29335522077928	-2.27819158837699
			5.29641319606569	-2.27819158837699
			5.29947117135211	-2.27513361309058
			5.30252914663852	-2.27207563780416
			5.30558712192493	-2.27207563780416
			5.30864509721134	-2.27207563780416
			5.31170307249775	-2.26901766251775
			5.31476104778417	-2.26901766251775
			5.31781902307058	-2.26595968723134
			5.32087699835699	-2.26595968723134
			5.3239349736434	-2.26290171194493
			5.32699294892982	-2.26290171194493
			5.33005092421623	-2.25984373665852
			5.33310889950264	-2.2567857613721
			5.33616687478905	-2.2567857613721
			5.33922485007546	-2.25372778608569
			5.34228282536188	-2.25372778608569
			5.34534080064829	-2.25066981079928
			5.3483987759347	-2.25066981079928
			5.35145675122111	-2.24761183551287
			5.35451472650752	-2.24761183551287
			5.35757270179394	-2.24761183551287
			5.36063067708035	-2.24455386022645
			5.36368865236676	-2.24149588494004
			5.36674662765317	-2.24149588494004
			5.36980460293958	-2.24149588494004
			5.372862578226	-2.23843790965363
			5.37592055351241	-2.23843790965363
			5.37897852879882	-2.23537993436722
			5.38203650408523	-2.23537993436722
			5.38509447937164	-2.23232195908081
			5.38815245465806	-2.23232195908081
			5.39121042994447	-2.22926398379439
			5.39426840523088	-2.22926398379439
			5.39732638051729	-2.22620600850798
			5.4003843558037	-2.22620600850798
			5.40344233109012	-2.22620600850798
			5.40650030637653	-2.22314803322157
			5.40955828166294	-2.22314803322157
			5.41261625694935	-2.22009005793516
			5.41567423223576	-2.22009005793516
			5.41873220752218	-2.21703208264875
			5.42179018280859	-2.21703208264875
			5.424848158095	-2.21397410736233
			5.42790613338141	-2.21397410736233
			5.43096410866783	-2.21397410736233
			5.43402208395424	-2.21091613207592
			5.43708005924065	-2.21091613207592
			5.44013803452706	-2.20785815678951
			5.44319600981347	-2.20785815678951
			5.44625398509989	-2.2048001815031
			5.4493119603863	-2.2048001815031
			5.45236993567271	-2.2048001815031
			5.45542791095912	-2.20174220621669
			5.45848588624553	-2.20174220621669
			5.46154386153195	-2.19868423093027
			5.46460183681836	-2.19868423093027
			5.46765981210477	-2.19562625564386
			5.47071778739118	-2.19562625564386
			5.47377576267759	-2.19562625564386
			5.47683373796401	-2.19256828035745
			5.47989171325042	-2.19256828035745
			5.48294968853683	-2.18951030507104
			5.48600766382324	-2.18951030507104
			5.48906563910966	-2.18951030507104
			5.49212361439607	-2.18645232978463
			5.49518158968248	-2.18645232978463
			5.49823956496889	-2.18645232978463
			5.49823956496889	-2.18339435449821
			5.5012975402553	-2.18339435449821
			5.50435551554171	-2.18339435449821
			5.50741349082813	-2.1803363792118
			5.51047146611454	-2.1803363792118
			5.51352944140095	-2.17727840392539
			5.51658741668736	-2.17727840392539
			5.51964539197377	-2.17727840392539
			5.52270336726019	-2.17727840392539
			5.5257613425466	-2.17422042863898
			5.52881931783301	-2.17422042863898
			5.53187729311942	-2.17116245335257
			5.53493526840584	-2.17116245335257
			5.53799324369225	-2.17116245335257
			5.54105121897866	-2.16810447806615
			5.54410919426507	-2.16810447806615
			5.54716716955148	-2.16810447806615
			5.5502251448379	-2.16504650277974
			5.55328312012431	-2.16504650277974
			5.55634109541072	-2.16198852749333
			5.55939907069713	-2.16198852749333
			5.56245704598354	-2.16198852749333
			5.56245704598354	-2.15893055220692
			5.56551502126996	-2.15893055220692
			5.56857299655637	-2.15893055220692
			5.57163097184278	-2.15893055220692
			5.57468894712919	-2.15587257692051
			5.5777469224156	-2.15587257692051
			5.58080489770202	-2.15587257692051
			5.58080489770202	-2.15281460163409
			5.58386287298843	-2.15281460163409
			5.58692084827484	-2.15281460163409
			5.58997882356125	-2.14975662634768
			5.59303679884767	-2.14975662634768
			5.59609477413408	-2.14975662634768
			5.59915274942049	-2.14669865106127
			5.6022107247069	-2.14669865106127
			5.60526869999331	-2.14669865106127
			5.60832667527973	-2.14364067577486
			5.61138465056614	-2.14364067577486
			5.61444262585255	-2.14364067577486
			5.61750060113896	-2.14058270048844
			5.62055857642537	-2.14058270048844
			5.62361655171179	-2.14058270048844
			5.6266745269982	-2.13752472520203
			5.62973250228461	-2.13752472520203
			5.63279047757102	-2.13752472520203
			5.63584845285743	-2.13446674991562
			5.63890642814385	-2.13446674991562
			5.64196440343026	-2.13446674991562
			5.64502237871667	-2.13140877462921
			5.64808035400308	-2.13140877462921
			5.65113832928949	-2.13140877462921
			5.65419630457591	-2.13140877462921
			5.65419630457591	-2.1283507993428
			5.65725427986232	-2.1283507993428
			5.66031225514873	-2.1283507993428
			5.66337023043514	-2.1283507993428
			5.66642820572155	-2.12529282405638
			5.66948618100797	-2.12529282405638
			5.67254415629438	-2.12529282405638
			5.67560213158079	-2.12223484876997
			5.6786601068672	-2.12223484876997
			5.68171808215361	-2.12223484876997
			5.68477605744003	-2.11917687348356
			5.68783403272644	-2.11917687348356
			5.69089200801285	-2.11917687348356
			5.69394998329926	-2.11917687348356
			5.69700795858567	-2.11611889819715
			5.70006593387209	-2.11611889819715
			5.7031239091585	-2.11611889819715
			5.70618188444491	-2.11306092291074
			5.70923985973132	-2.11306092291074
			5.71229783501774	-2.11306092291074
			5.71535581030415	-2.11000294762432
			5.71841378559056	-2.11000294762432
			5.72147176087697	-2.11000294762432
			5.72452973616338	-2.11000294762432
			5.7275877114498	-2.10694497233791
			5.73064568673621	-2.10694497233791
			5.73370366202262	-2.10694497233791
			5.73676163730903	-2.1038869970515
			5.73981961259544	-2.1038869970515
			5.74287758788186	-2.1038869970515
			5.74593556316827	-2.1038869970515
			5.74899353845468	-2.10082902176509
			5.75205151374109	-2.10082902176509
			5.7551094890275	-2.10082902176509
			5.75816746431392	-2.10082902176509
			5.76122543960033	-2.09777104647868
			5.76428341488674	-2.09777104647868
			5.76734139017315	-2.09777104647868
			5.77039936545956	-2.09777104647868
			5.77345734074598	-2.09471307119226
			5.77651531603239	-2.09471307119226
			5.7795732913188	-2.09471307119226
			5.78263126660521	-2.09165509590585
			5.78568924189162	-2.09165509590585
			5.78874721717804	-2.09165509590585
			5.79180519246445	-2.09165509590585
			5.79486316775086	-2.08859712061944
			5.79792114303727	-2.08859712061944
			5.80097911832368	-2.08859712061944
			5.8040370936101	-2.08859712061944
			5.80709506889651	-2.08553914533303
			5.81015304418292	-2.08553914533303
			5.81321101946933	-2.08553914533303
			5.81626899475575	-2.08553914533303
			5.81932697004216	-2.08248117004662
			5.82238494532857	-2.08248117004662
			5.82544292061498	-2.08248117004662
			5.82850089590139	-2.08248117004662
			5.83155887118781	-2.0794231947602
			5.83461684647422	-2.0794231947602
			5.83767482176063	-2.0794231947602
			5.84073279704704	-2.0794231947602
			5.84379077233345	-2.07636521947379
			5.84684874761987	-2.07636521947379
			5.84990672290628	-2.07636521947379
			5.85296469819269	-2.07636521947379
			5.8560226734791	-2.07330724418738
			5.85908064876551	-2.07330724418738
			5.86213862405193	-2.07330724418738
			5.86519659933834	-2.07330724418738
			5.86825457462475	-2.07024926890097
			5.87131254991116	-2.07024926890097
			5.87437052519758	-2.07024926890097
			5.87742850048399	-2.07024926890097
			5.8804864757704	-2.07024926890097
			5.88354445105681	-2.06719129361456
			5.88660242634322	-2.06719129361456
			5.88966040162964	-2.06719129361456
			5.89271837691605	-2.06719129361456
			5.89577635220246	-2.06413331832814
			5.89883432748887	-2.06413331832814
			5.90189230277528	-2.06413331832814
			5.90495027806169	-2.06413331832814
			5.90800825334811	-2.06107534304173
			5.91106622863452	-2.06107534304173
			5.91412420392093	-2.06107534304173
			5.91718217920734	-2.06107534304173
			5.92024015449376	-2.05801736775532
			5.92329812978017	-2.05801736775532
			5.92635610506658	-2.05801736775532
			5.92941408035299	-2.05801736775532
			5.9324720556394	-2.05801736775532
			5.93553003092582	-2.05495939246891
			5.93858800621223	-2.05495939246891
			5.94164598149864	-2.05495939246891
			5.94470395678505	-2.05495939246891
			5.94776193207146	-2.05495939246891
			5.95081990735788	-2.05190141718249
			5.95387788264429	-2.05190141718249
			5.9569358579307	-2.05190141718249
			5.95999383321711	-2.05190141718249
			5.96305180850352	-2.05190141718249
			5.96610978378994	-2.04884344189608
			5.96916775907635	-2.04884344189608
			5.97222573436276	-2.04884344189608
			5.97528370964917	-2.04884344189608
			5.97834168493559	-2.04884344189608
			5.97834168493559	-2.04578546660967
			5.981399660222	-2.04578546660967
			5.98445763550841	-2.04578546660967
			5.98751561079482	-2.04578546660967
			5.99057358608123	-2.04578546660967
			5.99363156136765	-2.04578546660967
			5.99668953665406	-2.04272749132326
			5.99974751194047	-2.04272749132326
			6.00280548722688	-2.04272749132326
			6.00586346251329	-2.04272749132326
			6.00892143779971	-2.04272749132326
			6.01197941308612	-2.03966951603685
			6.01503738837253	-2.03966951603685
			6.01809536365894	-2.03966951603685
			6.02115333894535	-2.03966951603685
			6.02421131423177	-2.03966951603685
			6.02726928951818	-2.03661154075043
			6.03032726480459	-2.03661154075043
			6.033385240091	-2.03661154075043
			6.03644321537741	-2.03661154075043
			6.03950119066383	-2.03661154075043
			6.04255916595024	-2.03355356546402
			6.04561714123665	-2.03355356546402
			6.04867511652306	-2.03355356546402
			6.05173309180947	-2.03355356546402
			6.05479106709589	-2.03355356546402
			6.0578490423823	-2.03355356546402
			6.06090701766871	-2.03049559017761
			6.06396499295512	-2.03049559017761
			6.06702296824153	-2.03049559017761
			6.07008094352795	-2.03049559017761
			6.07313891881436	-2.0274376148912
			6.07619689410077	-2.0274376148912
			6.07925486938718	-2.0274376148912
			6.0823128446736	-2.0274376148912
			6.08537081996001	-2.0274376148912
			6.08842879524642	-2.02437963960479
			6.09148677053283	-2.02437963960479
			6.09454474581924	-2.02437963960479
			6.09760272110566	-2.02437963960479
			6.10066069639207	-2.02437963960479
			6.10371867167848	-2.02132166431837
			6.10677664696489	-2.02132166431837
			6.1098346222513	-2.02132166431837
			6.11289259753772	-2.02132166431837
			6.11595057282413	-2.02132166431837
			6.11900854811054	-2.01826368903196
			6.12206652339695	-2.01826368903196
			6.12512449868336	-2.01826368903196
			6.12818247396978	-2.01826368903196
			6.13124044925619	-2.01826368903196
			6.1342984245426	-2.01520571374555
			6.13735639982901	-2.01520571374555
			6.14041437511542	-2.01520571374555
			6.14347235040184	-2.01520571374555
			6.14653032568825	-2.01520571374555
			6.14958830097466	-2.01214773845914
			6.15264627626107	-2.01214773845914
			6.15570425154748	-2.01214773845914
			6.1587622268339	-2.01214773845914
			6.16182020212031	-2.00908976317273
			6.16487817740672	-2.00908976317273
			6.16793615269313	-2.00908976317273
			6.17099412797954	-2.00908976317273
			6.17405210326596	-2.00908976317273
			6.17711007855237	-2.00603178788631
			6.18016805383878	-2.00603178788631
			6.18322602912519	-2.00603178788631
			6.1862840044116	-2.00603178788631
			6.18934197969802	-2.00603178788631
			6.19239995498443	-2.0029738125999
			6.19545793027084	-2.0029738125999
			6.19851590555725	-2.0029738125999
			6.20157388084367	-2.0029738125999
			6.20463185613008	-2.0029738125999
			6.20768983141649	-2.0029738125999
			6.2107478067029	-1.99991583731349
			6.21380578198931	-1.99991583731349
			6.21686375727573	-1.99991583731349
			6.21992173256214	-1.99991583731349
			6.22297970784855	-1.99991583731349
			6.22297970784855	-1.99685786202708
			6.22603768313496	-1.99685786202708
			6.22909565842137	-1.99685786202708
			6.23215363370779	-1.99685786202708
			6.2352116089942	-1.99685786202708
			6.23826958428061	-1.99685786202708
			6.24132755956702	-1.99379988674067
			6.24438553485343	-1.99379988674067
			6.24744351013985	-1.99379988674067
			6.25050148542626	-1.99379988674067
			6.25355946071267	-1.99379988674067
			6.25661743599908	-1.99379988674067
			6.25661743599908	-1.99074191145425
			6.2596754112855	-1.99074191145425
			6.26273338657191	-1.99074191145425
			6.26579136185832	-1.99074191145425
			6.26884933714473	-1.99074191145425
			6.27190731243114	-1.99074191145425
			6.27496528771756	-1.98768393616784
			6.27802326300397	-1.98768393616784
			6.28108123829038	-1.98768393616784
			6.28413921357679	-1.98768393616784
			6.2871971888632	-1.98462596088143
			6.29025516414962	-1.98462596088143
			6.29331313943603	-1.98462596088143
			6.29637111472244	-1.98462596088143
			6.29942909000885	-1.98462596088143
			6.30248706529526	-1.98462596088143
			6.30554504058168	-1.98462596088143
			6.30554504058168	-1.98156798559502
			6.30860301586809	-1.98156798559502
			6.3116609911545	-1.98156798559502
			6.31471896644091	-1.98156798559502
			6.31777694172732	-1.98156798559502
			6.32083491701374	-1.98156798559502
			6.32389289230015	-1.97851001030861
			6.32695086758656	-1.97851001030861
			6.33000884287297	-1.97851001030861
			6.33306681815938	-1.97851001030861
			6.3361247934458	-1.97851001030861
			6.33918276873221	-1.97851001030861
			6.34224074401862	-1.97545203502219
			6.34529871930503	-1.97545203502219
			6.34835669459144	-1.97545203502219
			6.35141466987786	-1.97545203502219
			6.35447264516427	-1.97545203502219
			6.35753062045068	-1.97239405973578
			6.36058859573709	-1.97239405973578
			6.36364657102351	-1.97239405973578
			6.36670454630992	-1.97239405973578
			6.36976252159633	-1.97239405973578
			6.37282049688274	-1.97239405973578
			6.37587847216915	-1.96933608444937
			6.37893644745557	-1.96933608444937
			6.38199442274198	-1.96933608444937
			6.38505239802839	-1.96933608444937
			6.3881103733148	-1.96933608444937
			6.39116834860121	-1.96933608444937
			6.39422632388763	-1.96627810916296
			6.39728429917404	-1.96627810916296
			6.40034227446045	-1.96627810916296
			6.40340024974686	-1.96627810916296
			6.40645822503327	-1.96627810916296
			6.40951620031969	-1.96627810916296
			6.4125741756061	-1.96627810916296
			6.41563215089251	-1.96322013387654
			6.41869012617892	-1.96322013387654
			6.42174810146533	-1.96322013387654
			6.42480607675175	-1.96322013387654
			6.42786405203816	-1.96322013387654
			6.43092202732457	-1.96322013387654
			6.43398000261098	-1.96016215859013
			6.43703797789739	-1.96016215859013
			6.44009595318381	-1.96016215859013
			6.44315392847022	-1.96016215859013
			6.44621190375663	-1.96016215859013
			6.44926987904304	-1.96016215859013
			6.45232785432945	-1.96016215859013
			6.45538582961587	-1.95710418330372
			6.45844380490228	-1.95710418330372
			6.46150178018869	-1.95710418330372
			6.4645597554751	-1.95710418330372
			6.46761773076152	-1.95710418330372
			6.47067570604793	-1.95710418330372
			6.47373368133434	-1.95710418330372
			6.47679165662075	-1.95404620801731
			6.47984963190716	-1.95404620801731
			6.48290760719358	-1.95404620801731
			6.48596558247999	-1.95404620801731
			6.4890235577664	-1.95404620801731
			6.49208153305281	-1.95404620801731
			6.49513950833922	-1.95404620801731
			6.49819748362564	-1.95404620801731
			6.49819748362564	-1.9509882327309
			6.50125545891205	-1.9509882327309
			6.50431343419846	-1.9509882327309
			6.50737140948487	-1.9509882327309
			6.51042938477128	-1.9509882327309
			6.5134873600577	-1.9509882327309
			6.51654533534411	-1.9509882327309
			6.51960331063052	-1.9509882327309
			6.52266128591693	-1.9509882327309
			6.52571926120334	-1.94793025744448
			6.52877723648976	-1.94793025744448
			6.53183521177617	-1.94793025744448
			6.53489318706258	-1.94793025744448
			6.53795116234899	-1.94793025744448
			6.5410091376354	-1.94793025744448
			6.54406711292182	-1.94793025744448
			6.54712508820823	-1.94793025744448
			6.55018306349464	-1.94487228215807
			6.55324103878105	-1.94487228215807
			6.55629901406746	-1.94487228215807
			6.55935698935388	-1.94487228215807
			6.56241496464029	-1.94487228215807
			6.5654729399267	-1.94487228215807
			6.56853091521311	-1.94487228215807
			6.57158889049952	-1.94487228215807
			6.57464686578594	-1.94487228215807
			6.57770484107235	-1.94487228215807
			6.58076281635876	-1.94487228215807
			6.58382079164517	-1.94181430687166
			6.58687876693159	-1.94181430687166
			6.589936742218	-1.94181430687166
			6.59299471750441	-1.94181430687166
			6.59605269279082	-1.94181430687166
			6.59911066807723	-1.94181430687166
			6.60216864336365	-1.94181430687166
			6.60522661865006	-1.94181430687166
			6.60828459393647	-1.94181430687166
			6.61134256922288	-1.94181430687166
			6.61440054450929	-1.94181430687166
			6.61745851979571	-1.94181430687166
			6.62051649508212	-1.94181430687166
			6.62357447036853	-1.94181430687166
			6.62663244565494	-1.93875633158525
			6.62969042094135	-1.93875633158525
			6.63274839622777	-1.93875633158525
			6.63580637151418	-1.93875633158525
			6.63886434680059	-1.93875633158525
			6.641922322087	-1.93875633158525
			6.64498029737342	-1.93875633158525
			6.64803827265983	-1.93875633158525
			6.65109624794624	-1.93875633158525
			6.65415422323265	-1.93875633158525
			6.65721219851906	-1.93875633158525
			6.66027017380548	-1.93875633158525
			6.66332814909189	-1.93875633158525
			6.6663861243783	-1.93875633158525
			6.66944409966471	-1.93875633158525
			6.67250207495112	-1.93875633158525
			6.67556005023754	-1.93875633158525
			6.67861802552395	-1.93875633158525
			6.68167600081036	-1.93875633158525
			6.68473397609677	-1.93569835629884
			6.68779195138318	-1.93569835629884
			6.6908499266696	-1.93569835629884
			6.69390790195601	-1.93569835629884
			6.69696587724242	-1.93569835629884
			6.70002385252883	-1.93569835629884
			6.70308182781524	-1.93569835629884
			6.70308182781524	-1.93264038101242
			6.70613980310166	-1.93264038101242
			6.70919777838807	-1.93264038101242
			6.71225575367448	-1.93264038101242
			6.71531372896089	-1.93264038101242
			6.7183717042473	-1.93264038101242
			6.72142967953372	-1.93264038101242
			6.72448765482013	-1.92958240572601
			6.72754563010654	-1.92958240572601
			6.73060360539295	-1.92958240572601
			6.73366158067936	-1.92958240572601
			6.73671955596578	-1.92958240572601
			6.73977753125219	-1.92958240572601
			6.7428355065386	-1.9265244304396
			6.74589348182501	-1.9265244304396
			6.74895145711143	-1.9265244304396
			6.75200943239784	-1.9265244304396
			6.75506740768425	-1.9265244304396
			6.75812538297066	-1.9265244304396
			6.76118335825707	-1.9265244304396
			6.76424133354349	-1.92346645515319
			6.7672993088299	-1.92346645515319
			6.77035728411631	-1.92346645515319
			6.77341525940272	-1.92346645515319
			6.77647323468913	-1.92346645515319
			6.77953120997555	-1.92346645515319
			6.78258918526196	-1.92346645515319
			6.78564716054837	-1.92040847986678
			6.78870513583478	-1.92040847986678
			6.79176311112119	-1.92040847986678
			6.79482108640761	-1.92040847986678
			6.79787906169402	-1.92040847986678
			6.80093703698043	-1.92040847986678
			6.80399501226684	-1.91735050458036
			6.80705298755325	-1.91735050458036
			6.81011096283967	-1.91735050458036
			6.81316893812608	-1.91735050458036
			6.81622691341249	-1.91735050458036
			6.8192848886989	-1.91735050458036
			6.82234286398531	-1.91735050458036
			6.82540083927173	-1.91429252929395
			6.82845881455814	-1.91429252929395
			6.83151678984455	-1.91429252929395
			6.83457476513096	-1.91429252929395
			6.83763274041737	-1.91429252929395
			6.84069071570379	-1.91429252929395
			6.8437486909902	-1.91429252929395
			6.84680666627661	-1.91429252929395
			6.84986464156302	-1.91123455400754
			6.85292261684944	-1.91123455400754
			6.85598059213585	-1.91123455400754
			6.85903856742226	-1.91123455400754
			6.86209654270867	-1.91123455400754
			6.86515451799508	-1.91123455400754
			6.8682124932815	-1.90817657872113
			6.87127046856791	-1.90817657872113
			6.87432844385432	-1.90817657872113
			6.87738641914073	-1.90817657872113
			6.88044439442714	-1.90817657872113
			6.88350236971356	-1.90817657872113
			6.88656034499997	-1.90817657872113
			6.88961832028638	-1.90817657872113
			6.89267629557279	-1.90817657872113
			6.8957342708592	-1.90511860343472
			6.89879224614562	-1.90511860343472
			6.90185022143203	-1.90511860343472
			6.90490819671844	-1.90511860343472
			6.90796617200485	-1.90511860343472
			6.91102414729126	-1.90511860343472
			6.91408212257768	-1.90511860343472
			6.91714009786409	-1.9020606281483
			6.9201980731505	-1.9020606281483
			6.92325604843691	-1.9020606281483
			6.92631402372332	-1.9020606281483
			6.92937199900974	-1.9020606281483
			6.93242997429615	-1.9020606281483
			6.93548794958256	-1.9020606281483
			6.93854592486897	-1.9020606281483
			6.94160390015538	-1.9020606281483
			6.9446618754418	-1.89900265286189
			6.94771985072821	-1.89900265286189
			6.95077782601462	-1.89900265286189
			6.95383580130103	-1.89900265286189
			6.95689377658745	-1.89900265286189
			6.95995175187386	-1.89900265286189
			6.96300972716027	-1.89900265286189
			6.96606770244668	-1.89900265286189
			6.96912567773309	-1.89594467757548
			6.97218365301951	-1.89594467757548
			6.97524162830592	-1.89594467757548
			6.97829960359233	-1.89594467757548
			6.98135757887874	-1.89594467757548
			6.98441555416515	-1.89594467757548
			6.98747352945157	-1.89594467757548
			6.99053150473798	-1.89594467757548
			6.99358948002439	-1.89594467757548
			6.9966474553108	-1.89594467757548
			6.99970543059721	-1.89288670228907
			7.00276340588363	-1.89288670228907
			7.00582138117004	-1.89288670228907
			7.00887935645645	-1.89288670228907
			7.01193733174286	-1.89288670228907
			7.01499530702927	-1.89288670228907
			7.01805328231569	-1.89288670228907
			7.0211112576021	-1.89288670228907
			7.02416923288851	-1.89288670228907
			7.02722720817492	-1.88982872700266
			7.03028518346134	-1.88982872700266
			7.03334315874775	-1.88982872700266
			7.03640113403416	-1.88982872700266
			7.03945910932057	-1.88982872700266
			7.04251708460698	-1.88982872700266
			7.0455750598934	-1.88982872700266
			7.04863303517981	-1.88982872700266
			7.05169101046622	-1.88982872700266
			7.05474898575263	-1.88982872700266
			7.05780696103904	-1.88982872700266
			7.06086493632546	-1.88677075171624
			7.06392291161187	-1.88677075171624
			7.06698088689828	-1.88677075171624
			7.07003886218469	-1.88677075171624
			7.0730968374711	-1.88677075171624
			7.07615481275752	-1.88677075171624
			7.07921278804393	-1.88677075171624
			7.08227076333034	-1.88677075171624
			7.08532873861675	-1.88677075171624
			7.08838671390316	-1.88677075171624
			7.09144468918958	-1.88677075171624
			7.09450266447599	-1.88677075171624
			7.0975606397624	-1.88371277642983
			7.10061861504881	-1.88371277642983
			7.10367659033522	-1.88371277642983
			7.10673456562164	-1.88371277642983
			7.10979254090805	-1.88371277642983
			7.11285051619446	-1.88371277642983
			7.11590849148087	-1.88371277642983
			7.11896646676728	-1.88371277642983
			7.1220244420537	-1.88371277642983
			7.12508241734011	-1.88371277642983
			7.12814039262652	-1.88371277642983
			7.13119836791293	-1.88371277642983
			7.13425634319935	-1.88371277642983
			7.13731431848576	-1.88371277642983
			7.14037229377217	-1.88065480114342
			7.14343026905858	-1.88065480114342
			7.14648824434499	-1.88065480114342
			7.14954621963141	-1.88065480114342
			7.15260419491782	-1.88065480114342
			7.15566217020423	-1.88065480114342
			7.15872014549064	-1.88065480114342
			7.16177812077705	-1.88065480114342
			7.16483609606347	-1.88065480114342
			7.16789407134988	-1.88065480114342
			7.17095204663629	-1.88065480114342
			7.1740100219227	-1.88065480114342
			7.17706799720911	-1.88065480114342
			7.18012597249553	-1.88065480114342
			7.18318394778194	-1.88065480114342
			7.18624192306835	-1.88065480114342
			7.18929989835476	-1.88065480114342
			7.19235787364117	-1.87759682585701
			7.19541584892759	-1.87759682585701
			7.198473824214	-1.87759682585701
			7.20153179950041	-1.87759682585701
			7.20458977478682	-1.87759682585701
			7.20764775007323	-1.87759682585701
			7.21070572535965	-1.87759682585701
			7.21376370064606	-1.87759682585701
			7.21682167593247	-1.87759682585701
			7.21987965121888	-1.87759682585701
			7.22293762650529	-1.87759682585701
			7.22599560179171	-1.87759682585701
			7.22905357707812	-1.87759682585701
			7.23211155236453	-1.87759682585701
			7.23516952765094	-1.87759682585701
		</body_ant>
		<body_post type=matrix rownames=FALSE colnames=FALSE nrow=728 ncol=2 as.numeric=TRUE >
			8.00577929982678	-2.03049559017761
			8.0088372751132	-2.03049559017761
			8.01189525039961	-2.03049559017761
			8.01495322568602	-2.03355356546402
			8.01801120097243	-2.03355356546402
			8.02106917625884	-2.03355356546402
			8.02412715154526	-2.03355356546402
			8.02718512683167	-2.03355356546402
			8.03024310211808	-2.03661154075043
			8.03330107740449	-2.03661154075043
			8.0363590526909	-2.03661154075043
			8.03941702797732	-2.03661154075043
			8.04247500326373	-2.03661154075043
			8.04553297855014	-2.03661154075043
			8.04859095383655	-2.03966951603685
			8.05164892912296	-2.03966951603685
			8.05470690440938	-2.03966951603685
			8.05776487969579	-2.03966951603685
			8.0608228549822	-2.03966951603685
			8.06388083026861	-2.04272749132326
			8.06693880555502	-2.04272749132326
			8.06999678084144	-2.04272749132326
			8.07305475612785	-2.04272749132326
			8.07611273141426	-2.04272749132326
			8.07917070670067	-2.04578546660967
			8.08222868198708	-2.04578546660967
			8.0852866572735	-2.04578546660967
			8.08834463255991	-2.04578546660967
			8.09140260784632	-2.04578546660967
			8.09446058313273	-2.04578546660967
			8.09751855841914	-2.04884344189608
			8.10057653370556	-2.04884344189608
			8.10363450899197	-2.04884344189608
			8.10669248427838	-2.04884344189608
			8.10975045956479	-2.04884344189608
			8.11280843485121	-2.04884344189608
			8.11586641013762	-2.05190141718249
			8.11892438542403	-2.05190141718249
			8.12198236071044	-2.05190141718249
			8.12504033599685	-2.05190141718249
			8.12809831128327	-2.05190141718249
			8.13115628656968	-2.05190141718249
			8.13421426185609	-2.05495939246891
			8.1372722371425	-2.05495939246891
			8.14033021242891	-2.05495939246891
			8.14338818771533	-2.05495939246891
			8.14644616300174	-2.05495939246891
			8.14950413828815	-2.05495939246891
			8.15256211357456	-2.05801736775532
			8.15562008886097	-2.05801736775532
			8.15867806414739	-2.05801736775532
			8.1617360394338	-2.05801736775532
			8.16479401472021	-2.05801736775532
			8.16785199000662	-2.05801736775532
			8.17090996529303	-2.06107534304173
			8.17396794057945	-2.06107534304173
			8.17702591586586	-2.06107534304173
			8.18008389115227	-2.06107534304173
			8.18314186643868	-2.06107534304173
			8.1861998417251	-2.06107534304173
			8.18925781701151	-2.06413331832814
			8.19231579229792	-2.06413331832814
			8.19537376758433	-2.06413331832814
			8.19843174287074	-2.06413331832814
			8.20148971815716	-2.06413331832814
			8.20454769344357	-2.06413331832814
			8.20760566872998	-2.06719129361456
			8.21066364401639	-2.06719129361456
			8.2137216193028	-2.06719129361456
			8.21677959458922	-2.06719129361456
			8.21983756987563	-2.06719129361456
			8.22289554516204	-2.06719129361456
			8.22595352044845	-2.06719129361456
			8.22901149573486	-2.07024926890097
			8.23206947102128	-2.07024926890097
			8.23512744630769	-2.07024926890097
			8.2381854215941	-2.07024926890097
			8.24124339688051	-2.07024926890097
			8.24430137216692	-2.07024926890097
			8.24735934745334	-2.07024926890097
			8.25041732273975	-2.07330724418738
			8.25347529802616	-2.07330724418738
			8.25653327331257	-2.07330724418738
			8.25959124859899	-2.07330724418738
			8.2626492238854	-2.07330724418738
			8.26570719917181	-2.07330724418738
			8.26876517445822	-2.07636521947379
			8.27182314974463	-2.07636521947379
			8.27488112503105	-2.07636521947379
			8.27793910031746	-2.07636521947379
			8.28099707560387	-2.07636521947379
			8.28405505089028	-2.07636521947379
			8.28711302617669	-2.07636521947379
			8.29017100146311	-2.0794231947602
			8.29322897674952	-2.0794231947602
			8.29628695203593	-2.0794231947602
			8.29934492732234	-2.0794231947602
			8.30240290260875	-2.0794231947602
			8.30546087789516	-2.0794231947602
			8.30851885318158	-2.0794231947602
			8.31157682846799	-2.08248117004662
			8.3146348037544	-2.08248117004662
			8.31769277904081	-2.08248117004662
			8.32075075432722	-2.08248117004662
			8.32380872961364	-2.08248117004662
			8.32686670490005	-2.08248117004662
			8.32992468018646	-2.08248117004662
			8.33298265547287	-2.08248117004662
			8.33604063075929	-2.08553914533303
			8.3390986060457	-2.08553914533303
			8.34215658133211	-2.08553914533303
			8.34521455661852	-2.08553914533303
			8.34827253190493	-2.08553914533303
			8.35133050719135	-2.08553914533303
			8.35438848247776	-2.08553914533303
			8.35744645776417	-2.08553914533303
			8.36050443305058	-2.08859712061944
			8.36356240833699	-2.08859712061944
			8.36662038362341	-2.08859712061944
			8.36967835890982	-2.08859712061944
			8.37273633419623	-2.08859712061944
			8.37579430948264	-2.08859712061944
			8.37885228476905	-2.08859712061944
			8.38191026005547	-2.09165509590585
			8.38496823534188	-2.09165509590585
			8.38802621062829	-2.09165509590585
			8.3910841859147	-2.09165509590585
			8.39414216120112	-2.09165509590585
			8.39720013648753	-2.09165509590585
			8.40025811177394	-2.09165509590585
			8.40331608706035	-2.09165509590585
			8.40637406234676	-2.09165509590585
			8.40943203763318	-2.09471307119226
			8.41249001291959	-2.09471307119226
			8.415547988206	-2.09471307119226
			8.41860596349241	-2.09471307119226
			8.42166393877882	-2.09471307119226
			8.42472191406524	-2.09471307119226
			8.42777988935165	-2.09471307119226
			8.43083786463806	-2.09471307119226
			8.43389583992447	-2.09777104647868
			8.43695381521088	-2.09777104647868
			8.4400117904973	-2.09777104647868
			8.44306976578371	-2.09777104647868
			8.44612774107012	-2.09777104647868
			8.44918571635653	-2.09777104647868
			8.45224369164294	-2.09777104647868
			8.45530166692936	-2.09777104647868
			8.45835964221577	-2.09777104647868
			8.46141761750218	-2.10082902176509
			8.46447559278859	-2.10082902176509
			8.46753356807501	-2.10082902176509
			8.47059154336142	-2.10082902176509
			8.47364951864783	-2.10082902176509
			8.47670749393424	-2.10082902176509
			8.47976546922065	-2.10082902176509
			8.48282344450707	-2.10082902176509
			8.48588141979348	-2.10082902176509
			8.48893939507989	-2.1038869970515
			8.4919973703663	-2.1038869970515
			8.49505534565271	-2.1038869970515
			8.49811332093913	-2.1038869970515
			8.50117129622554	-2.1038869970515
			8.50422927151195	-2.1038869970515
			8.50728724679836	-2.1038869970515
			8.51034522208477	-2.1038869970515
			8.51340319737119	-2.1038869970515
			8.5164611726576	-2.10694497233791
			8.51951914794401	-2.10694497233791
			8.52257712323042	-2.10694497233791
			8.52563509851683	-2.10694497233791
			8.52869307380325	-2.10694497233791
			8.53175104908966	-2.10694497233791
			8.53480902437607	-2.10694497233791
			8.53786699966248	-2.10694497233791
			8.54092497494889	-2.10694497233791
			8.54398295023531	-2.10694497233791
			8.54704092552172	-2.11000294762432
			8.55009890080813	-2.11000294762432
			8.55315687609454	-2.11000294762432
			8.55621485138095	-2.11000294762432
			8.55927282666737	-2.11000294762432
			8.56233080195378	-2.11000294762432
			8.56538877724019	-2.11000294762432
			8.5684467525266	-2.11000294762432
			8.57150472781301	-2.11000294762432
			8.57456270309943	-2.11000294762432
			8.57762067838584	-2.11000294762432
			8.58067865367225	-2.11306092291074
			8.58373662895866	-2.11306092291074
			8.58679460424507	-2.11306092291074
			8.58985257953149	-2.11306092291074
			8.5929105548179	-2.11306092291074
			8.59596853010431	-2.11306092291074
			8.59902650539072	-2.11306092291074
			8.60208448067714	-2.11306092291074
			8.60514245596355	-2.11306092291074
			8.60820043124996	-2.11306092291074
			8.61125840653637	-2.11306092291074
			8.61431638182278	-2.11611889819715
			8.6173743571092	-2.11611889819715
			8.62043233239561	-2.11611889819715
			8.62349030768202	-2.11611889819715
			8.62654828296843	-2.11611889819715
			8.62960625825484	-2.11611889819715
			8.63266423354126	-2.11611889819715
			8.63572220882767	-2.11611889819715
			8.63878018411408	-2.11611889819715
			8.64183815940049	-2.11611889819715
			8.6448961346869	-2.11611889819715
			8.64795410997332	-2.11917687348356
			8.65101208525973	-2.11917687348356
			8.65407006054614	-2.11917687348356
			8.65712803583255	-2.11917687348356
			8.66018601111896	-2.11917687348356
			8.66324398640538	-2.11917687348356
			8.66630196169179	-2.11917687348356
			8.6693599369782	-2.11917687348356
			8.67241791226461	-2.11917687348356
			8.67547588755103	-2.11917687348356
			8.67853386283744	-2.11917687348356
			8.68159183812385	-2.11917687348356
			8.68464981341026	-2.11917687348356
			8.68770778869667	-2.12223484876997
			8.69076576398309	-2.12223484876997
			8.6938237392695	-2.12223484876997
			8.69688171455591	-2.12223484876997
			8.69993968984232	-2.12223484876997
			8.70299766512873	-2.12223484876997
			8.70605564041515	-2.12223484876997
			8.70911361570156	-2.12223484876997
			8.71217159098797	-2.12223484876997
			8.71522956627438	-2.12223484876997
			8.71828754156079	-2.12223484876997
			8.72134551684721	-2.12223484876997
			8.72440349213362	-2.12223484876997
			8.72746146742003	-2.12529282405638
			8.73051944270644	-2.12529282405638
			8.73357741799285	-2.12529282405638
			8.73663539327927	-2.12529282405638
			8.73969336856568	-2.12529282405638
			8.74275134385209	-2.12529282405638
			8.7458093191385	-2.12529282405638
			8.74886729442492	-2.12529282405638
			8.75192526971133	-2.12529282405638
			8.75498324499774	-2.12529282405638
			8.75804122028415	-2.12529282405638
			8.76109919557056	-2.12529282405638
			8.76415717085698	-2.12529282405638
			8.76721514614339	-2.12529282405638
			8.7702731214298	-2.1283507993428
			8.77333109671621	-2.1283507993428
			8.77638907200262	-2.1283507993428
			8.77944704728904	-2.1283507993428
			8.78250502257545	-2.1283507993428
			8.78556299786186	-2.1283507993428
			8.78862097314827	-2.1283507993428
			8.79167894843468	-2.1283507993428
			8.7947369237211	-2.1283507993428
			8.79779489900751	-2.1283507993428
			8.80085287429392	-2.1283507993428
			8.80391084958033	-2.1283507993428
			8.80696882486674	-2.1283507993428
			8.81002680015316	-2.1283507993428
			8.81308477543957	-2.1283507993428
			8.81614275072598	-2.13140877462921
			8.81920072601239	-2.13140877462921
			8.8222587012988	-2.13140877462921
			8.82531667658522	-2.13140877462921
			8.82837465187163	-2.13140877462921
			8.83143262715804	-2.13140877462921
			8.83449060244445	-2.13140877462921
			8.83754857773086	-2.13140877462921
			8.84060655301728	-2.13140877462921
			8.84366452830369	-2.13140877462921
			8.8467225035901	-2.13140877462921
			8.84978047887651	-2.13140877462921
			8.85283845416292	-2.13140877462921
			8.85589642944934	-2.13140877462921
			8.85895440473575	-2.13140877462921
			8.86201238002216	-2.13140877462921
			8.86507035530857	-2.13140877462921
			8.86812833059498	-2.13140877462921
			8.8711863058814	-2.13446674991562
			8.87424428116781	-2.13446674991562
			8.87730225645422	-2.13446674991562
			8.88036023174063	-2.13446674991562
			8.88341820702705	-2.13446674991562
			8.88647618231346	-2.13446674991562
			8.88953415759987	-2.13446674991562
			8.89259213288628	-2.13446674991562
			8.89565010817269	-2.13446674991562
			8.89870808345911	-2.13446674991562
			8.90176605874552	-2.13446674991562
			8.90482403403193	-2.13446674991562
			8.90788200931834	-2.13446674991562
			8.91093998460475	-2.13446674991562
			8.91399795989117	-2.13446674991562
			8.91705593517758	-2.13446674991562
			8.92011391046399	-2.13446674991562
			8.9231718857504	-2.13446674991562
			8.92622986103681	-2.13446674991562
			8.92928783632323	-2.13446674991562
			8.93234581160964	-2.13446674991562
			8.93540378689605	-2.13752472520203
			8.93846176218246	-2.13752472520203
			8.94151973746887	-2.13752472520203
			8.94457771275529	-2.13752472520203
			8.9476356880417	-2.13752472520203
			8.95069366332811	-2.13752472520203
			8.95375163861452	-2.13752472520203
			8.95680961390094	-2.13752472520203
			8.95986758918735	-2.13752472520203
			8.96292556447376	-2.13752472520203
			8.96598353976017	-2.13752472520203
			8.96904151504658	-2.13752472520203
			8.972099490333	-2.13752472520203
			8.97515746561941	-2.13752472520203
			8.97821544090582	-2.13752472520203
			8.98127341619223	-2.13752472520203
			8.98433139147864	-2.13752472520203
			8.98738936676506	-2.13752472520203
			8.99044734205147	-2.13752472520203
			8.99350531733788	-2.13752472520203
			8.99656329262429	-2.13752472520203
			8.9996212679107	-2.13752472520203
			9.00267924319712	-2.13752472520203
			9.00573721848353	-2.13752472520203
			9.00879519376994	-2.13752472520203
			9.01185316905635	-2.13752472520203
			9.01491114434276	-2.14058270048844
			9.01796911962918	-2.14058270048844
			9.02102709491559	-2.14058270048844
			9.024085070202	-2.14058270048844
			9.02714304548841	-2.14058270048844
			9.03020102077483	-2.14058270048844
			9.03325899606124	-2.14058270048844
			9.03631697134765	-2.14058270048844
			9.03937494663406	-2.14058270048844
			9.04243292192047	-2.14058270048844
			9.04549089720689	-2.14058270048844
			9.0485488724933	-2.14058270048844
			9.05160684777971	-2.14058270048844
			9.05466482306612	-2.14058270048844
			9.05772279835253	-2.14058270048844
			9.06078077363895	-2.14058270048844
			9.06383874892536	-2.14058270048844
			9.06689672421177	-2.14058270048844
			9.06995469949818	-2.14058270048844
			9.07301267478459	-2.14058270048844
			9.07607065007101	-2.14058270048844
			9.07912862535742	-2.14058270048844
			9.08218660064383	-2.14058270048844
			9.08524457593024	-2.14058270048844
			9.08830255121665	-2.14058270048844
			9.09136052650307	-2.14058270048844
			9.09441850178948	-2.14058270048844
			9.09747647707589	-2.14058270048844
			9.1005344523623	-2.14058270048844
			9.10359242764871	-2.14058270048844
			9.10665040293513	-2.14058270048844
			9.10970837822154	-2.14058270048844
			9.11276635350795	-2.14058270048844
			9.11582432879436	-2.14058270048844
			9.11888230408077	-2.14058270048844
			9.12194027936719	-2.14058270048844
			9.1249982546536	-2.14364067577486
			9.12805622994001	-2.14364067577486
			9.13111420522642	-2.14364067577486
			9.13417218051283	-2.14364067577486
			9.13723015579925	-2.14364067577486
			9.14028813108566	-2.14364067577486
			9.14334610637207	-2.14364067577486
			9.14640408165848	-2.14364067577486
			9.14946205694489	-2.14364067577486
			9.15252003223131	-2.14364067577486
			9.15557800751772	-2.14364067577486
			9.15863598280413	-2.14364067577486
			9.16169395809054	-2.14364067577486
			9.16475193337696	-2.14364067577486
			9.16780990866337	-2.14364067577486
			9.17086788394978	-2.14364067577486
			9.17392585923619	-2.14364067577486
			9.1769838345226	-2.14364067577486
			9.18004180980902	-2.14364067577486
			9.18309978509543	-2.14364067577486
			9.18615776038184	-2.14364067577486
			9.18921573566825	-2.14364067577486
			9.19227371095466	-2.14364067577486
			9.19533168624108	-2.14364067577486
			9.19838966152749	-2.14364067577486
			9.2014476368139	-2.14364067577486
			9.20450561210031	-2.14364067577486
			9.20756358738672	-2.14364067577486
			9.21062156267314	-2.14364067577486
			9.21367953795955	-2.14364067577486
			9.21673751324596	-2.14364067577486
			9.21979548853237	-2.14364067577486
			9.22285346381878	-2.14364067577486
			9.2259114391052	-2.14364067577486
			9.22896941439161	-2.14364067577486
			9.23202738967802	-2.14364067577486
			9.23508536496443	-2.14364067577486
			9.23814334025085	-2.14364067577486
			9.24120131553726	-2.14364067577486
			9.24425929082367	-2.14364067577486
			9.24731726611008	-2.14364067577486
			9.25037524139649	-2.14364067577486
			9.25343321668291	-2.14364067577486
			9.25649119196932	-2.14364067577486
			9.25954916725573	-2.14364067577486
			9.26260714254214	-2.14364067577486
			9.26566511782855	-2.14364067577486
			9.26872309311497	-2.14364067577486
			9.27178106840138	-2.14364067577486
			9.27483904368779	-2.14364067577486
			9.2778970189742	-2.14364067577486
			9.28095499426061	-2.14364067577486
			9.28401296954703	-2.14364067577486
			9.28707094483344	-2.14364067577486
			9.29012892011985	-2.14364067577486
			9.29318689540626	-2.14364067577486
			9.29624487069268	-2.14364067577486
			9.29930284597909	-2.14364067577486
			9.3023608212655	-2.14364067577486
			9.30541879655191	-2.14364067577486
			9.30847677183832	-2.14364067577486
			9.31153474712473	-2.14364067577486
			9.31459272241115	-2.14364067577486
			9.31765069769756	-2.14364067577486
			9.32070867298397	-2.14364067577486
			9.32376664827038	-2.14364067577486
			9.32682462355679	-2.14364067577486
			9.32988259884321	-2.14364067577486
			9.33294057412962	-2.14364067577486
			9.33599854941603	-2.14364067577486
			9.33905652470244	-2.14364067577486
			9.34211449998885	-2.14364067577486
			9.34517247527527	-2.14364067577486
			9.34823045056168	-2.14364067577486
			9.35128842584809	-2.14364067577486
			9.3543464011345	-2.14364067577486
			9.35740437642091	-2.14364067577486
			9.36046235170733	-2.14364067577486
			9.36352032699374	-2.14364067577486
			9.36657830228015	-2.14364067577486
			9.36963627756656	-2.14364067577486
			9.37269425285298	-2.14364067577486
			9.37575222813939	-2.14364067577486
			9.3788102034258	-2.14364067577486
			9.38186817871221	-2.14364067577486
			9.38492615399862	-2.14364067577486
			9.38798412928504	-2.14364067577486
			9.39104210457145	-2.14364067577486
			9.39410007985786	-2.14364067577486
			9.39715805514427	-2.14364067577486
			9.40021603043068	-2.14364067577486
			9.4032740057171	-2.14364067577486
			9.40633198100351	-2.14364067577486
			9.40938995628992	-2.14364067577486
			9.41244793157633	-2.14364067577486
			9.41550590686274	-2.14364067577486
			9.41856388214916	-2.14364067577486
			9.42162185743557	-2.14364067577486
			9.42467983272198	-2.14364067577486
			9.42773780800839	-2.14364067577486
			9.4307957832948	-2.14364067577486
			9.43385375858122	-2.14364067577486
			9.43691173386763	-2.14364067577486
			9.43996970915404	-2.14364067577486
			9.44302768444045	-2.14364067577486
			9.44608565972687	-2.14364067577486
			9.44914363501328	-2.14364067577486
			9.45220161029969	-2.14364067577486
			9.4552595855861	-2.14364067577486
			9.45831756087251	-2.14364067577486
			9.46137553615893	-2.14364067577486
			9.46443351144534	-2.14364067577486
			9.46749148673175	-2.14364067577486
			9.47054946201816	-2.14364067577486
			9.47360743730457	-2.14364067577486
			9.47666541259099	-2.14364067577486
			9.4797233878774	-2.14364067577486
			9.48278136316381	-2.14364067577486
			9.48583933845022	-2.14364067577486
			9.48889731373663	-2.14364067577486
			9.49195528902305	-2.14364067577486
			9.49501326430946	-2.14058270048844
			9.49807123959587	-2.14058270048844
			9.50112921488228	-2.14058270048844
			9.50418719016869	-2.14058270048844
			9.50724516545511	-2.14058270048844
			9.51030314074152	-2.14058270048844
			9.51336111602793	-2.14058270048844
			9.51641909131434	-2.14058270048844
			9.51947706660076	-2.14058270048844
			9.52253504188717	-2.14058270048844
			9.52559301717358	-2.14058270048844
			9.52865099245999	-2.14058270048844
			9.5317089677464	-2.14058270048844
			9.53476694303282	-2.14058270048844
			9.53782491831923	-2.14058270048844
			9.54088289360564	-2.14058270048844
			9.54394086889205	-2.14058270048844
			9.54699884417846	-2.14058270048844
			9.55005681946488	-2.14058270048844
			9.55311479475129	-2.14058270048844
			9.5561727700377	-2.14058270048844
			9.55923074532411	-2.14058270048844
			9.56228872061052	-2.14058270048844
			9.56534669589694	-2.14058270048844
			9.56840467118335	-2.14058270048844
			9.57146264646976	-2.14058270048844
			9.57452062175617	-2.14058270048844
			9.57757859704258	-2.14058270048844
			9.580636572329	-2.14058270048844
			9.58369454761541	-2.14058270048844
			9.58675252290182	-2.14058270048844
			9.58981049818823	-2.14058270048844
			9.59286847347464	-2.14058270048844
			9.59592644876106	-2.14058270048844
			9.59898442404747	-2.14058270048844
			9.60204239933388	-2.14058270048844
			9.60510037462029	-2.14058270048844
			9.6081583499067	-2.14058270048844
			9.61121632519312	-2.13752472520203
			9.61427430047953	-2.13752472520203
			9.61733227576594	-2.13752472520203
			9.62039025105235	-2.13752472520203
			9.62344822633876	-2.13752472520203
			9.62650620162518	-2.13752472520203
			9.62956417691159	-2.13752472520203
			9.632622152198	-2.13752472520203
			9.63568012748441	-2.13752472520203
			9.63873810277082	-2.13752472520203
			9.64179607805724	-2.13752472520203
			9.64485405334365	-2.13752472520203
			9.64791202863006	-2.13752472520203
			9.65097000391647	-2.13752472520203
			9.65402797920289	-2.13752472520203
			9.6570859544893	-2.13752472520203
			9.66014392977571	-2.13752472520203
			9.66320190506212	-2.13446674991562
			9.66625988034853	-2.13446674991562
			9.66931785563495	-2.13446674991562
			9.67237583092136	-2.13446674991562
			9.67543380620777	-2.13446674991562
			9.67849178149418	-2.13140877462921
			9.68154975678059	-2.13140877462921
			9.68460773206701	-2.13140877462921
			9.68766570735342	-2.13140877462921
			9.69072368263983	-2.13140877462921
			9.69378165792624	-2.1283507993428
			9.69683963321265	-2.1283507993428
			9.69989760849907	-2.1283507993428
			9.70295558378548	-2.1283507993428
			9.70601355907189	-2.1283507993428
			9.7090715343583	-2.12529282405638
			9.71212950964471	-2.12529282405638
			9.71518748493113	-2.12529282405638
			9.71824546021754	-2.12529282405638
			9.72130343550395	-2.12529282405638
			9.72130343550395	-2.12223484876997
			9.72436141079036	-2.12223484876997
			9.72741938607678	-2.12223484876997
			9.73047736136319	-2.12223484876997
			9.7335353366496	-2.12223484876997
			9.73659331193601	-2.11917687348356
			9.73965128722242	-2.11917687348356
			9.74270926250884	-2.11917687348356
			9.74576723779525	-2.11917687348356
			9.74882521308166	-2.11917687348356
			9.75188318836807	-2.11611889819715
			9.75494116365448	-2.11611889819715
			9.7579991389409	-2.11611889819715
			9.76105711422731	-2.11611889819715
			9.76411508951372	-2.11611889819715
			9.76717306480013	-2.11306092291074
			9.77023104008654	-2.11306092291074
			9.77328901537296	-2.11306092291074
			9.77634699065937	-2.11306092291074
			9.77940496594578	-2.11306092291074
			9.78246294123219	-2.11000294762432
			9.78552091651861	-2.11000294762432
			9.78857889180502	-2.11000294762432
			9.79163686709143	-2.11000294762432
			9.79469484237784	-2.11000294762432
			9.79775281766425	-2.10694497233791
			9.80081079295067	-2.10694497233791
			9.80386876823708	-2.10694497233791
			9.80692674352349	-2.10694497233791
			9.8099847188099	-2.1038869970515
			9.81304269409631	-2.1038869970515
			9.81610066938273	-2.1038869970515
			9.81915864466914	-2.1038869970515
			9.82221661995555	-2.10082902176509
			9.82527459524196	-2.10082902176509
			9.82833257052837	-2.10082902176509
			9.83139054581479	-2.10082902176509
			9.8344485211012	-2.10082902176509
			9.83750649638761	-2.09777104647868
			9.84056447167402	-2.09777104647868
			9.84362244696043	-2.09777104647868
			9.84668042224685	-2.09777104647868
			9.84973839753326	-2.09777104647868
			9.85279637281967	-2.09471307119226
			9.85585434810608	-2.09471307119226
			9.85891232339249	-2.09471307119226
			9.86197029867891	-2.09471307119226
			9.86502827396532	-2.09471307119226
			9.86502827396532	-2.09165509590585
			9.86808624925173	-2.09165509590585
			9.87114422453814	-2.09165509590585
			9.87420219982455	-2.09165509590585
			9.87726017511097	-2.09165509590585
			9.88031815039738	-2.08859712061944
			9.88337612568379	-2.08859712061944
			9.8864341009702	-2.08859712061944
			9.88949207625661	-2.08859712061944
			9.89255005154303	-2.08859712061944
			9.89560802682944	-2.08553914533303
			9.89866600211585	-2.08553914533303
			9.90172397740226	-2.08553914533303
			9.90478195268867	-2.08248117004662
			9.90783992797509	-2.08248117004662
			9.9108979032615	-2.08248117004662
			9.91395587854791	-2.08248117004662
			9.91701385383432	-2.08248117004662
			9.92007182912073	-2.0794231947602
			9.92312980440715	-2.0794231947602
			9.92618777969356	-2.0794231947602
			9.92924575497997	-2.0794231947602
			9.93230373026638	-2.0794231947602
			9.93230373026638	-2.07636521947379
			9.9353617055528	-2.07636521947379
			9.93841968083921	-2.07636521947379
			9.94147765612562	-2.07636521947379
			9.94453563141203	-2.07636521947379
			9.94759360669844	-2.07330724418738
			9.95065158198486	-2.07330724418738
			9.95370955727127	-2.07330724418738
			9.95676753255768	-2.07330724418738
			9.95982550784409	-2.07024926890097
			9.9628834831305	-2.07024926890097
			9.96594145841692	-2.07024926890097
			9.96899943370333	-2.07024926890097
			9.97205740898974	-2.06719129361456
			9.97511538427615	-2.06719129361456
			9.97817335956256	-2.06719129361456
			9.98123133484898	-2.06719129361456
			9.98428931013539	-2.06413331832814
			9.9873472854218	-2.06413331832814
			9.99040526070821	-2.06413331832814
			9.99346323599462	-2.06413331832814
			9.99652121128104	-2.06107534304173
			9.99957918656745	-2.06107534304173
			10.0026371618539	-2.06107534304173
			10.0056951371403	-2.06107534304173
			10.0087531124267	-2.05801736775532
			10.0118110877131	-2.05801736775532
			10.0148690629995	-2.05801736775532
			10.0179270382859	-2.05801736775532
			10.0209850135723	-2.05801736775532
			10.0240429888587	-2.05495939246891
			10.0271009641452	-2.05495939246891
			10.0301589394316	-2.05495939246891
			10.033216914718	-2.05495939246891
			10.0362748900044	-2.05190141718249
			10.0393328652908	-2.05190141718249
			10.0423908405772	-2.05190141718249
			10.0454488158636	-2.05190141718249
			10.04850679115	-2.04884344189608
			10.0515647664365	-2.04884344189608
			10.0546227417229	-2.04884344189608
			10.0576807170093	-2.04578546660967
			10.0607386922957	-2.04578546660967
			10.0637966675821	-2.04578546660967
			10.0668546428685	-2.04578546660967
			10.0699126181549	-2.04272749132326
			10.0729705934413	-2.04272749132326
			10.0760285687278	-2.04272749132326
			10.0790865440142	-2.04272749132326
			10.0821445193006	-2.03966951603685
			10.085202494587	-2.03966951603685
			10.0882604698734	-2.03966951603685
			10.0913184451598	-2.03966951603685
			10.0943764204462	-2.03966951603685
			10.0974343957326	-2.03661154075043
			10.100492371019	-2.03661154075043
			10.1035503463055	-2.03661154075043
			10.1066083215919	-2.03355356546402
			10.1096662968783	-2.03355356546402
			10.1127242721647	-2.03355356546402
			10.1157822474511	-2.03355356546402
			10.1188402227375	-2.03049559017761
			10.1218981980239	-2.03049559017761
			10.1249561733103	-2.03049559017761
			10.1280141485968	-2.03049559017761
			10.1310721238832	-2.0274376148912
			10.1341300991696	-2.0274376148912
			10.137188074456	-2.0274376148912
			10.1402460497424	-2.02437963960479
			10.1433040250288	-2.02437963960479
			10.1463620003152	-2.02437963960479
			10.1494199756016	-2.02437963960479
			10.1524779508881	-2.02132166431837
			10.1555359261745	-2.02132166431837
			10.1585939014609	-2.02132166431837
			10.1616518767473	-2.01826368903196
			10.1647098520337	-2.01826368903196
			10.1677678273201	-2.01826368903196
			10.1708258026065	-2.01826368903196
			10.1738837778929	-2.01520571374555
			10.1769417531793	-2.01520571374555
			10.1799997284658	-2.01520571374555
			10.1830577037522	-2.01214773845914
			10.1861156790386	-2.01214773845914
			10.189173654325	-2.01214773845914
			10.1922316296114	-2.01214773845914
			10.1922316296114	-2.00908976317273
			10.1952896048978	-2.00908976317273
			10.1983475801842	-2.00908976317273
			10.2014055554706	-2.00908976317273
			10.2044635307571	-2.00603178788631
			10.2075215060435	-2.00603178788631
			10.2105794813299	-2.00603178788631
			10.2136374566163	-2.0029738125999
			10.2166954319027	-2.0029738125999
		</body_post>
		<opercle type=matrix rownames=FALSE colnames=FALSE nrow=212 ncol=2 as.numeric=TRUE >
			6.05173309180947	-2.95706210196047
			6.05173309180947	-2.95400412667405
			6.05479106709589	-2.95094615138764
			6.05479106709589	-2.94788817610123
			6.05479106709589	-2.94483020081482
			6.0578490423823	-2.94177222552841
			6.0578490423823	-2.93871425024199
			6.0578490423823	-2.93565627495558
			6.06090701766871	-2.93259829966917
			6.06090701766871	-2.92954032438276
			6.06396499295512	-2.92648234909635
			6.06396499295512	-2.92342437380993
			6.06396499295512	-2.92036639852352
			6.06702296824153	-2.91730842323711
			6.06702296824153	-2.9142504479507
			6.06702296824153	-2.91119247266428
			6.07008094352795	-2.90813449737787
			6.07008094352795	-2.90507652209146
			6.07008094352795	-2.90201854680505
			6.07008094352795	-2.89896057151864
			6.07313891881436	-2.89590259623222
			6.07313891881436	-2.89284462094581
			6.07313891881436	-2.8897866456594
			6.07313891881436	-2.88672867037299
			6.07619689410077	-2.88367069508658
			6.07619689410077	-2.88061271980016
			6.07619689410077	-2.87755474451375
			6.07619689410077	-2.87449676922734
			6.07925486938718	-2.87143879394093
			6.07925486938718	-2.86838081865452
			6.07925486938718	-2.8653228433681
			6.07925486938718	-2.86226486808169
			6.07925486938718	-2.85920689279528
			6.0823128446736	-2.85614891750887
			6.0823128446736	-2.85309094222246
			6.0823128446736	-2.85003296693604
			6.0823128446736	-2.84697499164963
			6.0823128446736	-2.84391701636322
			6.08537081996001	-2.84085904107681
			6.08537081996001	-2.8378010657904
			6.08537081996001	-2.83474309050398
			6.08537081996001	-2.83168511521757
			6.08537081996001	-2.82862713993116
			6.08537081996001	-2.82556916464475
			6.08842879524642	-2.82251118935833
			6.08842879524642	-2.81945321407192
			6.08842879524642	-2.81639523878551
			6.08842879524642	-2.8133372634991
			6.08842879524642	-2.81027928821269
			6.08842879524642	-2.80722131292627
			6.08842879524642	-2.80416333763986
			6.08842879524642	-2.80110536235345
			6.09148677053283	-2.79804738706704
			6.09148677053283	-2.79498941178063
			6.09148677053283	-2.79193143649421
			6.09148677053283	-2.7888734612078
			6.09148677053283	-2.78581548592139
			6.09148677053283	-2.78275751063498
			6.09148677053283	-2.77969953534857
			6.09148677053283	-2.77664156006215
			6.09148677053283	-2.77358358477574
			6.09148677053283	-2.77052560948933
			6.09148677053283	-2.76746763420292
			6.09148677053283	-2.76440965891651
			6.09148677053283	-2.76135168363009
			6.09148677053283	-2.75829370834368
			6.09148677053283	-2.75523573305727
			6.09148677053283	-2.75217775777086
			6.09148677053283	-2.74911978248445
			6.09148677053283	-2.74606180719803
			6.09148677053283	-2.74300383191162
			6.09148677053283	-2.73994585662521
			6.09148677053283	-2.7368878813388
			6.09148677053283	-2.73382990605239
			6.09148677053283	-2.73077193076597
			6.09148677053283	-2.72771395547956
			6.09148677053283	-2.72465598019315
			6.09148677053283	-2.72159800490674
			6.09148677053283	-2.71854002962032
			6.09148677053283	-2.71548205433391
			6.09148677053283	-2.7124240790475
			6.09148677053283	-2.70936610376109
			6.09148677053283	-2.70630812847468
			6.09148677053283	-2.70325015318826
			6.09148677053283	-2.70019217790185
			6.09148677053283	-2.69713420261544
			6.09148677053283	-2.69407622732903
			6.09148677053283	-2.69101825204262
			6.08842879524642	-2.6879602767562
			6.08842879524642	-2.68490230146979
			6.08842879524642	-2.68184432618338
			6.08842879524642	-2.67878635089697
			6.08842879524642	-2.67572837561056
			6.08842879524642	-2.67267040032414
			6.08842879524642	-2.66961242503773
			6.08842879524642	-2.66655444975132
			6.08537081996001	-2.66349647446491
			6.08537081996001	-2.6604384991785
			6.08537081996001	-2.65738052389208
			6.08537081996001	-2.65432254860567
			6.08537081996001	-2.65126457331926
			6.08537081996001	-2.64820659803285
			6.0823128446736	-2.64514862274644
			6.0823128446736	-2.64209064746002
			6.0823128446736	-2.63903267217361
			6.0823128446736	-2.6359746968872
			6.0823128446736	-2.63291672160079
			6.07925486938718	-2.62985874631437
			6.07925486938718	-2.62680077102796
			6.07925486938718	-2.62374279574155
			6.07925486938718	-2.62068482045514
			6.07925486938718	-2.61762684516873
			6.07619689410077	-2.61456886988231
			6.07619689410077	-2.6115108945959
			6.07619689410077	-2.60845291930949
			6.07619689410077	-2.60539494402308
			6.07313891881436	-2.60233696873667
			6.07313891881436	-2.59927899345025
			6.07313891881436	-2.59622101816384
			6.07313891881436	-2.59316304287743
			6.07008094352795	-2.59010506759102
			6.07008094352795	-2.58704709230461
			6.07008094352795	-2.58398911701819
			6.06702296824153	-2.58093114173178
			6.06702296824153	-2.57787316644537
			6.06702296824153	-2.57481519115896
			6.06396499295512	-2.57175721587255
			6.06396499295512	-2.56869924058613
			6.06396499295512	-2.56564126529972
			6.06090701766871	-2.56258329001331
			6.06090701766871	-2.5595253147269
			6.06090701766871	-2.55646733944049
			6.0578490423823	-2.55340936415407
			6.0578490423823	-2.55035138886766
			6.0578490423823	-2.54729341358125
			6.05479106709589	-2.54423543829484
			6.05479106709589	-2.54117746300843
			6.05479106709589	-2.53811948772201
			6.05173309180947	-2.5350615124356
			6.05173309180947	-2.53200353714919
			6.04867511652306	-2.52894556186278
			6.04867511652306	-2.52588758657636
			6.04867511652306	-2.52282961128995
			6.04561714123665	-2.51977163600354
			6.04561714123665	-2.51671366071713
			6.04255916595024	-2.51365568543072
			6.04255916595024	-2.5105977101443
			6.04255916595024	-2.50753973485789
			6.03950119066383	-2.50448175957148
			6.03950119066383	-2.50142378428507
			6.03644321537741	-2.49836580899866
			6.03644321537741	-2.49530783371224
			6.033385240091	-2.49224985842583
			6.033385240091	-2.48919188313942
			6.03032726480459	-2.48613390785301
			6.03032726480459	-2.4830759325666
			6.02726928951818	-2.48001795728018
			6.02726928951818	-2.47695998199377
			6.02421131423177	-2.47390200670736
			6.02421131423177	-2.47084403142095
			6.02115333894535	-2.46778605613454
			6.02115333894535	-2.46472808084812
			6.01809536365894	-2.46167010556171
			6.01809536365894	-2.4586121302753
			6.01503738837253	-2.45555415498889
			6.01503738837253	-2.45249617970248
			6.01197941308612	-2.44943820441606
			6.01197941308612	-2.44638022912965
			6.00892143779971	-2.44332225384324
			6.00892143779971	-2.44026427855683
			6.00586346251329	-2.43720630327041
			6.00280548722688	-2.434148327984
			6.00280548722688	-2.43109035269759
			5.99974751194047	-2.42803237741118
			5.99974751194047	-2.42497440212477
			5.99668953665406	-2.42191642683835
			5.99668953665406	-2.41885845155194
			5.99363156136765	-2.41580047626553
			5.99057358608123	-2.41274250097912
			5.99057358608123	-2.40968452569271
			5.98751561079482	-2.40662655040629
			5.98445763550841	-2.40356857511988
			5.98445763550841	-2.40051059983347
			5.981399660222	-2.39745262454706
			5.981399660222	-2.39439464926065
			5.97834168493559	-2.39133667397423
			5.97528370964917	-2.38827869868782
			5.97528370964917	-2.38522072340141
			5.97222573436276	-2.382162748115
			5.96916775907635	-2.37910477282859
			5.96916775907635	-2.37604679754217
			5.96610978378994	-2.37298882225576
			5.96305180850352	-2.36993084696935
			5.96305180850352	-2.36687287168294
			5.95999383321711	-2.36381489639653
			5.9569358579307	-2.36075692111011
			5.95387788264429	-2.3576989458237
			5.95387788264429	-2.35464097053729
			5.95081990735788	-2.35158299525088
			5.94776193207146	-2.34852501996447
			5.94776193207146	-2.34546704467805
			5.94470395678505	-2.34240906939164
			5.94164598149864	-2.33935109410523
			5.93858800621223	-2.33629311881882
			5.93858800621223	-2.3332351435324
			5.93553003092582	-2.33017716824599
			5.9324720556394	-2.32711919295958
			5.92941408035299	-2.32406121767317
			5.92635610506658	-2.32100324238676
			5.92635610506658	-2.31794526710034
			5.92329812978017	-2.31488729181393
			5.92024015449376	-2.31182931652752
		</opercle>
	</curves.scaled>
	<ruler.points type=matrix rownames=TRUE colnames=FALSE nrow=2 ncol=2 as.numeric=TRUE >
		Ruler point 1	2438	1933
		Ruler point 2	2765	1936
	</ruler.points>
</shapes>

