<shapes type=list>
	<ruler.pixel type=vector names=FALSE length=1 as.numeric=TRUE >246.032518175952</ruler.pixel>
	<ruler.interval type=vector names=FALSE length=1 as.numeric=TRUE >1</ruler.interval>
	<scaling.units type=vector names=FALSE length=1 as.numeric=FALSE >cm</scaling.units>
	<scaling type=vector names=FALSE length=1 as.numeric=TRUE >0.00406450337302504</scaling>
	<image.name type=vector names=FALSE length=1 as.numeric=FALSE >TU202142_16_L.JPG</image.name>
	<landmarks.pixel type=matrix rownames=TRUE colnames=FALSE nrow=20 ncol=2 as.numeric=TRUE >
		snout_tip	1837	1039
		dorsal_ant	2481	891
		dorsal_post	2680	941
		caud_upper	3269	940
		caud_lower	3268	1106
		anal_post	3058	1129
		anal_ant	2947	1172
		pelv_1	2558	1210
		pect_1	2163	1161
		lower_operc	2132	1159
		upper_operc	2135	982
		eye_center	1978	1010
		eye_1_ant	1938	1010
		eye_2	1948	985
		eye_3_dors	1978	969
		eye_4	2006	975
		eye_5_post	2020	1010
		eye_6	2008	1038
		eye_7_vent	1978	1048
		eye_8	1945	1034
	</landmarks.pixel>
	<landmarks.scaled type=matrix rownames=TRUE colnames=FALSE nrow=20 ncol=2 as.numeric=TRUE >
		snout_tip	7.466492696247	-4.22301900457302
		dorsal_ant	10.0840328684751	-3.62147250536531
		dorsal_post	10.8928690397071	-3.82469767401656
		caud_upper	13.2868615264189	-3.82063317064354
		caud_lower	13.2827970230458	-4.49534073056569
		anal_post	12.4292513147106	-4.58882430814527
		anal_ant	11.9780914403048	-4.76359795318535
		pelv_1	10.3969996281981	-4.9180490813603
		pect_1	8.79152079585316	-4.71888841608207
		lower_operc	8.66552119128938	-4.71075940933602
		upper_operc	8.67771470140846	-3.99134231231059
		eye_center	8.03958767184353	-4.10514840675529
		eye_1_ant	7.87700753692253	-4.10514840675529
		eye_2	7.91765257065278	-4.00353582242966
		eye_3_dors	8.03958767184353	-3.93850376846126
		eye_4	8.15339376628823	-3.96289078869941
		eye_5_post	8.21029681351058	-4.10514840675529
		eye_6	8.16152277303428	-4.21895450119999
		eye_7_vent	8.03958767184353	-4.25959953493024
		eye_8	7.9054590605337	-4.20269648770789
	</landmarks.scaled>
	<curves.control type=list>
		<body_ant type=matrix rownames=FALSE colnames=FALSE nrow=7 ncol=2 as.numeric=TRUE >
			1837	1039
			1920	930
			2114	916
			2163	901
			2293	896
			2340	891
			2481	891
		</body_ant>
		<body_post type=matrix rownames=FALSE colnames=FALSE nrow=5 ncol=2 as.numeric=TRUE >
			2680	941
			2885	980
			3135	970
			3245	953
			3269	940
		</body_post>
		<opercle type=matrix rownames=FALSE colnames=FALSE nrow=3 ncol=2 as.numeric=TRUE >
			2132	1159
			2200	1096
			2135	982
		</opercle>
	</curves.control>
	<curves.pixel type=list>
		<body_ant type=matrix rownames=FALSE colnames=FALSE nrow=663 ncol=2 as.numeric=TRUE >
			1837	1039
			1838	1038
			1838	1037
			1839	1036
			1840	1035
			1841	1034
			1841	1033
			1842	1032
			1843	1031
			1844	1031
			1845	1030
			1845	1029
			1846	1028
			1847	1027
			1848	1026
			1848	1025
			1849	1024
			1850	1023
			1851	1022
			1852	1021
			1853	1020
			1854	1019
			1855	1018
			1856	1017
			1856	1016
			1857	1016
			1858	1015
			1858	1014
			1859	1014
			1860	1013
			1861	1012
			1862	1011
			1863	1010
			1864	1009
			1865	1008
			1866	1007
			1867	1006
			1868	1005
			1869	1004
			1870	1003
			1871	1003
			1872	1002
			1873	1001
			1874	1000
			1875	999
			1876	998
			1877	998
			1878	997
			1878	996
			1879	995
			1880	994
			1881	994
			1882	993
			1883	992
			1884	991
			1885	990
			1886	990
			1887	989
			1888	988
			1889	988
			1889	987
			1890	987
			1891	987
			1891	986
			1892	986
			1892	985
			1893	985
			1894	984
			1895	983
			1896	983
			1897	982
			1898	981
			1899	981
			1900	980
			1901	980
			1901	979
			1902	979
			1903	978
			1904	978
			1904	977
			1905	976
			1906	976
			1907	975
			1908	975
			1908	974
			1909	974
			1910	973
			1911	973
			1912	973
			1913	972
			1914	971
			1915	970
			1916	970
			1917	969
			1918	969
			1919	968
			1920	968
			1921	967
			1922	966
			1923	966
			1924	965
			1925	965
			1926	964
			1927	964
			1928	963
			1929	963
			1930	962
			1931	962
			1932	961
			1933	961
			1934	960
			1935	959
			1936	959
			1937	959
			1938	958
			1939	958
			1940	957
			1941	957
			1942	957
			1942	956
			1943	956
			1944	955
			1945	955
			1946	955
			1946	954
			1947	954
			1948	954
			1949	953
			1950	953
			1951	952
			1952	952
			1953	951
			1954	951
			1955	951
			1956	950
			1957	950
			1958	949
			1959	949
			1960	949
			1961	948
			1962	948
			1963	947
			1964	947
			1965	947
			1966	946
			1967	946
			1968	946
			1969	945
			1970	945
			1971	944
			1972	944
			1973	944
			1974	943
			1975	943
			1976	943
			1977	942
			1978	942
			1979	942
			1980	941
			1981	941
			1982	941
			1983	940
			1984	940
			1985	940
			1986	939
			1987	939
			1988	939
			1989	938
			1990	938
			1991	938
			1992	937
			1993	937
			1994	937
			1995	936
			1996	936
			1997	936
			1998	936
			1999	935
			2000	935
			2001	935
			2002	934
			2003	934
			2004	934
			2005	934
			2006	933
			2007	933
			2008	933
			2009	933
			2010	932
			2011	932
			2012	932
			2013	932
			2014	931
			2015	931
			2016	931
			2017	931
			2018	930
			2019	930
			2020	930
			2021	930
			2022	929
			2023	929
			2024	929
			2025	929
			2026	928
			2027	928
			2028	928
			2029	928
			2030	927
			2031	927
			2032	927
			2033	927
			2034	927
			2035	926
			2036	926
			2037	926
			2038	926
			2039	926
			2040	926
			2041	925
			2042	925
			2043	925
			2044	925
			2045	925
			2046	925
			2046	924
			2047	924
			2048	924
			2049	924
			2050	924
			2051	924
			2052	923
			2053	923
			2054	923
			2055	923
			2056	923
			2057	923
			2058	922
			2059	922
			2060	922
			2061	922
			2062	922
			2063	922
			2064	921
			2065	921
			2066	921
			2067	921
			2068	921
			2069	921
			2070	921
			2071	920
			2072	920
			2073	920
			2074	920
			2075	920
			2076	920
			2077	920
			2078	920
			2079	919
			2080	919
			2081	919
			2082	919
			2083	919
			2084	919
			2085	919
			2086	919
			2087	918
			2088	918
			2089	918
			2090	918
			2091	918
			2092	918
			2093	918
			2094	918
			2095	918
			2096	918
			2097	917
			2098	917
			2099	917
			2100	917
			2101	917
			2102	917
			2103	917
			2104	917
			2105	917
			2106	917
			2107	917
			2108	916
			2109	916
			2110	916
			2111	916
			2112	916
			2113	916
			2114	916
			2115	916
			2116	915
			2117	915
			2118	915
			2119	914
			2120	914
			2121	914
			2122	914
			2123	913
			2124	913
			2125	913
			2126	913
			2127	913
			2128	912
			2129	912
			2130	912
			2131	912
			2132	911
			2133	911
			2134	911
			2135	911
			2136	911
			2137	910
			2138	910
			2139	910
			2140	910
			2141	910
			2142	909
			2143	909
			2144	909
			2145	909
			2146	909
			2147	909
			2148	908
			2149	908
			2150	908
			2151	908
			2152	908
			2153	908
			2154	907
			2155	907
			2156	907
			2157	907
			2158	907
			2159	907
			2160	906
			2161	906
			2162	906
			2163	906
			2164	906
			2165	906
			2166	906
			2167	905
			2168	905
			2169	905
			2170	905
			2171	905
			2172	905
			2173	905
			2174	905
			2175	904
			2176	904
			2177	904
			2178	904
			2179	904
			2180	904
			2181	904
			2182	904
			2183	903
			2184	903
			2185	903
			2186	903
			2187	903
			2188	903
			2189	903
			2190	903
			2191	903
			2192	903
			2193	902
			2194	902
			2195	902
			2196	902
			2197	902
			2198	902
			2199	902
			2200	902
			2201	902
			2202	902
			2203	901
			2204	901
			2205	901
			2206	901
			2207	901
			2208	901
			2209	901
			2210	901
			2211	901
			2212	901
			2213	901
			2214	901
			2215	900
			2216	900
			2217	900
			2218	900
			2219	900
			2220	900
			2221	900
			2222	900
			2223	900
			2224	900
			2225	900
			2226	900
			2227	900
			2228	899
			2229	899
			2230	899
			2231	899
			2232	899
			2233	899
			2234	899
			2235	899
			2236	899
			2237	899
			2238	899
			2239	899
			2240	899
			2241	899
			2242	899
			2243	898
			2244	898
			2245	898
			2246	898
			2247	898
			2248	898
			2249	898
			2250	898
			2251	898
			2252	898
			2253	898
			2254	898
			2255	898
			2256	898
			2257	898
			2258	898
			2259	898
			2260	898
			2260	897
			2261	897
			2262	897
			2263	897
			2264	897
			2265	897
			2266	897
			2267	897
			2268	897
			2269	897
			2270	897
			2271	897
			2272	897
			2273	897
			2274	897
			2275	897
			2276	897
			2277	897
			2278	897
			2279	897
			2280	897
			2281	897
			2282	896
			2283	896
			2284	896
			2285	896
			2286	896
			2287	896
			2288	896
			2289	896
			2290	896
			2291	896
			2292	896
			2293	896
			2294	896
			2295	896
			2296	896
			2297	896
			2298	896
			2299	895
			2300	895
			2301	895
			2302	895
			2303	895
			2304	895
			2305	895
			2306	895
			2307	895
			2308	895
			2309	895
			2310	895
			2311	895
			2312	894
			2313	894
			2314	894
			2315	894
			2316	894
			2317	894
			2318	894
			2319	894
			2320	894
			2321	894
			2322	894
			2323	894
			2324	894
			2325	894
			2326	894
			2327	894
			2328	894
			2329	893
			2330	893
			2331	893
			2332	893
			2333	893
			2334	893
			2335	893
			2336	893
			2337	893
			2338	893
			2339	893
			2340	893
			2341	893
			2342	893
			2343	893
			2344	893
			2345	893
			2346	893
			2347	893
			2348	893
			2349	893
			2350	893
			2351	893
			2352	893
			2353	893
			2354	893
			2355	893
			2355	892
			2356	892
			2357	892
			2358	892
			2359	892
			2360	892
			2361	892
			2362	892
			2363	892
			2364	892
			2365	892
			2366	892
			2367	892
			2368	892
			2369	892
			2370	892
			2371	892
			2372	892
			2373	892
			2374	892
			2375	892
			2376	892
			2377	892
			2378	892
			2379	892
			2380	892
			2381	892
			2382	892
			2383	892
			2384	892
			2385	892
			2386	892
			2387	892
			2388	892
			2389	892
			2390	892
			2391	892
			2392	892
			2393	892
			2394	892
			2395	892
			2396	892
			2397	892
			2398	892
			2399	892
			2400	892
			2401	892
			2402	891
			2403	891
			2404	891
			2405	891
			2406	891
			2407	891
			2408	891
			2409	891
			2410	891
			2411	891
			2412	891
			2413	891
			2414	891
			2415	891
			2416	891
			2417	891
			2418	891
			2419	891
			2420	891
			2421	891
			2422	891
			2423	891
			2424	891
			2425	891
			2426	891
			2427	891
			2428	891
			2429	891
			2430	891
			2431	891
			2432	891
			2433	891
			2434	891
			2435	891
			2436	891
			2437	891
			2438	891
			2439	891
			2440	891
			2441	891
			2442	891
			2443	891
			2444	891
			2445	891
			2446	891
			2447	891
			2448	891
			2449	891
			2450	891
			2451	891
			2452	891
			2453	891
			2454	891
			2455	891
			2456	891
			2457	891
			2458	891
			2459	891
			2460	891
			2461	891
			2462	891
			2463	891
			2464	891
			2465	891
			2466	891
			2467	891
			2468	891
			2469	891
			2470	891
			2471	891
			2472	891
			2473	891
			2474	891
			2475	891
			2476	891
			2477	891
			2478	891
			2479	891
			2480	891
			2481	891
		</body_ant>
		<body_post type=matrix rownames=FALSE colnames=FALSE nrow=598 ncol=2 as.numeric=TRUE >
			2680	941
			2681	941
			2682	941
			2683	942
			2684	942
			2685	942
			2686	942
			2687	942
			2688	943
			2689	943
			2690	943
			2691	943
			2692	943
			2693	943
			2694	944
			2695	944
			2696	944
			2697	944
			2698	944
			2699	945
			2700	945
			2701	945
			2702	945
			2703	945
			2704	945
			2705	946
			2706	946
			2707	946
			2708	946
			2709	946
			2710	946
			2711	947
			2712	947
			2713	947
			2714	947
			2715	947
			2716	947
			2717	948
			2718	948
			2719	948
			2720	948
			2721	948
			2722	948
			2723	949
			2724	949
			2725	949
			2726	949
			2727	949
			2728	949
			2729	950
			2730	950
			2731	950
			2732	950
			2733	950
			2734	950
			2735	950
			2736	951
			2737	951
			2738	951
			2739	951
			2740	951
			2741	951
			2742	952
			2743	952
			2744	952
			2745	952
			2746	952
			2747	952
			2748	952
			2749	953
			2750	953
			2751	953
			2752	953
			2753	953
			2754	953
			2755	953
			2756	954
			2757	954
			2758	954
			2759	954
			2760	954
			2761	954
			2762	954
			2763	955
			2764	955
			2765	955
			2766	955
			2767	955
			2768	955
			2769	955
			2770	955
			2770	956
			2771	956
			2772	956
			2773	956
			2774	956
			2775	956
			2776	956
			2777	956
			2778	957
			2779	957
			2780	957
			2781	957
			2782	957
			2783	957
			2784	957
			2785	957
			2786	958
			2787	958
			2788	958
			2789	958
			2790	958
			2791	958
			2792	958
			2793	958
			2794	958
			2795	959
			2796	959
			2797	959
			2798	959
			2799	959
			2800	959
			2801	959
			2802	959
			2803	959
			2803	960
			2804	960
			2805	960
			2806	960
			2807	960
			2808	960
			2809	960
			2810	960
			2811	960
			2812	961
			2813	961
			2814	961
			2815	961
			2816	961
			2817	961
			2818	961
			2819	961
			2820	961
			2821	962
			2822	962
			2823	962
			2824	962
			2825	962
			2826	962
			2827	962
			2828	962
			2829	962
			2830	962
			2831	963
			2832	963
			2833	963
			2834	963
			2835	963
			2836	963
			2837	963
			2838	963
			2839	963
			2840	963
			2841	963
			2842	964
			2843	964
			2844	964
			2845	964
			2846	964
			2847	964
			2848	964
			2849	964
			2850	964
			2851	964
			2852	964
			2853	964
			2854	965
			2855	965
			2856	965
			2857	965
			2858	965
			2859	965
			2860	965
			2861	965
			2862	965
			2863	965
			2864	965
			2865	965
			2865	966
			2866	966
			2867	966
			2868	966
			2869	966
			2870	966
			2871	966
			2872	966
			2873	966
			2874	966
			2875	966
			2876	966
			2877	966
			2878	967
			2879	967
			2880	967
			2881	967
			2882	967
			2883	967
			2884	967
			2885	967
			2886	967
			2887	967
			2888	967
			2889	967
			2890	967
			2891	967
			2892	967
			2893	968
			2894	968
			2895	968
			2896	968
			2897	968
			2898	968
			2899	968
			2900	968
			2901	968
			2902	968
			2903	968
			2904	968
			2905	968
			2906	968
			2907	968
			2908	968
			2909	968
			2909	969
			2910	969
			2911	969
			2912	969
			2913	969
			2914	969
			2915	969
			2916	969
			2917	969
			2918	969
			2919	969
			2920	969
			2921	969
			2922	969
			2923	969
			2924	969
			2925	969
			2926	969
			2927	969
			2928	970
			2929	970
			2930	970
			2931	970
			2932	970
			2933	970
			2934	970
			2935	970
			2936	970
			2937	970
			2938	970
			2939	970
			2940	970
			2941	970
			2942	970
			2943	970
			2944	970
			2945	970
			2946	970
			2947	970
			2948	970
			2949	970
			2950	970
			2951	971
			2952	971
			2953	971
			2954	971
			2955	971
			2956	971
			2957	971
			2958	971
			2959	971
			2960	971
			2961	971
			2962	971
			2963	971
			2964	971
			2965	971
			2966	971
			2967	971
			2968	971
			2969	971
			2970	971
			2971	971
			2972	971
			2973	971
			2974	971
			2975	971
			2976	971
			2977	971
			2978	971
			2979	971
			2980	971
			2981	971
			2982	971
			2983	971
			2984	971
			2985	971
			2985	972
			2986	972
			2987	972
			2988	972
			2989	972
			2990	972
			2991	972
			2992	972
			2993	972
			2994	972
			2995	972
			2996	972
			2997	972
			2998	972
			2999	972
			3000	972
			3001	972
			3002	972
			3003	972
			3004	972
			3005	972
			3006	972
			3007	972
			3008	972
			3009	972
			3010	972
			3011	972
			3012	972
			3013	972
			3014	972
			3015	972
			3016	972
			3017	972
			3018	972
			3019	972
			3020	972
			3021	972
			3022	972
			3023	972
			3024	972
			3025	972
			3026	972
			3027	972
			3028	972
			3029	972
			3030	972
			3031	972
			3032	972
			3033	972
			3034	972
			3035	972
			3036	972
			3037	972
			3038	972
			3039	972
			3040	972
			3041	972
			3042	972
			3043	972
			3044	972
			3045	972
			3046	972
			3047	972
			3048	972
			3049	972
			3050	972
			3051	972
			3052	972
			3053	972
			3054	972
			3055	972
			3056	972
			3057	972
			3058	972
			3059	972
			3060	972
			3061	972
			3062	972
			3063	972
			3064	972
			3065	972
			3066	972
			3067	972
			3068	972
			3069	972
			3070	972
			3071	972
			3072	972
			3073	972
			3074	972
			3075	972
			3076	972
			3077	972
			3078	972
			3079	972
			3080	972
			3081	972
			3082	972
			3083	972
			3084	972
			3085	972
			3086	971
			3087	971
			3088	971
			3089	971
			3090	971
			3091	971
			3092	971
			3093	971
			3094	971
			3095	971
			3096	971
			3097	971
			3098	971
			3099	971
			3100	971
			3101	971
			3102	971
			3103	971
			3104	971
			3105	971
			3106	971
			3107	971
			3108	971
			3109	971
			3110	971
			3111	971
			3112	971
			3113	971
			3114	971
			3115	971
			3116	971
			3117	971
			3118	971
			3119	971
			3120	971
			3121	971
			3122	970
			3123	970
			3124	970
			3125	970
			3126	970
			3127	970
			3128	970
			3129	970
			3130	970
			3131	970
			3132	970
			3133	970
			3134	970
			3135	970
			3136	970
			3137	970
			3138	970
			3139	969
			3140	969
			3141	969
			3142	969
			3143	969
			3144	969
			3145	968
			3146	968
			3147	968
			3148	968
			3149	968
			3150	968
			3151	967
			3152	967
			3153	967
			3154	967
			3155	967
			3156	967
			3157	966
			3158	966
			3159	966
			3160	966
			3161	966
			3162	966
			3163	965
			3164	965
			3165	965
			3166	965
			3167	965
			3168	965
			3169	965
			3170	964
			3171	964
			3172	964
			3173	964
			3174	964
			3175	964
			3175	963
			3176	963
			3177	963
			3178	963
			3179	963
			3180	962
			3181	962
			3182	962
			3183	962
			3184	962
			3185	962
			3186	962
			3187	961
			3188	961
			3189	961
			3190	961
			3191	961
			3192	960
			3193	960
			3194	960
			3195	960
			3196	960
			3197	959
			3198	959
			3199	959
			3200	959
			3201	959
			3202	958
			3203	958
			3204	958
			3205	958
			3206	958
			3207	958
			3208	957
			3209	957
			3210	957
			3211	957
			3212	956
			3213	956
			3214	956
			3215	956
			3216	956
			3217	955
			3218	955
			3219	955
			3220	955
			3221	955
			3222	954
			3223	954
			3224	954
			3225	954
			3226	954
			3226	953
			3227	953
			3228	953
			3229	953
			3230	952
			3231	952
			3232	952
			3233	952
			3234	952
			3234	951
			3235	951
			3236	951
			3237	951
			3238	951
			3239	950
			3240	950
			3241	950
			3242	950
			3243	949
			3244	949
			3245	949
			3246	948
			3247	948
			3248	948
			3249	948
			3250	947
			3251	947
			3252	947
			3253	946
			3254	946
			3255	946
			3256	945
			3257	945
			3258	945
			3259	944
			3260	944
			3261	944
			3262	943
			3263	943
			3264	942
			3265	942
			3266	941
			3267	941
			3268	941
			3269	940
		</body_post>
		<opercle type=matrix rownames=FALSE colnames=FALSE nrow=184 ncol=2 as.numeric=TRUE >
			2132	1159
			2133	1158
			2134	1157
			2135	1156
			2136	1155
			2137	1154
			2138	1153
			2139	1152
			2140	1151
			2141	1150
			2142	1149
			2143	1148
			2143	1147
			2144	1146
			2145	1145
			2146	1144
			2147	1143
			2147	1142
			2148	1141
			2149	1140
			2150	1139
			2150	1138
			2151	1137
			2151	1136
			2152	1136
			2152	1135
			2152	1134
			2153	1134
			2153	1133
			2154	1132
			2154	1131
			2155	1130
			2155	1129
			2156	1128
			2156	1127
			2157	1127
			2157	1126
			2157	1125
			2158	1124
			2158	1123
			2159	1122
			2159	1121
			2160	1120
			2160	1119
			2160	1118
			2161	1117
			2161	1116
			2161	1115
			2162	1114
			2162	1113
			2162	1112
			2163	1111
			2163	1110
			2163	1109
			2164	1108
			2164	1107
			2164	1106
			2164	1105
			2164	1104
			2165	1103
			2165	1102
			2165	1101
			2165	1100
			2165	1099
			2166	1098
			2166	1097
			2166	1096
			2166	1095
			2166	1094
			2166	1093
			2166	1092
			2166	1091
			2166	1090
			2166	1089
			2167	1088
			2167	1087
			2167	1086
			2167	1085
			2167	1084
			2167	1083
			2167	1082
			2167	1081
			2167	1080
			2167	1079
			2167	1078
			2167	1077
			2167	1076
			2167	1075
			2167	1074
			2166	1073
			2166	1072
			2166	1071
			2166	1070
			2166	1069
			2166	1068
			2166	1067
			2166	1066
			2166	1065
			2166	1064
			2165	1063
			2165	1062
			2165	1061
			2165	1060
			2165	1059
			2165	1058
			2164	1057
			2164	1056
			2164	1055
			2164	1054
			2164	1053
			2164	1052
			2163	1051
			2163	1050
			2163	1049
			2163	1048
			2162	1047
			2162	1046
			2162	1045
			2162	1044
			2161	1043
			2161	1042
			2161	1041
			2161	1040
			2160	1039
			2160	1038
			2160	1037
			2159	1036
			2159	1035
			2159	1034
			2158	1033
			2158	1032
			2158	1031
			2157	1030
			2157	1029
			2157	1028
			2156	1027
			2156	1026
			2156	1025
			2155	1024
			2155	1023
			2154	1022
			2154	1021
			2154	1020
			2153	1019
			2153	1018
			2152	1017
			2152	1016
			2151	1015
			2151	1014
			2150	1013
			2150	1012
			2150	1011
			2149	1010
			2149	1009
			2148	1008
			2148	1007
			2148	1006
			2147	1006
			2147	1005
			2147	1004
			2146	1003
			2146	1002
			2145	1002
			2145	1001
			2145	1000
			2144	999
			2144	998
			2143	998
			2143	997
			2143	996
			2142	995
			2141	994
			2141	993
			2140	992
			2140	991
			2139	990
			2139	989
			2138	988
			2138	987
			2137	986
			2137	985
			2136	984
			2136	983
			2135	982
		</opercle>
	</curves.pixel>
	<curves.scaled type=list>
		<body_ant type=matrix rownames=FALSE colnames=FALSE nrow=663 ncol=2 as.numeric=TRUE >
			7.466492696247	-4.22301900457302
			7.47055719962002	-4.21895450119999
			7.47055719962002	-4.21488999782697
			7.47462170299305	-4.21082549445394
			7.47868620636607	-4.20676099108092
			7.4827507097391	-4.20269648770789
			7.4827507097391	-4.19863198433487
			7.48681521311212	-4.19456748096184
			7.49087971648515	-4.19050297758882
			7.49494421985817	-4.19050297758882
			7.4990087232312	-4.18643847421579
			7.4990087232312	-4.18237397084277
			7.50307322660422	-4.17830946746974
			7.50713772997725	-4.17424496409672
			7.51120223335027	-4.17018046072369
			7.51120223335027	-4.16611595735066
			7.5152667367233	-4.16205145397764
			7.51933124009632	-4.15798695060462
			7.52339574346935	-4.15392244723159
			7.52746024684237	-4.14985794385857
			7.5315247502154	-4.14579344048554
			7.53558925358842	-4.14172893711252
			7.53965375696145	-4.13766443373949
			7.54371826033447	-4.13359993036647
			7.54371826033447	-4.12953542699344
			7.5477827637075	-4.12953542699344
			7.55184726708052	-4.12547092362041
			7.55184726708052	-4.12140642024739
			7.55591177045355	-4.12140642024739
			7.55997627382657	-4.11734191687436
			7.5640407771996	-4.11327741350134
			7.56810528057262	-4.10921291012832
			7.57216978394565	-4.10514840675529
			7.57623428731867	-4.10108390338227
			7.5802987906917	-4.09701940000924
			7.58436329406472	-4.09295489663621
			7.58842779743775	-4.08889039326319
			7.59249230081077	-4.08482588989016
			7.5965568041838	-4.08076138651714
			7.60062130755682	-4.07669688314411
			7.60468581092985	-4.07669688314411
			7.60875031430287	-4.07263237977109
			7.6128148176759	-4.06856787639806
			7.61687932104892	-4.06450337302504
			7.62094382442195	-4.06043886965201
			7.62500832779497	-4.05637436627899
			7.629072831168	-4.05637436627899
			7.63313733454102	-4.05230986290596
			7.63313733454102	-4.04824535953294
			7.63720183791405	-4.04418085615991
			7.64126634128707	-4.04011635278689
			7.6453308446601	-4.04011635278689
			7.64939534803312	-4.03605184941386
			7.65345985140615	-4.03198734604084
			7.65752435477917	-4.02792284266781
			7.6615888581522	-4.02385833929479
			7.66565336152522	-4.02385833929479
			7.66971786489825	-4.01979383592176
			7.67378236827127	-4.01572933254874
			7.6778468716443	-4.01572933254874
			7.6778468716443	-4.01166482917571
			7.68191137501732	-4.01166482917571
			7.68597587839035	-4.01166482917571
			7.68597587839035	-4.00760032580269
			7.69004038176337	-4.00760032580269
			7.69004038176337	-4.00353582242966
			7.6941048851364	-4.00353582242966
			7.69816938850942	-3.99947131905664
			7.70223389188245	-3.99540681568361
			7.70629839525547	-3.99540681568361
			7.7103628986285	-3.99134231231059
			7.71442740200153	-3.98727780893756
			7.71849190537455	-3.98727780893756
			7.72255640874757	-3.98321330556454
			7.7266209121206	-3.98321330556454
			7.7266209121206	-3.97914880219151
			7.73068541549362	-3.97914880219151
			7.73474991886665	-3.97508429881849
			7.73881442223967	-3.97508429881849
			7.73881442223967	-3.97101979544546
			7.7428789256127	-3.96695529207244
			7.74694342898573	-3.96695529207244
			7.75100793235875	-3.96289078869941
			7.75507243573178	-3.96289078869941
			7.75507243573178	-3.95882628532639
			7.7591369391048	-3.95882628532639
			7.76320144247783	-3.95476178195336
			7.76726594585085	-3.95476178195336
			7.77133044922387	-3.95476178195336
			7.7753949525969	-3.95069727858034
			7.77945945596993	-3.94663277520731
			7.78352395934295	-3.94256827183429
			7.78758846271598	-3.94256827183429
			7.791652966089	-3.93850376846126
			7.79571746946203	-3.93850376846126
			7.79978197283505	-3.93443926508824
			7.80384647620808	-3.93443926508824
			7.8079109795811	-3.93037476171521
			7.81197548295413	-3.92631025834219
			7.81603998632715	-3.92631025834219
			7.82010448970018	-3.92224575496916
			7.8241689930732	-3.92224575496916
			7.82823349644623	-3.91818125159614
			7.83229799981925	-3.91818125159614
			7.83636250319228	-3.91411674822311
			7.8404270065653	-3.91411674822311
			7.84449150993833	-3.91005224485009
			7.84855601331135	-3.91005224485009
			7.85262051668438	-3.90598774147706
			7.8566850200574	-3.90598774147706
			7.86074952343043	-3.90192323810404
			7.86481402680345	-3.89785873473101
			7.86887853017648	-3.89785873473101
			7.8729430335495	-3.89785873473101
			7.87700753692253	-3.89379423135799
			7.88107204029555	-3.89379423135799
			7.88513654366858	-3.88972972798496
			7.8892010470416	-3.88972972798496
			7.89326555041463	-3.88972972798496
			7.89326555041463	-3.88566522461194
			7.89733005378765	-3.88566522461194
			7.90139455716068	-3.88160072123891
			7.9054590605337	-3.88160072123891
			7.90952356390673	-3.88160072123891
			7.90952356390673	-3.87753621786589
			7.91358806727975	-3.87753621786589
			7.91765257065278	-3.87753621786589
			7.9217170740258	-3.87347171449286
			7.92578157739883	-3.87347171449286
			7.92984608077185	-3.86940721111984
			7.93391058414488	-3.86940721111984
			7.9379750875179	-3.86534270774681
			7.94203959089093	-3.86534270774681
			7.94610409426395	-3.86534270774681
			7.95016859763698	-3.86127820437379
			7.95423310101	-3.86127820437379
			7.95829760438303	-3.85721370100076
			7.96236210775605	-3.85721370100076
			7.96642661112908	-3.85721370100076
			7.9704911145021	-3.85314919762774
			7.97455561787513	-3.85314919762774
			7.97862012124815	-3.84908469425471
			7.98268462462118	-3.84908469425471
			7.9867491279942	-3.84908469425471
			7.99081363136723	-3.84502019088169
			7.99487813474025	-3.84502019088169
			7.99894263811328	-3.84502019088169
			8.0030071414863	-3.84095568750866
			8.00707164485933	-3.84095568750866
			8.01113614823235	-3.83689118413564
			8.01520065160538	-3.83689118413564
			8.0192651549784	-3.83689118413564
			8.02332965835143	-3.83282668076261
			8.02739416172445	-3.83282668076261
			8.03145866509748	-3.83282668076261
			8.0355231684705	-3.82876217738959
			8.03958767184353	-3.82876217738959
			8.04365217521655	-3.82876217738959
			8.04771667858958	-3.82469767401656
			8.0517811819626	-3.82469767401656
			8.05584568533563	-3.82469767401656
			8.05991018870865	-3.82063317064354
			8.06397469208168	-3.82063317064354
			8.0680391954547	-3.82063317064354
			8.07210369882773	-3.81656866727051
			8.07616820220075	-3.81656866727051
			8.08023270557378	-3.81656866727051
			8.0842972089468	-3.81250416389749
			8.08836171231983	-3.81250416389749
			8.09242621569285	-3.81250416389749
			8.09649071906588	-3.80843966052446
			8.1005552224389	-3.80843966052446
			8.10461972581193	-3.80843966052446
			8.10868422918495	-3.80437515715144
			8.11274873255798	-3.80437515715144
			8.116813235931	-3.80437515715144
			8.12087773930403	-3.80437515715144
			8.12494224267705	-3.80031065377841
			8.12900674605008	-3.80031065377841
			8.1330712494231	-3.80031065377841
			8.13713575279613	-3.79624615040539
			8.14120025616915	-3.79624615040539
			8.14526475954218	-3.79624615040539
			8.1493292629152	-3.79624615040539
			8.15339376628823	-3.79218164703236
			8.15745826966125	-3.79218164703236
			8.16152277303428	-3.79218164703236
			8.1655872764073	-3.79218164703236
			8.16965177978033	-3.78811714365934
			8.17371628315335	-3.78811714365934
			8.17778078652638	-3.78811714365934
			8.1818452898994	-3.78811714365934
			8.18590979327243	-3.78405264028631
			8.18997429664545	-3.78405264028631
			8.19403880001848	-3.78405264028631
			8.1981033033915	-3.78405264028631
			8.20216780676453	-3.77998813691329
			8.20623231013755	-3.77998813691329
			8.21029681351058	-3.77998813691329
			8.2143613168836	-3.77998813691329
			8.21842582025663	-3.77592363354026
			8.22249032362966	-3.77592363354026
			8.22655482700268	-3.77592363354026
			8.2306193303757	-3.77592363354026
			8.23468383374873	-3.77185913016724
			8.23874833712176	-3.77185913016724
			8.24281284049478	-3.77185913016724
			8.2468773438678	-3.77185913016724
			8.25094184724083	-3.76779462679421
			8.25500635061385	-3.76779462679421
			8.25907085398688	-3.76779462679421
			8.26313535735991	-3.76779462679421
			8.26719986073293	-3.76779462679421
			8.27126436410595	-3.76373012342119
			8.27532886747898	-3.76373012342119
			8.27939337085201	-3.76373012342119
			8.28345787422503	-3.76373012342119
			8.28752237759806	-3.76373012342119
			8.29158688097108	-3.76373012342119
			8.29565138434411	-3.75966562004816
			8.29971588771713	-3.75966562004816
			8.30378039109016	-3.75966562004816
			8.30784489446318	-3.75966562004816
			8.3119093978362	-3.75966562004816
			8.31597390120923	-3.75966562004816
			8.31597390120923	-3.75560111667514
			8.32003840458226	-3.75560111667514
			8.32410290795528	-3.75560111667514
			8.32816741132831	-3.75560111667514
			8.33223191470133	-3.75560111667514
			8.33629641807436	-3.75560111667514
			8.34036092144738	-3.75153661330211
			8.34442542482041	-3.75153661330211
			8.34848992819343	-3.75153661330211
			8.35255443156646	-3.75153661330211
			8.35661893493948	-3.75153661330211
			8.36068343831251	-3.75153661330211
			8.36474794168553	-3.74747210992909
			8.36881244505856	-3.74747210992909
			8.37287694843158	-3.74747210992909
			8.37694145180461	-3.74747210992909
			8.38100595517763	-3.74747210992909
			8.38507045855066	-3.74747210992909
			8.38913496192368	-3.74340760655606
			8.39319946529671	-3.74340760655606
			8.39726396866973	-3.74340760655606
			8.40132847204276	-3.74340760655606
			8.40539297541578	-3.74340760655606
			8.40945747878881	-3.74340760655606
			8.41352198216183	-3.74340760655606
			8.41758648553486	-3.73934310318304
			8.42165098890788	-3.73934310318304
			8.42571549228091	-3.73934310318304
			8.42977999565393	-3.73934310318304
			8.43384449902696	-3.73934310318304
			8.43790900239998	-3.73934310318304
			8.44197350577301	-3.73934310318304
			8.44603800914603	-3.73934310318304
			8.45010251251906	-3.73527859981001
			8.45416701589208	-3.73527859981001
			8.45823151926511	-3.73527859981001
			8.46229602263813	-3.73527859981001
			8.46636052601116	-3.73527859981001
			8.47042502938418	-3.73527859981001
			8.47448953275721	-3.73527859981001
			8.47855403613023	-3.73527859981001
			8.48261853950326	-3.73121409643699
			8.48668304287628	-3.73121409643699
			8.49074754624931	-3.73121409643699
			8.49481204962233	-3.73121409643699
			8.49887655299536	-3.73121409643699
			8.50294105636838	-3.73121409643699
			8.50700555974141	-3.73121409643699
			8.51107006311443	-3.73121409643699
			8.51513456648746	-3.73121409643699
			8.51919906986048	-3.73121409643699
			8.52326357323351	-3.72714959306396
			8.52732807660653	-3.72714959306396
			8.53139257997956	-3.72714959306396
			8.53545708335258	-3.72714959306396
			8.53952158672561	-3.72714959306396
			8.54358609009863	-3.72714959306396
			8.54765059347166	-3.72714959306396
			8.55171509684468	-3.72714959306396
			8.55577960021771	-3.72714959306396
			8.55984410359073	-3.72714959306396
			8.56390860696376	-3.72714959306396
			8.56797311033678	-3.72308508969094
			8.57203761370981	-3.72308508969094
			8.57610211708283	-3.72308508969094
			8.58016662045586	-3.72308508969094
			8.58423112382888	-3.72308508969094
			8.58829562720191	-3.72308508969094
			8.59236013057493	-3.72308508969094
			8.59642463394796	-3.72308508969094
			8.60048913732098	-3.71902058631791
			8.60455364069401	-3.71902058631791
			8.60861814406703	-3.71902058631791
			8.61268264744006	-3.71495608294489
			8.61674715081308	-3.71495608294489
			8.62081165418611	-3.71495608294489
			8.62487615755913	-3.71495608294489
			8.62894066093216	-3.71089157957186
			8.63300516430518	-3.71089157957186
			8.63706966767821	-3.71089157957186
			8.64113417105123	-3.71089157957186
			8.64519867442426	-3.71089157957186
			8.64926317779728	-3.70682707619884
			8.65332768117031	-3.70682707619884
			8.65739218454333	-3.70682707619884
			8.66145668791636	-3.70682707619884
			8.66552119128938	-3.70276257282581
			8.66958569466241	-3.70276257282581
			8.67365019803543	-3.70276257282581
			8.67771470140846	-3.70276257282581
			8.68177920478148	-3.70276257282581
			8.68584370815451	-3.69869806945279
			8.68990821152753	-3.69869806945279
			8.69397271490056	-3.69869806945279
			8.69803721827358	-3.69869806945279
			8.70210172164661	-3.69869806945279
			8.70616622501963	-3.69463356607976
			8.71023072839266	-3.69463356607976
			8.71429523176568	-3.69463356607976
			8.71835973513871	-3.69463356607976
			8.72242423851173	-3.69463356607976
			8.72648874188476	-3.69463356607976
			8.73055324525778	-3.69056906270674
			8.73461774863081	-3.69056906270674
			8.73868225200384	-3.69056906270674
			8.74274675537686	-3.69056906270674
			8.74681125874988	-3.69056906270674
			8.75087576212291	-3.69056906270674
			8.75494026549593	-3.68650455933371
			8.75900476886896	-3.68650455933371
			8.76306927224199	-3.68650455933371
			8.76713377561501	-3.68650455933371
			8.77119827898803	-3.68650455933371
			8.77526278236106	-3.68650455933371
			8.77932728573409	-3.68244005596069
			8.78339178910711	-3.68244005596069
			8.78745629248013	-3.68244005596069
			8.79152079585316	-3.68244005596069
			8.79558529922619	-3.68244005596069
			8.79964980259921	-3.68244005596069
			8.80371430597224	-3.68244005596069
			8.80777880934526	-3.67837555258766
			8.81184331271828	-3.67837555258766
			8.81590781609131	-3.67837555258766
			8.81997231946434	-3.67837555258766
			8.82403682283736	-3.67837555258766
			8.82810132621039	-3.67837555258766
			8.83216582958341	-3.67837555258766
			8.83623033295644	-3.67837555258766
			8.84029483632946	-3.67431104921464
			8.84435933970249	-3.67431104921464
			8.84842384307551	-3.67431104921464
			8.85248834644853	-3.67431104921464
			8.85655284982156	-3.67431104921464
			8.86061735319459	-3.67431104921464
			8.86468185656761	-3.67431104921464
			8.86874635994064	-3.67431104921464
			8.87281086331366	-3.67024654584161
			8.87687536668669	-3.67024654584161
			8.88093987005971	-3.67024654584161
			8.88500437343274	-3.67024654584161
			8.88906887680576	-3.67024654584161
			8.89313338017879	-3.67024654584161
			8.89719788355181	-3.67024654584161
			8.90126238692484	-3.67024654584161
			8.90532689029786	-3.67024654584161
			8.90939139367089	-3.67024654584161
			8.91345589704391	-3.66618204246859
			8.91752040041694	-3.66618204246859
			8.92158490378996	-3.66618204246859
			8.92564940716299	-3.66618204246859
			8.92971391053601	-3.66618204246859
			8.93377841390904	-3.66618204246859
			8.93784291728206	-3.66618204246859
			8.94190742065509	-3.66618204246859
			8.94597192402811	-3.66618204246859
			8.95003642740114	-3.66618204246859
			8.95410093077416	-3.66211753909556
			8.95816543414719	-3.66211753909556
			8.96222993752021	-3.66211753909556
			8.96629444089324	-3.66211753909556
			8.97035894426626	-3.66211753909556
			8.97442344763929	-3.66211753909556
			8.97848795101231	-3.66211753909556
			8.98255245438534	-3.66211753909556
			8.98661695775836	-3.66211753909556
			8.99068146113139	-3.66211753909556
			8.99474596450441	-3.66211753909556
			8.99881046787744	-3.66211753909556
			9.00287497125046	-3.65805303572254
			9.00693947462349	-3.65805303572254
			9.01100397799651	-3.65805303572254
			9.01506848136954	-3.65805303572254
			9.01913298474256	-3.65805303572254
			9.02319748811559	-3.65805303572254
			9.02726199148861	-3.65805303572254
			9.03132649486164	-3.65805303572254
			9.03539099823466	-3.65805303572254
			9.03945550160769	-3.65805303572254
			9.04352000498071	-3.65805303572254
			9.04758450835374	-3.65805303572254
			9.05164901172676	-3.65805303572254
			9.05571351509979	-3.65398853234951
			9.05977801847281	-3.65398853234951
			9.06384252184584	-3.65398853234951
			9.06790702521886	-3.65398853234951
			9.07197152859189	-3.65398853234951
			9.07603603196491	-3.65398853234951
			9.08010053533794	-3.65398853234951
			9.08416503871096	-3.65398853234951
			9.08822954208399	-3.65398853234951
			9.09229404545701	-3.65398853234951
			9.09635854883004	-3.65398853234951
			9.10042305220306	-3.65398853234951
			9.10448755557609	-3.65398853234951
			9.10855205894911	-3.65398853234951
			9.11261656232214	-3.65398853234951
			9.11668106569516	-3.64992402897649
			9.12074556906819	-3.64992402897649
			9.12481007244121	-3.64992402897649
			9.12887457581424	-3.64992402897649
			9.13293907918726	-3.64992402897649
			9.13700358256029	-3.64992402897649
			9.14106808593331	-3.64992402897649
			9.14513258930634	-3.64992402897649
			9.14919709267936	-3.64992402897649
			9.15326159605239	-3.64992402897649
			9.15732609942541	-3.64992402897649
			9.16139060279844	-3.64992402897649
			9.16545510617146	-3.64992402897649
			9.16951960954449	-3.64992402897649
			9.17358411291751	-3.64992402897649
			9.17764861629054	-3.64992402897649
			9.18171311966356	-3.64992402897649
			9.18577762303659	-3.64992402897649
			9.18577762303659	-3.64585952560346
			9.18984212640961	-3.64585952560346
			9.19390662978264	-3.64585952560346
			9.19797113315566	-3.64585952560346
			9.20203563652869	-3.64585952560346
			9.20610013990171	-3.64585952560346
			9.21016464327474	-3.64585952560346
			9.21422914664776	-3.64585952560346
			9.21829365002079	-3.64585952560346
			9.22235815339381	-3.64585952560346
			9.22642265676684	-3.64585952560346
			9.23048716013986	-3.64585952560346
			9.23455166351289	-3.64585952560346
			9.23861616688592	-3.64585952560346
			9.24268067025894	-3.64585952560346
			9.24674517363196	-3.64585952560346
			9.25080967700499	-3.64585952560346
			9.25487418037801	-3.64585952560346
			9.25893868375104	-3.64585952560346
			9.26300318712407	-3.64585952560346
			9.26706769049709	-3.64585952560346
			9.27113219387011	-3.64585952560346
			9.27519669724314	-3.64179502223044
			9.27926120061617	-3.64179502223044
			9.28332570398919	-3.64179502223044
			9.28739020736221	-3.64179502223044
			9.29145471073524	-3.64179502223044
			9.29551921410827	-3.64179502223044
			9.29958371748129	-3.64179502223044
			9.30364822085432	-3.64179502223044
			9.30771272422734	-3.64179502223044
			9.31177722760036	-3.64179502223044
			9.31584173097339	-3.64179502223044
			9.31990623434642	-3.64179502223044
			9.32397073771944	-3.64179502223044
			9.32803524109246	-3.64179502223044
			9.33209974446549	-3.64179502223044
			9.33616424783852	-3.64179502223044
			9.34022875121154	-3.64179502223044
			9.34429325458457	-3.63773051885741
			9.34835775795759	-3.63773051885741
			9.35242226133061	-3.63773051885741
			9.35648676470364	-3.63773051885741
			9.36055126807667	-3.63773051885741
			9.36461577144969	-3.63773051885741
			9.36868027482272	-3.63773051885741
			9.37274477819574	-3.63773051885741
			9.37680928156877	-3.63773051885741
			9.38087378494179	-3.63773051885741
			9.38493828831482	-3.63773051885741
			9.38900279168784	-3.63773051885741
			9.39306729506087	-3.63773051885741
			9.39713179843389	-3.63366601548439
			9.40119630180692	-3.63366601548439
			9.40526080517994	-3.63366601548439
			9.40932530855297	-3.63366601548439
			9.41338981192599	-3.63366601548439
			9.41745431529902	-3.63366601548439
			9.42151881867204	-3.63366601548439
			9.42558332204507	-3.63366601548439
			9.42964782541809	-3.63366601548439
			9.43371232879112	-3.63366601548439
			9.43777683216414	-3.63366601548439
			9.44184133553717	-3.63366601548439
			9.44590583891019	-3.63366601548439
			9.44997034228322	-3.63366601548439
			9.45403484565624	-3.63366601548439
			9.45809934902927	-3.63366601548439
			9.46216385240229	-3.63366601548439
			9.46622835577532	-3.62960151211136
			9.47029285914834	-3.62960151211136
			9.47435736252137	-3.62960151211136
			9.47842186589439	-3.62960151211136
			9.48248636926742	-3.62960151211136
			9.48655087264044	-3.62960151211136
			9.49061537601347	-3.62960151211136
			9.49467987938649	-3.62960151211136
			9.49874438275952	-3.62960151211136
			9.50280888613254	-3.62960151211136
			9.50687338950557	-3.62960151211136
			9.51093789287859	-3.62960151211136
			9.51500239625162	-3.62960151211136
			9.51906689962464	-3.62960151211136
			9.52313140299767	-3.62960151211136
			9.52719590637069	-3.62960151211136
			9.53126040974372	-3.62960151211136
			9.53532491311674	-3.62960151211136
			9.53938941648977	-3.62960151211136
			9.54345391986279	-3.62960151211136
			9.54751842323582	-3.62960151211136
			9.55158292660884	-3.62960151211136
			9.55564742998187	-3.62960151211136
			9.55971193335489	-3.62960151211136
			9.56377643672792	-3.62960151211136
			9.56784094010094	-3.62960151211136
			9.57190544347397	-3.62960151211136
			9.57190544347397	-3.62553700873833
			9.57596994684699	-3.62553700873833
			9.58003445022002	-3.62553700873833
			9.58409895359304	-3.62553700873833
			9.58816345696607	-3.62553700873833
			9.59222796033909	-3.62553700873833
			9.59629246371212	-3.62553700873833
			9.60035696708514	-3.62553700873833
			9.60442147045817	-3.62553700873833
			9.60848597383119	-3.62553700873833
			9.61255047720422	-3.62553700873833
			9.61661498057724	-3.62553700873833
			9.62067948395027	-3.62553700873833
			9.62474398732329	-3.62553700873833
			9.62880849069632	-3.62553700873833
			9.63287299406934	-3.62553700873833
			9.63693749744237	-3.62553700873833
			9.64100200081539	-3.62553700873833
			9.64506650418842	-3.62553700873833
			9.64913100756144	-3.62553700873833
			9.65319551093447	-3.62553700873833
			9.65726001430749	-3.62553700873833
			9.66132451768052	-3.62553700873833
			9.66538902105354	-3.62553700873833
			9.66945352442657	-3.62553700873833
			9.67351802779959	-3.62553700873833
			9.67758253117262	-3.62553700873833
			9.68164703454564	-3.62553700873833
			9.68571153791867	-3.62553700873833
			9.68977604129169	-3.62553700873833
			9.69384054466472	-3.62553700873833
			9.69790504803774	-3.62553700873833
			9.70196955141077	-3.62553700873833
			9.70603405478379	-3.62553700873833
			9.71009855815682	-3.62553700873833
			9.71416306152984	-3.62553700873833
			9.71822756490287	-3.62553700873833
			9.72229206827589	-3.62553700873833
			9.72635657164892	-3.62553700873833
			9.73042107502194	-3.62553700873833
			9.73448557839497	-3.62553700873833
			9.738550081768	-3.62553700873833
			9.74261458514102	-3.62553700873833
			9.74667908851404	-3.62553700873833
			9.75074359188707	-3.62553700873833
			9.75480809526009	-3.62553700873833
			9.75887259863312	-3.62553700873833
			9.76293710200614	-3.62147250536531
			9.76700160537917	-3.62147250536531
			9.77106610875219	-3.62147250536531
			9.77513061212522	-3.62147250536531
			9.77919511549825	-3.62147250536531
			9.78325961887127	-3.62147250536531
			9.78732412224429	-3.62147250536531
			9.79138862561732	-3.62147250536531
			9.79545312899035	-3.62147250536531
			9.79951763236337	-3.62147250536531
			9.8035821357364	-3.62147250536531
			9.80764663910942	-3.62147250536531
			9.81171114248244	-3.62147250536531
			9.81577564585547	-3.62147250536531
			9.8198401492285	-3.62147250536531
			9.82390465260152	-3.62147250536531
			9.82796915597454	-3.62147250536531
			9.83203365934757	-3.62147250536531
			9.8360981627206	-3.62147250536531
			9.84016266609362	-3.62147250536531
			9.84422716946665	-3.62147250536531
			9.84829167283967	-3.62147250536531
			9.85235617621269	-3.62147250536531
			9.85642067958572	-3.62147250536531
			9.86048518295875	-3.62147250536531
			9.86454968633177	-3.62147250536531
			9.86861418970479	-3.62147250536531
			9.87267869307782	-3.62147250536531
			9.87674319645085	-3.62147250536531
			9.88080769982387	-3.62147250536531
			9.8848722031969	-3.62147250536531
			9.88893670656992	-3.62147250536531
			9.89300120994295	-3.62147250536531
			9.89706571331597	-3.62147250536531
			9.901130216689	-3.62147250536531
			9.90519472006202	-3.62147250536531
			9.90925922343505	-3.62147250536531
			9.91332372680807	-3.62147250536531
			9.9173882301811	-3.62147250536531
			9.92145273355412	-3.62147250536531
			9.92551723692715	-3.62147250536531
			9.92958174030017	-3.62147250536531
			9.9336462436732	-3.62147250536531
			9.93771074704622	-3.62147250536531
			9.94177525041925	-3.62147250536531
			9.94583975379227	-3.62147250536531
			9.9499042571653	-3.62147250536531
			9.95396876053832	-3.62147250536531
			9.95803326391135	-3.62147250536531
			9.96209776728437	-3.62147250536531
			9.9661622706574	-3.62147250536531
			9.97022677403042	-3.62147250536531
			9.97429127740345	-3.62147250536531
			9.97835578077647	-3.62147250536531
			9.9824202841495	-3.62147250536531
			9.98648478752252	-3.62147250536531
			9.99054929089555	-3.62147250536531
			9.99461379426857	-3.62147250536531
			9.9986782976416	-3.62147250536531
			10.0027428010146	-3.62147250536531
			10.0068073043876	-3.62147250536531
			10.0108718077607	-3.62147250536531
			10.0149363111337	-3.62147250536531
			10.0190008145067	-3.62147250536531
			10.0230653178797	-3.62147250536531
			10.0271298212528	-3.62147250536531
			10.0311943246258	-3.62147250536531
			10.0352588279988	-3.62147250536531
			10.0393233313718	-3.62147250536531
			10.0433878347449	-3.62147250536531
			10.0474523381179	-3.62147250536531
			10.0515168414909	-3.62147250536531
			10.0555813448639	-3.62147250536531
			10.059645848237	-3.62147250536531
			10.06371035161	-3.62147250536531
			10.067774854983	-3.62147250536531
			10.071839358356	-3.62147250536531
			10.0759038617291	-3.62147250536531
			10.0799683651021	-3.62147250536531
			10.0840328684751	-3.62147250536531
		</body_ant>
		<body_post type=matrix rownames=FALSE colnames=FALSE nrow=598 ncol=2 as.numeric=TRUE >
			10.8928690397071	-3.82469767401656
			10.8969335430801	-3.82469767401656
			10.9009980464532	-3.82469767401656
			10.9050625498262	-3.82876217738959
			10.9091270531992	-3.82876217738959
			10.9131915565722	-3.82876217738959
			10.9172560599453	-3.82876217738959
			10.9213205633183	-3.82876217738959
			10.9253850666913	-3.83282668076261
			10.9294495700643	-3.83282668076261
			10.9335140734374	-3.83282668076261
			10.9375785768104	-3.83282668076261
			10.9416430801834	-3.83282668076261
			10.9457075835564	-3.83282668076261
			10.9497720869295	-3.83689118413564
			10.9538365903025	-3.83689118413564
			10.9579010936755	-3.83689118413564
			10.9619655970485	-3.83689118413564
			10.9660301004216	-3.83689118413564
			10.9700946037946	-3.84095568750866
			10.9741591071676	-3.84095568750866
			10.9782236105406	-3.84095568750866
			10.9822881139137	-3.84095568750866
			10.9863526172867	-3.84095568750866
			10.9904171206597	-3.84095568750866
			10.9944816240327	-3.84502019088169
			10.9985461274058	-3.84502019088169
			11.0026106307788	-3.84502019088169
			11.0066751341518	-3.84502019088169
			11.0107396375248	-3.84502019088169
			11.0148041408979	-3.84502019088169
			11.0188686442709	-3.84908469425471
			11.0229331476439	-3.84908469425471
			11.0269976510169	-3.84908469425471
			11.03106215439	-3.84908469425471
			11.035126657763	-3.84908469425471
			11.039191161136	-3.84908469425471
			11.043255664509	-3.85314919762774
			11.0473201678821	-3.85314919762774
			11.0513846712551	-3.85314919762774
			11.0554491746281	-3.85314919762774
			11.0595136780011	-3.85314919762774
			11.0635781813742	-3.85314919762774
			11.0676426847472	-3.85721370100076
			11.0717071881202	-3.85721370100076
			11.0757716914932	-3.85721370100076
			11.0798361948663	-3.85721370100076
			11.0839006982393	-3.85721370100076
			11.0879652016123	-3.85721370100076
			11.0920297049853	-3.86127820437379
			11.0960942083584	-3.86127820437379
			11.1001587117314	-3.86127820437379
			11.1042232151044	-3.86127820437379
			11.1082877184774	-3.86127820437379
			11.1123522218505	-3.86127820437379
			11.1164167252235	-3.86127820437379
			11.1204812285965	-3.86534270774681
			11.1245457319695	-3.86534270774681
			11.1286102353426	-3.86534270774681
			11.1326747387156	-3.86534270774681
			11.1367392420886	-3.86534270774681
			11.1408037454616	-3.86534270774681
			11.1448682488347	-3.86940721111984
			11.1489327522077	-3.86940721111984
			11.1529972555807	-3.86940721111984
			11.1570617589537	-3.86940721111984
			11.1611262623268	-3.86940721111984
			11.1651907656998	-3.86940721111984
			11.1692552690728	-3.86940721111984
			11.1733197724458	-3.87347171449286
			11.1773842758189	-3.87347171449286
			11.1814487791919	-3.87347171449286
			11.1855132825649	-3.87347171449286
			11.1895777859379	-3.87347171449286
			11.193642289311	-3.87347171449286
			11.197706792684	-3.87347171449286
			11.201771296057	-3.87753621786589
			11.20583579943	-3.87753621786589
			11.2099003028031	-3.87753621786589
			11.2139648061761	-3.87753621786589
			11.2180293095491	-3.87753621786589
			11.2220938129221	-3.87753621786589
			11.2261583162952	-3.87753621786589
			11.2302228196682	-3.88160072123891
			11.2342873230412	-3.88160072123891
			11.2383518264142	-3.88160072123891
			11.2424163297873	-3.88160072123891
			11.2464808331603	-3.88160072123891
			11.2505453365333	-3.88160072123891
			11.2546098399063	-3.88160072123891
			11.2586743432794	-3.88160072123891
			11.2586743432794	-3.88566522461194
			11.2627388466524	-3.88566522461194
			11.2668033500254	-3.88566522461194
			11.2708678533984	-3.88566522461194
			11.2749323567715	-3.88566522461194
			11.2789968601445	-3.88566522461194
			11.2830613635175	-3.88566522461194
			11.2871258668905	-3.88566522461194
			11.2911903702636	-3.88972972798496
			11.2952548736366	-3.88972972798496
			11.2993193770096	-3.88972972798496
			11.3033838803826	-3.88972972798496
			11.3074483837557	-3.88972972798496
			11.3115128871287	-3.88972972798496
			11.3155773905017	-3.88972972798496
			11.3196418938747	-3.88972972798496
			11.3237063972478	-3.89379423135799
			11.3277709006208	-3.89379423135799
			11.3318354039938	-3.89379423135799
			11.3358999073668	-3.89379423135799
			11.3399644107399	-3.89379423135799
			11.3440289141129	-3.89379423135799
			11.3480934174859	-3.89379423135799
			11.3521579208589	-3.89379423135799
			11.356222424232	-3.89379423135799
			11.360286927605	-3.89785873473101
			11.364351430978	-3.89785873473101
			11.368415934351	-3.89785873473101
			11.3724804377241	-3.89785873473101
			11.3765449410971	-3.89785873473101
			11.3806094444701	-3.89785873473101
			11.3846739478431	-3.89785873473101
			11.3887384512162	-3.89785873473101
			11.3928029545892	-3.89785873473101
			11.3928029545892	-3.90192323810404
			11.3968674579622	-3.90192323810404
			11.4009319613352	-3.90192323810404
			11.4049964647083	-3.90192323810404
			11.4090609680813	-3.90192323810404
			11.4131254714543	-3.90192323810404
			11.4171899748273	-3.90192323810404
			11.4212544782004	-3.90192323810404
			11.4253189815734	-3.90192323810404
			11.4293834849464	-3.90598774147706
			11.4334479883194	-3.90598774147706
			11.4375124916925	-3.90598774147706
			11.4415769950655	-3.90598774147706
			11.4456414984385	-3.90598774147706
			11.4497060018115	-3.90598774147706
			11.4537705051846	-3.90598774147706
			11.4578350085576	-3.90598774147706
			11.4618995119306	-3.90598774147706
			11.4659640153036	-3.91005224485009
			11.4700285186767	-3.91005224485009
			11.4740930220497	-3.91005224485009
			11.4781575254227	-3.91005224485009
			11.4822220287957	-3.91005224485009
			11.4862865321688	-3.91005224485009
			11.4903510355418	-3.91005224485009
			11.4944155389148	-3.91005224485009
			11.4984800422878	-3.91005224485009
			11.5025445456609	-3.91005224485009
			11.5066090490339	-3.91411674822311
			11.5106735524069	-3.91411674822311
			11.5147380557799	-3.91411674822311
			11.518802559153	-3.91411674822311
			11.522867062526	-3.91411674822311
			11.526931565899	-3.91411674822311
			11.530996069272	-3.91411674822311
			11.5350605726451	-3.91411674822311
			11.5391250760181	-3.91411674822311
			11.5431895793911	-3.91411674822311
			11.5472540827641	-3.91411674822311
			11.5513185861372	-3.91818125159614
			11.5553830895102	-3.91818125159614
			11.5594475928832	-3.91818125159614
			11.5635120962562	-3.91818125159614
			11.5675765996293	-3.91818125159614
			11.5716411030023	-3.91818125159614
			11.5757056063753	-3.91818125159614
			11.5797701097483	-3.91818125159614
			11.5838346131214	-3.91818125159614
			11.5878991164944	-3.91818125159614
			11.5919636198674	-3.91818125159614
			11.5960281232404	-3.91818125159614
			11.6000926266135	-3.92224575496916
			11.6041571299865	-3.92224575496916
			11.6082216333595	-3.92224575496916
			11.6122861367325	-3.92224575496916
			11.6163506401056	-3.92224575496916
			11.6204151434786	-3.92224575496916
			11.6244796468516	-3.92224575496916
			11.6285441502246	-3.92224575496916
			11.6326086535977	-3.92224575496916
			11.6366731569707	-3.92224575496916
			11.6407376603437	-3.92224575496916
			11.6448021637167	-3.92224575496916
			11.6448021637167	-3.92631025834219
			11.6488666670898	-3.92631025834219
			11.6529311704628	-3.92631025834219
			11.6569956738358	-3.92631025834219
			11.6610601772088	-3.92631025834219
			11.6651246805819	-3.92631025834219
			11.6691891839549	-3.92631025834219
			11.6732536873279	-3.92631025834219
			11.6773181907009	-3.92631025834219
			11.681382694074	-3.92631025834219
			11.685447197447	-3.92631025834219
			11.68951170082	-3.92631025834219
			11.693576204193	-3.92631025834219
			11.6976407075661	-3.93037476171521
			11.7017052109391	-3.93037476171521
			11.7057697143121	-3.93037476171521
			11.7098342176851	-3.93037476171521
			11.7138987210582	-3.93037476171521
			11.7179632244312	-3.93037476171521
			11.7220277278042	-3.93037476171521
			11.7260922311772	-3.93037476171521
			11.7301567345503	-3.93037476171521
			11.7342212379233	-3.93037476171521
			11.7382857412963	-3.93037476171521
			11.7423502446693	-3.93037476171521
			11.7464147480424	-3.93037476171521
			11.7504792514154	-3.93037476171521
			11.7545437547884	-3.93037476171521
			11.7586082581614	-3.93443926508824
			11.7626727615345	-3.93443926508824
			11.7667372649075	-3.93443926508824
			11.7708017682805	-3.93443926508824
			11.7748662716535	-3.93443926508824
			11.7789307750266	-3.93443926508824
			11.7829952783996	-3.93443926508824
			11.7870597817726	-3.93443926508824
			11.7911242851456	-3.93443926508824
			11.7951887885187	-3.93443926508824
			11.7992532918917	-3.93443926508824
			11.8033177952647	-3.93443926508824
			11.8073822986377	-3.93443926508824
			11.8114468020108	-3.93443926508824
			11.8155113053838	-3.93443926508824
			11.8195758087568	-3.93443926508824
			11.8236403121298	-3.93443926508824
			11.8236403121298	-3.93850376846126
			11.8277048155029	-3.93850376846126
			11.8317693188759	-3.93850376846126
			11.8358338222489	-3.93850376846126
			11.8398983256219	-3.93850376846126
			11.843962828995	-3.93850376846126
			11.848027332368	-3.93850376846126
			11.852091835741	-3.93850376846126
			11.856156339114	-3.93850376846126
			11.8602208424871	-3.93850376846126
			11.8642853458601	-3.93850376846126
			11.8683498492331	-3.93850376846126
			11.8724143526061	-3.93850376846126
			11.8764788559792	-3.93850376846126
			11.8805433593522	-3.93850376846126
			11.8846078627252	-3.93850376846126
			11.8886723660982	-3.93850376846126
			11.8927368694713	-3.93850376846126
			11.8968013728443	-3.93850376846126
			11.9008658762173	-3.94256827183429
			11.9049303795903	-3.94256827183429
			11.9089948829634	-3.94256827183429
			11.9130593863364	-3.94256827183429
			11.9171238897094	-3.94256827183429
			11.9211883930824	-3.94256827183429
			11.9252528964555	-3.94256827183429
			11.9293173998285	-3.94256827183429
			11.9333819032015	-3.94256827183429
			11.9374464065745	-3.94256827183429
			11.9415109099476	-3.94256827183429
			11.9455754133206	-3.94256827183429
			11.9496399166936	-3.94256827183429
			11.9537044200666	-3.94256827183429
			11.9577689234397	-3.94256827183429
			11.9618334268127	-3.94256827183429
			11.9658979301857	-3.94256827183429
			11.9699624335587	-3.94256827183429
			11.9740269369318	-3.94256827183429
			11.9780914403048	-3.94256827183429
			11.9821559436778	-3.94256827183429
			11.9862204470508	-3.94256827183429
			11.9902849504239	-3.94256827183429
			11.9943494537969	-3.94663277520731
			11.9984139571699	-3.94663277520731
			12.0024784605429	-3.94663277520731
			12.006542963916	-3.94663277520731
			12.010607467289	-3.94663277520731
			12.014671970662	-3.94663277520731
			12.018736474035	-3.94663277520731
			12.0228009774081	-3.94663277520731
			12.0268654807811	-3.94663277520731
			12.0309299841541	-3.94663277520731
			12.0349944875271	-3.94663277520731
			12.0390589909002	-3.94663277520731
			12.0431234942732	-3.94663277520731
			12.0471879976462	-3.94663277520731
			12.0512525010192	-3.94663277520731
			12.0553170043923	-3.94663277520731
			12.0593815077653	-3.94663277520731
			12.0634460111383	-3.94663277520731
			12.0675105145113	-3.94663277520731
			12.0715750178844	-3.94663277520731
			12.0756395212574	-3.94663277520731
			12.0797040246304	-3.94663277520731
			12.0837685280034	-3.94663277520731
			12.0878330313765	-3.94663277520731
			12.0918975347495	-3.94663277520731
			12.0959620381225	-3.94663277520731
			12.1000265414955	-3.94663277520731
			12.1040910448686	-3.94663277520731
			12.1081555482416	-3.94663277520731
			12.1122200516146	-3.94663277520731
			12.1162845549876	-3.94663277520731
			12.1203490583607	-3.94663277520731
			12.1244135617337	-3.94663277520731
			12.1284780651067	-3.94663277520731
			12.1325425684797	-3.94663277520731
			12.1325425684797	-3.95069727858034
			12.1366070718528	-3.95069727858034
			12.1406715752258	-3.95069727858034
			12.1447360785988	-3.95069727858034
			12.1488005819718	-3.95069727858034
			12.1528650853449	-3.95069727858034
			12.1569295887179	-3.95069727858034
			12.1609940920909	-3.95069727858034
			12.1650585954639	-3.95069727858034
			12.169123098837	-3.95069727858034
			12.17318760221	-3.95069727858034
			12.177252105583	-3.95069727858034
			12.181316608956	-3.95069727858034
			12.1853811123291	-3.95069727858034
			12.1894456157021	-3.95069727858034
			12.1935101190751	-3.95069727858034
			12.1975746224481	-3.95069727858034
			12.2016391258212	-3.95069727858034
			12.2057036291942	-3.95069727858034
			12.2097681325672	-3.95069727858034
			12.2138326359402	-3.95069727858034
			12.2178971393133	-3.95069727858034
			12.2219616426863	-3.95069727858034
			12.2260261460593	-3.95069727858034
			12.2300906494323	-3.95069727858034
			12.2341551528054	-3.95069727858034
			12.2382196561784	-3.95069727858034
			12.2422841595514	-3.95069727858034
			12.2463486629244	-3.95069727858034
			12.2504131662975	-3.95069727858034
			12.2544776696705	-3.95069727858034
			12.2585421730435	-3.95069727858034
			12.2626066764165	-3.95069727858034
			12.2666711797896	-3.95069727858034
			12.2707356831626	-3.95069727858034
			12.2748001865356	-3.95069727858034
			12.2788646899086	-3.95069727858034
			12.2829291932817	-3.95069727858034
			12.2869936966547	-3.95069727858034
			12.2910582000277	-3.95069727858034
			12.2951227034007	-3.95069727858034
			12.2991872067738	-3.95069727858034
			12.3032517101468	-3.95069727858034
			12.3073162135198	-3.95069727858034
			12.3113807168928	-3.95069727858034
			12.3154452202659	-3.95069727858034
			12.3195097236389	-3.95069727858034
			12.3235742270119	-3.95069727858034
			12.3276387303849	-3.95069727858034
			12.331703233758	-3.95069727858034
			12.335767737131	-3.95069727858034
			12.339832240504	-3.95069727858034
			12.343896743877	-3.95069727858034
			12.3479612472501	-3.95069727858034
			12.3520257506231	-3.95069727858034
			12.3560902539961	-3.95069727858034
			12.3601547573691	-3.95069727858034
			12.3642192607422	-3.95069727858034
			12.3682837641152	-3.95069727858034
			12.3723482674882	-3.95069727858034
			12.3764127708612	-3.95069727858034
			12.3804772742343	-3.95069727858034
			12.3845417776073	-3.95069727858034
			12.3886062809803	-3.95069727858034
			12.3926707843533	-3.95069727858034
			12.3967352877264	-3.95069727858034
			12.4007997910994	-3.95069727858034
			12.4048642944724	-3.95069727858034
			12.4089287978454	-3.95069727858034
			12.4129933012185	-3.95069727858034
			12.4170578045915	-3.95069727858034
			12.4211223079645	-3.95069727858034
			12.4251868113375	-3.95069727858034
			12.4292513147106	-3.95069727858034
			12.4333158180836	-3.95069727858034
			12.4373803214566	-3.95069727858034
			12.4414448248296	-3.95069727858034
			12.4455093282027	-3.95069727858034
			12.4495738315757	-3.95069727858034
			12.4536383349487	-3.95069727858034
			12.4577028383217	-3.95069727858034
			12.4617673416948	-3.95069727858034
			12.4658318450678	-3.95069727858034
			12.4698963484408	-3.95069727858034
			12.4739608518138	-3.95069727858034
			12.4780253551869	-3.95069727858034
			12.4820898585599	-3.95069727858034
			12.4861543619329	-3.95069727858034
			12.4902188653059	-3.95069727858034
			12.494283368679	-3.95069727858034
			12.498347872052	-3.95069727858034
			12.502412375425	-3.95069727858034
			12.506476878798	-3.95069727858034
			12.5105413821711	-3.95069727858034
			12.5146058855441	-3.95069727858034
			12.5186703889171	-3.95069727858034
			12.5227348922901	-3.95069727858034
			12.5267993956632	-3.95069727858034
			12.5308638990362	-3.95069727858034
			12.5349284024092	-3.95069727858034
			12.5389929057822	-3.95069727858034
			12.5430574091553	-3.94663277520731
			12.5471219125283	-3.94663277520731
			12.5511864159013	-3.94663277520731
			12.5552509192743	-3.94663277520731
			12.5593154226474	-3.94663277520731
			12.5633799260204	-3.94663277520731
			12.5674444293934	-3.94663277520731
			12.5715089327664	-3.94663277520731
			12.5755734361395	-3.94663277520731
			12.5796379395125	-3.94663277520731
			12.5837024428855	-3.94663277520731
			12.5877669462585	-3.94663277520731
			12.5918314496316	-3.94663277520731
			12.5958959530046	-3.94663277520731
			12.5999604563776	-3.94663277520731
			12.6040249597506	-3.94663277520731
			12.6080894631237	-3.94663277520731
			12.6121539664967	-3.94663277520731
			12.6162184698697	-3.94663277520731
			12.6202829732427	-3.94663277520731
			12.6243474766158	-3.94663277520731
			12.6284119799888	-3.94663277520731
			12.6324764833618	-3.94663277520731
			12.6365409867348	-3.94663277520731
			12.6406054901079	-3.94663277520731
			12.6446699934809	-3.94663277520731
			12.6487344968539	-3.94663277520731
			12.6527990002269	-3.94663277520731
			12.6568635036	-3.94663277520731
			12.660928006973	-3.94663277520731
			12.664992510346	-3.94663277520731
			12.669057013719	-3.94663277520731
			12.6731215170921	-3.94663277520731
			12.6771860204651	-3.94663277520731
			12.6812505238381	-3.94663277520731
			12.6853150272111	-3.94663277520731
			12.6893795305842	-3.94256827183429
			12.6934440339572	-3.94256827183429
			12.6975085373302	-3.94256827183429
			12.7015730407032	-3.94256827183429
			12.7056375440763	-3.94256827183429
			12.7097020474493	-3.94256827183429
			12.7137665508223	-3.94256827183429
			12.7178310541953	-3.94256827183429
			12.7218955575684	-3.94256827183429
			12.7259600609414	-3.94256827183429
			12.7300245643144	-3.94256827183429
			12.7340890676874	-3.94256827183429
			12.7381535710605	-3.94256827183429
			12.7422180744335	-3.94256827183429
			12.7462825778065	-3.94256827183429
			12.7503470811795	-3.94256827183429
			12.7544115845526	-3.94256827183429
			12.7584760879256	-3.93850376846126
			12.7625405912986	-3.93850376846126
			12.7666050946716	-3.93850376846126
			12.7706695980447	-3.93850376846126
			12.7747341014177	-3.93850376846126
			12.7787986047907	-3.93850376846126
			12.7828631081637	-3.93443926508824
			12.7869276115368	-3.93443926508824
			12.7909921149098	-3.93443926508824
			12.7950566182828	-3.93443926508824
			12.7991211216558	-3.93443926508824
			12.8031856250289	-3.93443926508824
			12.8072501284019	-3.93037476171521
			12.8113146317749	-3.93037476171521
			12.8153791351479	-3.93037476171521
			12.819443638521	-3.93037476171521
			12.823508141894	-3.93037476171521
			12.827572645267	-3.93037476171521
			12.83163714864	-3.92631025834219
			12.8357016520131	-3.92631025834219
			12.8397661553861	-3.92631025834219
			12.8438306587591	-3.92631025834219
			12.8478951621321	-3.92631025834219
			12.8519596655052	-3.92631025834219
			12.8560241688782	-3.92224575496916
			12.8600886722512	-3.92224575496916
			12.8641531756242	-3.92224575496916
			12.8682176789973	-3.92224575496916
			12.8722821823703	-3.92224575496916
			12.8763466857433	-3.92224575496916
			12.8804111891163	-3.92224575496916
			12.8844756924894	-3.91818125159614
			12.8885401958624	-3.91818125159614
			12.8926046992354	-3.91818125159614
			12.8966692026085	-3.91818125159614
			12.9007337059815	-3.91818125159614
			12.9047982093545	-3.91818125159614
			12.9047982093545	-3.91411674822311
			12.9088627127275	-3.91411674822311
			12.9129272161006	-3.91411674822311
			12.9169917194736	-3.91411674822311
			12.9210562228466	-3.91411674822311
			12.9251207262196	-3.91005224485009
			12.9291852295927	-3.91005224485009
			12.9332497329657	-3.91005224485009
			12.9373142363387	-3.91005224485009
			12.9413787397117	-3.91005224485009
			12.9454432430847	-3.91005224485009
			12.9495077464578	-3.91005224485009
			12.9535722498308	-3.90598774147706
			12.9576367532038	-3.90598774147706
			12.9617012565769	-3.90598774147706
			12.9657657599499	-3.90598774147706
			12.9698302633229	-3.90598774147706
			12.9738947666959	-3.90192323810404
			12.977959270069	-3.90192323810404
			12.982023773442	-3.90192323810404
			12.986088276815	-3.90192323810404
			12.990152780188	-3.90192323810404
			12.9942172835611	-3.89785873473101
			12.9982817869341	-3.89785873473101
			13.0023462903071	-3.89785873473101
			13.0064107936801	-3.89785873473101
			13.0104752970532	-3.89785873473101
			13.0145398004262	-3.89379423135799
			13.0186043037992	-3.89379423135799
			13.0226688071722	-3.89379423135799
			13.0267333105453	-3.89379423135799
			13.0307978139183	-3.89379423135799
			13.0348623172913	-3.89379423135799
			13.0389268206643	-3.88972972798496
			13.0429913240374	-3.88972972798496
			13.0470558274104	-3.88972972798496
			13.0511203307834	-3.88972972798496
			13.0551848341564	-3.88566522461194
			13.0592493375295	-3.88566522461194
			13.0633138409025	-3.88566522461194
			13.0673783442755	-3.88566522461194
			13.0714428476485	-3.88566522461194
			13.0755073510216	-3.88160072123891
			13.0795718543946	-3.88160072123891
			13.0836363577676	-3.88160072123891
			13.0877008611406	-3.88160072123891
			13.0917653645137	-3.88160072123891
			13.0958298678867	-3.87753621786589
			13.0998943712597	-3.87753621786589
			13.1039588746327	-3.87753621786589
			13.1080233780058	-3.87753621786589
			13.1120878813788	-3.87753621786589
			13.1120878813788	-3.87347171449286
			13.1161523847518	-3.87347171449286
			13.1202168881248	-3.87347171449286
			13.1242813914979	-3.87347171449286
			13.1283458948709	-3.86940721111984
			13.1324103982439	-3.86940721111984
			13.1364749016169	-3.86940721111984
			13.14053940499	-3.86940721111984
			13.144603908363	-3.86940721111984
			13.144603908363	-3.86534270774681
			13.148668411736	-3.86534270774681
			13.152732915109	-3.86534270774681
			13.1567974184821	-3.86534270774681
			13.1608619218551	-3.86534270774681
			13.1649264252281	-3.86127820437379
			13.1689909286011	-3.86127820437379
			13.1730554319742	-3.86127820437379
			13.1771199353472	-3.86127820437379
			13.1811844387202	-3.85721370100076
			13.1852489420932	-3.85721370100076
			13.1893134454663	-3.85721370100076
			13.1933779488393	-3.85314919762774
			13.1974424522123	-3.85314919762774
			13.2015069555853	-3.85314919762774
			13.2055714589584	-3.85314919762774
			13.2096359623314	-3.84908469425471
			13.2137004657044	-3.84908469425471
			13.2177649690774	-3.84908469425471
			13.2218294724505	-3.84502019088169
			13.2258939758235	-3.84502019088169
			13.2299584791965	-3.84502019088169
			13.2340229825695	-3.84095568750866
			13.2380874859426	-3.84095568750866
			13.2421519893156	-3.84095568750866
			13.2462164926886	-3.83689118413564
			13.2502809960616	-3.83689118413564
			13.2543454994347	-3.83689118413564
			13.2584100028077	-3.83282668076261
			13.2624745061807	-3.83282668076261
			13.2665390095537	-3.82876217738959
			13.2706035129268	-3.82876217738959
			13.2746680162998	-3.82469767401656
			13.2787325196728	-3.82469767401656
			13.2827970230458	-3.82469767401656
			13.2868615264189	-3.82063317064354
		</body_post>
		<opercle type=matrix rownames=FALSE colnames=FALSE nrow=184 ncol=2 as.numeric=TRUE >
			8.66552119128938	-4.71075940933602
			8.66958569466241	-4.706694905963
			8.67365019803543	-4.70263040258997
			8.67771470140846	-4.69856589921695
			8.68177920478148	-4.69450139584392
			8.68584370815451	-4.6904368924709
			8.68990821152753	-4.68637238909787
			8.69397271490056	-4.68230788572485
			8.69803721827358	-4.67824338235182
			8.70210172164661	-4.6741788789788
			8.70616622501963	-4.67011437560577
			8.71023072839266	-4.66604987223274
			8.71023072839266	-4.66198536885972
			8.71429523176568	-4.6579208654867
			8.71835973513871	-4.65385636211367
			8.72242423851173	-4.64979185874065
			8.72648874188476	-4.64572735536762
			8.72648874188476	-4.6416628519946
			8.73055324525778	-4.63759834862157
			8.73461774863081	-4.63353384524854
			8.73868225200384	-4.62946934187552
			8.73868225200384	-4.62540483850249
			8.74274675537686	-4.62134033512947
			8.74274675537686	-4.61727583175644
			8.74681125874988	-4.61727583175644
			8.74681125874988	-4.61321132838342
			8.74681125874988	-4.6091468250104
			8.75087576212291	-4.6091468250104
			8.75087576212291	-4.60508232163737
			8.75494026549593	-4.60101781826434
			8.75494026549593	-4.59695331489132
			8.75900476886896	-4.59288881151829
			8.75900476886896	-4.58882430814527
			8.76306927224199	-4.58475980477224
			8.76306927224199	-4.58069530139922
			8.76713377561501	-4.58069530139922
			8.76713377561501	-4.57663079802619
			8.76713377561501	-4.57256629465317
			8.77119827898803	-4.56850179128014
			8.77119827898803	-4.56443728790712
			8.77526278236106	-4.56037278453409
			8.77526278236106	-4.55630828116107
			8.77932728573409	-4.55224377778804
			8.77932728573409	-4.54817927441502
			8.77932728573409	-4.54411477104199
			8.78339178910711	-4.54005026766897
			8.78339178910711	-4.53598576429594
			8.78339178910711	-4.53192126092292
			8.78745629248013	-4.52785675754989
			8.78745629248013	-4.52379225417687
			8.78745629248013	-4.51972775080384
			8.79152079585316	-4.51566324743082
			8.79152079585316	-4.51159874405779
			8.79152079585316	-4.50753424068477
			8.79558529922619	-4.50346973731174
			8.79558529922619	-4.49940523393872
			8.79558529922619	-4.49534073056569
			8.79558529922619	-4.49127622719267
			8.79558529922619	-4.48721172381964
			8.79964980259921	-4.48314722044662
			8.79964980259921	-4.47908271707359
			8.79964980259921	-4.47501821370057
			8.79964980259921	-4.47095371032754
			8.79964980259921	-4.46688920695452
			8.80371430597224	-4.46282470358149
			8.80371430597224	-4.45876020020847
			8.80371430597224	-4.45469569683544
			8.80371430597224	-4.45063119346242
			8.80371430597224	-4.44656669008939
			8.80371430597224	-4.44250218671637
			8.80371430597224	-4.43843768334334
			8.80371430597224	-4.43437317997032
			8.80371430597224	-4.43030867659729
			8.80371430597224	-4.42624417322427
			8.80777880934526	-4.42217966985124
			8.80777880934526	-4.41811516647822
			8.80777880934526	-4.41405066310519
			8.80777880934526	-4.40998615973217
			8.80777880934526	-4.40592165635914
			8.80777880934526	-4.40185715298612
			8.80777880934526	-4.39779264961309
			8.80777880934526	-4.39372814624007
			8.80777880934526	-4.38966364286704
			8.80777880934526	-4.38559913949402
			8.80777880934526	-4.38153463612099
			8.80777880934526	-4.37747013274797
			8.80777880934526	-4.37340562937494
			8.80777880934526	-4.36934112600192
			8.80777880934526	-4.36527662262889
			8.80371430597224	-4.36121211925587
			8.80371430597224	-4.35714761588284
			8.80371430597224	-4.35308311250982
			8.80371430597224	-4.34901860913679
			8.80371430597224	-4.34495410576377
			8.80371430597224	-4.34088960239074
			8.80371430597224	-4.33682509901772
			8.80371430597224	-4.33276059564469
			8.80371430597224	-4.32869609227167
			8.80371430597224	-4.32463158889864
			8.79964980259921	-4.32056708552562
			8.79964980259921	-4.31650258215259
			8.79964980259921	-4.31243807877957
			8.79964980259921	-4.30837357540654
			8.79964980259921	-4.30430907203352
			8.79964980259921	-4.30024456866049
			8.79558529922619	-4.29618006528747
			8.79558529922619	-4.29211556191444
			8.79558529922619	-4.28805105854142
			8.79558529922619	-4.28398655516839
			8.79558529922619	-4.27992205179537
			8.79558529922619	-4.27585754842234
			8.79152079585316	-4.27179304504932
			8.79152079585316	-4.26772854167629
			8.79152079585316	-4.26366403830327
			8.79152079585316	-4.25959953493024
			8.78745629248013	-4.25553503155722
			8.78745629248013	-4.25147052818419
			8.78745629248013	-4.24740602481117
			8.78745629248013	-4.24334152143814
			8.78339178910711	-4.23927701806512
			8.78339178910711	-4.23521251469209
			8.78339178910711	-4.23114801131907
			8.78339178910711	-4.22708350794604
			8.77932728573409	-4.22301900457302
			8.77932728573409	-4.21895450119999
			8.77932728573409	-4.21488999782697
			8.77526278236106	-4.21082549445394
			8.77526278236106	-4.20676099108092
			8.77526278236106	-4.20269648770789
			8.77119827898803	-4.19863198433487
			8.77119827898803	-4.19456748096184
			8.77119827898803	-4.19050297758882
			8.76713377561501	-4.18643847421579
			8.76713377561501	-4.18237397084277
			8.76713377561501	-4.17830946746974
			8.76306927224199	-4.17424496409672
			8.76306927224199	-4.17018046072369
			8.76306927224199	-4.16611595735066
			8.75900476886896	-4.16205145397764
			8.75900476886896	-4.15798695060462
			8.75494026549593	-4.15392244723159
			8.75494026549593	-4.14985794385857
			8.75494026549593	-4.14579344048554
			8.75087576212291	-4.14172893711252
			8.75087576212291	-4.13766443373949
			8.74681125874988	-4.13359993036647
			8.74681125874988	-4.12953542699344
			8.74274675537686	-4.12547092362041
			8.74274675537686	-4.12140642024739
			8.73868225200384	-4.11734191687436
			8.73868225200384	-4.11327741350134
			8.73868225200384	-4.10921291012832
			8.73461774863081	-4.10514840675529
			8.73461774863081	-4.10108390338227
			8.73055324525778	-4.09701940000924
			8.73055324525778	-4.09295489663621
			8.73055324525778	-4.08889039326319
			8.72648874188476	-4.08889039326319
			8.72648874188476	-4.08482588989016
			8.72648874188476	-4.08076138651714
			8.72242423851173	-4.07669688314411
			8.72242423851173	-4.07263237977109
			8.71835973513871	-4.07263237977109
			8.71835973513871	-4.06856787639806
			8.71835973513871	-4.06450337302504
			8.71429523176568	-4.06043886965201
			8.71429523176568	-4.05637436627899
			8.71023072839266	-4.05637436627899
			8.71023072839266	-4.05230986290596
			8.71023072839266	-4.04824535953294
			8.70616622501963	-4.04418085615991
			8.70210172164661	-4.04011635278689
			8.70210172164661	-4.03605184941386
			8.69803721827358	-4.03198734604084
			8.69803721827358	-4.02792284266781
			8.69397271490056	-4.02385833929479
			8.69397271490056	-4.01979383592176
			8.68990821152753	-4.01572933254874
			8.68990821152753	-4.01166482917571
			8.68584370815451	-4.00760032580269
			8.68584370815451	-4.00353582242966
			8.68177920478148	-3.99947131905664
			8.68177920478148	-3.99540681568361
			8.67771470140846	-3.99134231231059
		</opercle>
	</curves.scaled>
	<ruler.points type=matrix rownames=TRUE colnames=FALSE nrow=2 ncol=2 as.numeric=TRUE >
		Ruler point 1	2436	2212
		Ruler point 2	2682	2216
	</ruler.points>
</shapes>

