<shapes type=list>
	<ruler.pixel type=vector names=FALSE length=1 as.numeric=TRUE >400.061245311265</ruler.pixel>
	<ruler.interval type=vector names=FALSE length=1 as.numeric=TRUE >1</ruler.interval>
	<scaling.units type=vector names=FALSE length=1 as.numeric=FALSE >cm</scaling.units>
	<scaling type=vector names=FALSE length=1 as.numeric=TRUE >0.00249961727540481</scaling>
	<image.name type=vector names=FALSE length=1 as.numeric=FALSE >TU204100_1_L.JPG</image.name>
	<landmarks.pixel type=matrix rownames=TRUE colnames=FALSE nrow=20 ncol=2 as.numeric=TRUE >
		snout_tip	2143	528
		dorsal_ant	2673	423
		dorsal_post	2814	481
		caud_upper	3231	557
		caud_lower	3249	662
		anal_post	3085	636
		anal_ant	3004	652
		pelv_1	2745	631
		pect_1	2461	615
		lower_operc	2411	614
		upper_operc	2395	477
		eye_center	2255	522
		eye_1_ant	2206	522
		eye_2	2221	494
		eye_3_dors	2252	481
		eye_4	2287	492
		eye_5_post	2299	524
		eye_6	2283	553
		eye_7_vent	2252	557
		eye_8	2222	546
	</landmarks.pixel>
	<landmarks.scaled type=matrix rownames=TRUE colnames=FALSE nrow=20 ncol=2 as.numeric=TRUE >
		snout_tip	5.35667982119251	-1.31979792141374
		dorsal_ant	6.68147697715706	-1.05733810749624
		dorsal_post	7.03392301298914	-1.20231590946971
		caud_upper	8.07626341683295	-1.39228682240048
		caud_lower	8.12125652779024	-1.65474663631799
		anal_post	7.71131929462385	-1.58975658715746
		anal_ant	7.50885029531606	-1.62975046356394
		pelv_1	6.86144942098621	-1.57725850078044
		pect_1	6.15155811477124	-1.53726462437396
		lower_operc	6.026577251001	-1.53476500709855
		upper_operc	5.98658337459453	-1.1923174403681
		eye_center	5.63663695603785	-1.30480021776131
		eye_1_ant	5.51415570954302	-1.30480021776131
		eye_2	5.55164996867409	-1.23481093404998
		eye_3_dors	5.62913810421164	-1.20231590946971
		eye_4	5.71662470885081	-1.22981169949917
		eye_5_post	5.74662011615566	-1.30979945231212
		eye_6	5.70662623974919	-1.38228835329886
		eye_7_vent	5.62913810421164	-1.39228682240048
		eye_8	5.55414958594949	-1.36479103237103
	</landmarks.scaled>
	<curves.control type=list>
		<body_ant type=matrix rownames=FALSE colnames=FALSE nrow=7 ncol=2 as.numeric=TRUE >
			2143	528
			2222	433
			2376	428
			2452	416
			2525	413
			2589	413
			2673	423
		</body_ant>
		<body_post type=matrix rownames=FALSE colnames=FALSE nrow=5 ncol=2 as.numeric=TRUE >
			2814	481
			2889	516
			3088	543
			3167	561
			3231	557
		</body_post>
		<opercle type=matrix rownames=FALSE colnames=FALSE nrow=3 ncol=2 as.numeric=TRUE >
			2411	614
			2448	543
			2395	477
		</opercle>
	</curves.control>
	<curves.pixel type=list>
		<body_ant type=matrix rownames=FALSE colnames=FALSE nrow=536 ncol=2 as.numeric=TRUE >
			2143	528
			2144	527
			2145	526
			2146	525
			2146	524
			2147	523
			2148	522
			2149	521
			2150	520
			2151	519
			2152	518
			2153	517
			2153	516
			2154	515
			2155	514
			2156	513
			2157	512
			2158	511
			2159	511
			2160	510
			2161	509
			2162	508
			2163	507
			2164	506
			2165	505
			2166	504
			2166	503
			2167	502
			2168	502
			2169	501
			2170	500
			2171	499
			2172	498
			2173	497
			2174	496
			2175	496
			2176	495
			2177	494
			2178	493
			2179	492
			2180	491
			2181	491
			2182	490
			2183	489
			2184	488
			2185	487
			2186	487
			2187	486
			2188	486
			2188	485
			2189	485
			2190	484
			2191	483
			2192	482
			2193	482
			2194	481
			2195	481
			2196	480
			2197	479
			2198	478
			2199	478
			2200	477
			2201	477
			2202	476
			2203	475
			2204	475
			2205	474
			2206	474
			2207	473
			2208	472
			2209	472
			2210	471
			2211	471
			2212	470
			2213	469
			2214	469
			2215	468
			2216	468
			2217	467
			2218	467
			2219	466
			2220	466
			2221	465
			2222	465
			2223	464
			2224	463
			2225	463
			2226	462
			2227	462
			2228	461
			2229	461
			2230	460
			2231	460
			2232	459
			2233	459
			2234	458
			2235	458
			2236	457
			2237	457
			2238	456
			2239	456
			2240	456
			2241	455
			2242	455
			2243	454
			2244	454
			2245	454
			2246	453
			2247	453
			2248	452
			2249	452
			2250	452
			2251	451
			2252	451
			2253	451
			2254	450
			2255	450
			2256	450
			2257	449
			2258	449
			2259	448
			2260	448
			2261	448
			2262	447
			2263	447
			2264	447
			2265	446
			2266	446
			2267	446
			2268	445
			2269	445
			2270	445
			2271	445
			2272	444
			2273	444
			2274	444
			2275	443
			2276	443
			2277	443
			2278	442
			2279	442
			2280	442
			2281	442
			2282	441
			2283	441
			2284	441
			2285	440
			2286	440
			2287	440
			2288	440
			2289	439
			2290	439
			2291	439
			2292	439
			2293	438
			2294	438
			2295	438
			2296	438
			2297	438
			2298	437
			2299	437
			2300	437
			2301	437
			2302	436
			2303	436
			2304	436
			2305	436
			2306	436
			2307	436
			2308	435
			2309	435
			2310	435
			2311	435
			2312	435
			2313	434
			2314	434
			2315	434
			2316	434
			2317	434
			2318	434
			2319	433
			2320	433
			2321	433
			2322	433
			2323	433
			2324	433
			2325	432
			2326	432
			2327	432
			2328	432
			2329	432
			2330	432
			2331	432
			2332	431
			2333	431
			2334	431
			2335	431
			2336	431
			2337	431
			2338	431
			2339	431
			2340	431
			2340	430
			2341	430
			2342	430
			2343	430
			2344	430
			2345	430
			2346	430
			2347	430
			2348	430
			2349	430
			2350	430
			2351	429
			2352	429
			2353	429
			2354	429
			2355	429
			2356	429
			2357	429
			2358	429
			2359	429
			2360	429
			2361	429
			2362	429
			2363	429
			2364	429
			2365	428
			2366	428
			2367	428
			2368	428
			2369	428
			2370	428
			2371	428
			2372	428
			2373	428
			2374	428
			2375	428
			2376	428
			2377	428
			2378	428
			2379	428
			2380	427
			2381	427
			2382	427
			2383	427
			2384	427
			2385	427
			2386	426
			2387	426
			2388	426
			2389	426
			2390	426
			2391	426
			2392	426
			2393	425
			2394	425
			2395	425
			2396	425
			2397	425
			2398	425
			2399	425
			2400	424
			2401	424
			2402	424
			2403	424
			2404	424
			2405	424
			2406	424
			2407	423
			2408	423
			2409	423
			2410	423
			2411	423
			2412	423
			2413	423
			2414	423
			2415	422
			2416	422
			2417	422
			2418	422
			2419	422
			2420	422
			2421	422
			2422	421
			2423	421
			2424	421
			2425	421
			2426	421
			2427	421
			2428	421
			2429	421
			2430	421
			2431	420
			2432	420
			2433	420
			2434	420
			2435	420
			2436	420
			2437	420
			2438	420
			2439	420
			2440	419
			2441	419
			2442	419
			2443	419
			2444	419
			2445	419
			2446	419
			2447	419
			2448	419
			2449	418
			2450	418
			2451	418
			2452	418
			2453	418
			2454	418
			2455	418
			2456	418
			2457	418
			2458	418
			2459	417
			2460	417
			2461	417
			2462	417
			2463	417
			2464	417
			2465	417
			2466	417
			2467	417
			2468	417
			2469	417
			2470	417
			2471	416
			2472	416
			2473	416
			2474	416
			2475	416
			2476	416
			2477	416
			2478	416
			2479	416
			2480	416
			2481	416
			2482	416
			2483	415
			2484	415
			2485	415
			2486	415
			2487	415
			2488	415
			2489	415
			2490	415
			2491	415
			2492	415
			2493	415
			2494	415
			2495	415
			2496	415
			2497	414
			2498	414
			2499	414
			2500	414
			2501	414
			2502	414
			2503	414
			2504	414
			2505	414
			2506	414
			2507	414
			2508	414
			2509	414
			2510	414
			2511	414
			2512	414
			2513	414
			2514	413
			2515	413
			2516	413
			2517	413
			2518	413
			2519	413
			2520	413
			2521	413
			2522	413
			2523	413
			2524	413
			2525	413
			2526	413
			2527	413
			2528	413
			2529	413
			2530	413
			2531	413
			2532	413
			2533	413
			2534	413
			2535	413
			2536	413
			2537	413
			2538	413
			2539	413
			2540	413
			2541	413
			2542	413
			2543	413
			2544	413
			2545	413
			2546	413
			2547	413
			2548	413
			2549	413
			2550	413
			2551	413
			2552	413
			2553	413
			2554	413
			2555	414
			2556	414
			2557	414
			2558	414
			2559	414
			2560	414
			2561	414
			2562	414
			2563	414
			2564	414
			2565	414
			2566	414
			2567	414
			2568	414
			2569	414
			2570	414
			2571	414
			2572	414
			2573	414
			2574	414
			2575	414
			2576	414
			2577	414
			2578	415
			2579	415
			2580	415
			2581	415
			2582	415
			2583	415
			2584	415
			2585	415
			2586	415
			2587	415
			2588	415
			2589	415
			2590	415
			2591	415
			2592	415
			2593	415
			2594	416
			2595	416
			2596	416
			2597	416
			2598	416
			2599	416
			2600	416
			2601	416
			2602	416
			2603	416
			2604	416
			2605	416
			2606	416
			2607	416
			2608	417
			2609	417
			2610	417
			2611	417
			2612	417
			2613	417
			2614	417
			2615	417
			2616	417
			2617	417
			2618	417
			2619	417
			2620	418
			2621	418
			2622	418
			2623	418
			2624	418
			2625	418
			2626	418
			2627	418
			2628	418
			2629	418
			2630	418
			2631	419
			2632	419
			2633	419
			2634	419
			2635	419
			2636	419
			2637	419
			2638	419
			2639	419
			2640	419
			2641	420
			2642	420
			2643	420
			2644	420
			2645	420
			2646	420
			2647	420
			2648	420
			2649	420
			2650	420
			2651	421
			2652	421
			2653	421
			2654	421
			2655	421
			2656	421
			2657	421
			2658	421
			2659	421
			2660	422
			2661	422
			2662	422
			2663	422
			2664	422
			2665	422
			2666	422
			2667	422
			2668	422
			2669	423
			2670	423
			2671	423
			2672	423
			2673	423
		</body_ant>
		<body_post type=matrix rownames=FALSE colnames=FALSE nrow=429 ncol=2 as.numeric=TRUE >
			2814	481
			2815	481
			2815	482
			2816	482
			2817	482
			2818	483
			2819	483
			2820	484
			2821	484
			2822	484
			2823	485
			2824	485
			2825	486
			2826	486
			2827	487
			2828	487
			2829	487
			2829	488
			2830	488
			2831	488
			2832	489
			2833	489
			2834	489
			2835	490
			2836	490
			2837	491
			2838	491
			2839	491
			2840	491
			2840	492
			2841	492
			2842	492
			2843	493
			2844	493
			2845	493
			2846	494
			2847	494
			2848	494
			2849	495
			2850	495
			2851	495
			2852	496
			2853	496
			2854	496
			2855	497
			2856	497
			2857	497
			2858	498
			2859	498
			2860	498
			2861	499
			2862	499
			2863	499
			2864	500
			2865	500
			2866	500
			2867	500
			2868	501
			2869	501
			2870	501
			2871	502
			2872	502
			2873	502
			2874	502
			2875	503
			2876	503
			2877	503
			2878	503
			2879	504
			2880	504
			2881	504
			2882	505
			2883	505
			2884	505
			2885	505
			2886	506
			2887	506
			2888	506
			2889	507
			2890	507
			2891	507
			2892	507
			2893	508
			2894	508
			2895	508
			2896	508
			2897	508
			2898	509
			2899	509
			2900	509
			2901	510
			2902	510
			2903	510
			2904	510
			2905	510
			2906	511
			2907	511
			2908	511
			2909	511
			2910	512
			2911	512
			2912	512
			2913	512
			2914	513
			2915	513
			2916	513
			2917	513
			2918	514
			2919	514
			2920	514
			2921	514
			2922	514
			2923	515
			2924	515
			2925	515
			2926	515
			2927	516
			2928	516
			2929	516
			2930	516
			2931	516
			2931	517
			2932	517
			2933	517
			2934	517
			2935	517
			2936	518
			2937	518
			2938	518
			2939	518
			2940	518
			2941	519
			2942	519
			2943	519
			2944	519
			2945	519
			2946	520
			2947	520
			2948	520
			2949	520
			2950	520
			2951	521
			2952	521
			2953	521
			2954	521
			2955	521
			2956	522
			2957	522
			2958	522
			2959	522
			2960	522
			2961	522
			2962	523
			2963	523
			2964	523
			2965	523
			2966	523
			2967	524
			2968	524
			2969	524
			2970	524
			2971	524
			2972	525
			2973	525
			2974	525
			2975	525
			2976	525
			2977	526
			2978	526
			2979	526
			2980	526
			2981	526
			2982	527
			2983	527
			2984	527
			2985	527
			2986	527
			2987	527
			2988	528
			2989	528
			2990	528
			2991	528
			2992	528
			2993	528
			2994	529
			2995	529
			2996	529
			2997	529
			2998	529
			2999	529
			3000	530
			3001	530
			3002	530
			3003	530
			3004	530
			3005	530
			3006	531
			3007	531
			3008	531
			3009	531
			3010	531
			3011	531
			3012	532
			3013	532
			3014	532
			3015	532
			3016	532
			3017	532
			3017	533
			3018	533
			3019	533
			3020	533
			3021	533
			3022	533
			3023	533
			3023	534
			3024	534
			3025	534
			3026	534
			3027	534
			3028	534
			3029	534
			3030	534
			3030	535
			3031	535
			3032	535
			3033	535
			3034	535
			3035	535
			3036	535
			3037	536
			3038	536
			3039	536
			3040	536
			3041	536
			3042	536
			3043	537
			3044	537
			3045	537
			3046	537
			3047	537
			3048	537
			3049	537
			3050	538
			3051	538
			3052	538
			3053	538
			3054	538
			3055	538
			3056	538
			3057	539
			3058	539
			3059	539
			3060	539
			3061	539
			3062	539
			3063	539
			3063	540
			3064	540
			3065	540
			3066	540
			3067	540
			3068	540
			3069	540
			3070	540
			3071	541
			3072	541
			3073	541
			3074	541
			3075	541
			3076	541
			3077	542
			3078	542
			3079	542
			3080	542
			3081	542
			3082	542
			3083	542
			3084	542
			3084	543
			3085	543
			3086	543
			3087	543
			3088	543
			3089	543
			3090	543
			3091	544
			3092	544
			3093	544
			3094	544
			3095	544
			3095	545
			3096	545
			3097	545
			3098	545
			3099	545
			3100	546
			3101	546
			3102	546
			3103	546
			3104	546
			3105	547
			3106	547
			3107	547
			3108	547
			3109	547
			3110	548
			3111	548
			3112	548
			3113	548
			3114	548
			3115	549
			3116	549
			3117	549
			3118	549
			3119	549
			3120	550
			3121	550
			3122	550
			3123	550
			3124	550
			3125	550
			3126	551
			3127	551
			3128	551
			3129	551
			3130	551
			3131	551
			3132	551
			3133	552
			3134	552
			3135	552
			3136	552
			3137	552
			3138	552
			3139	553
			3140	553
			3141	553
			3142	553
			3143	553
			3144	553
			3145	553
			3146	553
			3146	554
			3147	554
			3148	554
			3149	554
			3150	554
			3151	554
			3152	554
			3153	554
			3154	554
			3155	555
			3156	555
			3157	555
			3158	555
			3159	555
			3160	555
			3161	555
			3162	555
			3163	555
			3164	556
			3165	556
			3166	556
			3167	556
			3168	556
			3169	556
			3170	556
			3171	556
			3172	556
			3173	556
			3174	556
			3175	557
			3176	557
			3177	557
			3178	557
			3179	557
			3180	557
			3181	557
			3182	557
			3183	557
			3184	557
			3185	557
			3186	557
			3187	557
			3188	557
			3189	557
			3190	557
			3191	557
			3192	557
			3193	557
			3194	558
			3195	558
			3196	558
			3197	558
			3198	558
			3199	558
			3200	558
			3201	558
			3202	558
			3203	558
			3204	558
			3205	558
			3206	558
			3207	558
			3208	558
			3209	558
			3210	558
			3211	558
			3212	558
			3213	558
			3214	558
			3215	558
			3216	558
			3217	558
			3218	558
			3219	558
			3220	558
			3221	558
			3222	557
			3223	557
			3224	557
			3225	557
			3226	557
			3227	557
			3228	557
			3229	557
			3230	557
			3231	557
		</body_post>
		<opercle type=matrix rownames=FALSE colnames=FALSE nrow=139 ncol=2 as.numeric=TRUE >
			2411	614
			2411	613
			2412	612
			2412	611
			2413	610
			2413	609
			2414	608
			2414	607
			2415	606
			2415	605
			2416	604
			2416	603
			2416	602
			2417	601
			2418	600
			2418	599
			2418	598
			2419	597
			2419	596
			2419	595
			2420	594
			2420	593
			2420	592
			2421	591
			2421	590
			2421	589
			2422	588
			2422	587
			2422	586
			2422	585
			2423	584
			2423	583
			2423	582
			2423	581
			2424	580
			2424	579
			2424	578
			2424	577
			2424	576
			2425	575
			2425	574
			2425	573
			2425	572
			2425	571
			2425	570
			2425	569
			2426	568
			2426	567
			2426	566
			2426	565
			2426	564
			2426	563
			2426	562
			2426	561
			2426	560
			2426	559
			2426	558
			2426	557
			2426	556
			2426	555
			2426	554
			2426	553
			2426	552
			2426	551
			2426	550
			2426	549
			2426	548
			2426	547
			2426	546
			2426	545
			2425	544
			2425	543
			2425	542
			2425	541
			2425	540
			2425	539
			2425	538
			2424	537
			2424	536
			2424	535
			2424	534
			2424	533
			2423	532
			2423	531
			2423	530
			2423	529
			2422	528
			2422	527
			2422	526
			2421	525
			2421	524
			2421	523
			2420	522
			2420	521
			2420	520
			2419	519
			2419	518
			2419	517
			2418	516
			2418	515
			2417	514
			2417	513
			2417	512
			2416	511
			2416	510
			2415	509
			2415	508
			2414	507
			2414	506
			2413	505
			2413	504
			2412	503
			2412	502
			2411	501
			2411	500
			2410	499
			2410	498
			2409	497
			2409	496
			2408	495
			2407	494
			2407	493
			2406	493
			2406	492
			2405	491
			2404	490
			2404	489
			2403	488
			2402	487
			2402	486
			2401	485
			2400	484
			2399	483
			2399	482
			2398	481
			2397	480
			2397	479
			2396	478
			2395	477
		</opercle>
	</curves.pixel>
	<curves.scaled type=list>
		<body_ant type=matrix rownames=FALSE colnames=FALSE nrow=536 ncol=2 as.numeric=TRUE >
			5.35667982119251	-1.31979792141374
			5.35917943846792	-1.31729830413834
			5.36167905574332	-1.31479868686293
			5.36417867301873	-1.31229906958753
			5.36417867301873	-1.30979945231212
			5.36667829029413	-1.30729983503672
			5.36917790756954	-1.30480021776131
			5.37167752484494	-1.30230060048591
			5.37417714212035	-1.2998009832105
			5.37667675939575	-1.2973013659351
			5.37917637667116	-1.29480174865969
			5.38167599394656	-1.29230213138429
			5.38167599394656	-1.28980251410888
			5.38417561122197	-1.28730289683348
			5.38667522849737	-1.28480327955807
			5.38917484577278	-1.28230366228267
			5.39167446304818	-1.27980404500726
			5.39417408032358	-1.27730442773186
			5.39667369759899	-1.27730442773186
			5.39917331487439	-1.27480481045645
			5.4016729321498	-1.27230519318105
			5.4041725494252	-1.26980557590564
			5.40667216670061	-1.26730595863024
			5.40917178397601	-1.26480634135483
			5.41167140125142	-1.26230672407943
			5.41417101852682	-1.25980710680403
			5.41417101852682	-1.25730748952862
			5.41667063580223	-1.25480787225322
			5.41917025307763	-1.25480787225322
			5.42166987035304	-1.25230825497781
			5.42416948762844	-1.24980863770241
			5.42666910490385	-1.247309020427
			5.42916872217925	-1.2448094031516
			5.43166833945466	-1.24230978587619
			5.43416795673006	-1.23981016860079
			5.43666757400547	-1.23981016860079
			5.43916719128087	-1.23731055132538
			5.44166680855628	-1.23481093404998
			5.44416642583168	-1.23231131677457
			5.44666604310709	-1.22981169949917
			5.44916566038249	-1.22731208222376
			5.4516652776579	-1.22731208222376
			5.4541648949333	-1.22481246494836
			5.4566645122087	-1.22231284767295
			5.45916412948411	-1.21981323039755
			5.46166374675951	-1.21731361312214
			5.46416336403492	-1.21731361312214
			5.46666298131032	-1.21481399584674
			5.46916259858573	-1.21481399584674
			5.46916259858573	-1.21231437857133
			5.47166221586113	-1.21231437857133
			5.47416183313654	-1.20981476129593
			5.47666145041194	-1.20731514402052
			5.47916106768735	-1.20481552674512
			5.48166068496275	-1.20481552674512
			5.48416030223816	-1.20231590946971
			5.48665991951356	-1.20231590946971
			5.48915953678897	-1.19981629219431
			5.49165915406437	-1.19731667491891
			5.49415877133978	-1.1948170576435
			5.49665838861518	-1.1948170576435
			5.49915800589059	-1.1923174403681
			5.50165762316599	-1.1923174403681
			5.5041572404414	-1.18981782309269
			5.5066568577168	-1.18731820581729
			5.50915647499221	-1.18731820581729
			5.51165609226761	-1.18481858854188
			5.51415570954302	-1.18481858854188
			5.51665532681842	-1.18231897126648
			5.51915494409383	-1.17981935399107
			5.52165456136923	-1.17981935399107
			5.52415417864464	-1.17731973671567
			5.52665379592004	-1.17731973671567
			5.52915341319544	-1.17482011944026
			5.53165303047085	-1.17232050216486
			5.53415264774625	-1.17232050216486
			5.53665226502166	-1.16982088488945
			5.53915188229706	-1.16982088488945
			5.54165149957247	-1.16732126761405
			5.54415111684787	-1.16732126761405
			5.54665073412328	-1.16482165033864
			5.54915035139868	-1.16482165033864
			5.55164996867409	-1.16232203306324
			5.55414958594949	-1.16232203306324
			5.5566492032249	-1.15982241578783
			5.5591488205003	-1.15732279851243
			5.56164843777571	-1.15732279851243
			5.56414805505111	-1.15482318123702
			5.56664767232652	-1.15482318123702
			5.56914728960192	-1.15232356396162
			5.57164690687733	-1.15232356396162
			5.57414652415273	-1.14982394668621
			5.57664614142814	-1.14982394668621
			5.57914575870354	-1.14732432941081
			5.58164537597895	-1.14732432941081
			5.58414499325435	-1.1448247121354
			5.58664461052976	-1.1448247121354
			5.58914422780516	-1.14232509486
			5.59164384508057	-1.14232509486
			5.59414346235597	-1.13982547758459
			5.59664307963137	-1.13982547758459
			5.59914269690678	-1.13982547758459
			5.60164231418218	-1.13732586030919
			5.60414193145759	-1.13732586030919
			5.60664154873299	-1.13482624303378
			5.6091411660084	-1.13482624303378
			5.6116407832838	-1.13482624303378
			5.61414040055921	-1.13232662575838
			5.61664001783461	-1.13232662575838
			5.61913963511002	-1.12982700848298
			5.62163925238542	-1.12982700848298
			5.62413886966083	-1.12982700848298
			5.62663848693623	-1.12732739120757
			5.62913810421164	-1.12732739120757
			5.63163772148704	-1.12732739120757
			5.63413733876245	-1.12482777393217
			5.63663695603785	-1.12482777393217
			5.63913657331326	-1.12482777393217
			5.64163619058866	-1.12232815665676
			5.64413580786407	-1.12232815665676
			5.64663542513947	-1.11982853938136
			5.64913504241488	-1.11982853938136
			5.65163465969028	-1.11982853938136
			5.65413427696569	-1.11732892210595
			5.65663389424109	-1.11732892210595
			5.65913351151649	-1.11732892210595
			5.6616331287919	-1.11482930483055
			5.6641327460673	-1.11482930483055
			5.66663236334271	-1.11482930483055
			5.66913198061811	-1.11232968755514
			5.67163159789352	-1.11232968755514
			5.67413121516892	-1.11232968755514
			5.67663083244433	-1.11232968755514
			5.67913044971973	-1.10983007027974
			5.68163006699514	-1.10983007027974
			5.68412968427054	-1.10983007027974
			5.68662930154595	-1.10733045300433
			5.68912891882135	-1.10733045300433
			5.69162853609676	-1.10733045300433
			5.69412815337216	-1.10483083572893
			5.69662777064757	-1.10483083572893
			5.69912738792297	-1.10483083572893
			5.70162700519838	-1.10483083572893
			5.70412662247378	-1.10233121845352
			5.70662623974919	-1.10233121845352
			5.70912585702459	-1.10233121845352
			5.7116254743	-1.09983160117812
			5.7141250915754	-1.09983160117812
			5.71662470885081	-1.09983160117812
			5.71912432612621	-1.09983160117812
			5.72162394340161	-1.09733198390271
			5.72412356067702	-1.09733198390271
			5.72662317795242	-1.09733198390271
			5.72912279522783	-1.09733198390271
			5.73162241250323	-1.09483236662731
			5.73412202977864	-1.09483236662731
			5.73662164705404	-1.09483236662731
			5.73912126432945	-1.09483236662731
			5.74162088160485	-1.09483236662731
			5.74412049888026	-1.0923327493519
			5.74662011615566	-1.0923327493519
			5.74911973343107	-1.0923327493519
			5.75161935070647	-1.0923327493519
			5.75411896798188	-1.0898331320765
			5.75661858525728	-1.0898331320765
			5.75911820253269	-1.0898331320765
			5.76161781980809	-1.0898331320765
			5.7641174370835	-1.0898331320765
			5.7666170543589	-1.0898331320765
			5.76911667163431	-1.08733351480109
			5.77161628890971	-1.08733351480109
			5.77411590618512	-1.08733351480109
			5.77661552346052	-1.08733351480109
			5.77911514073593	-1.08733351480109
			5.78161475801133	-1.08483389752569
			5.78411437528674	-1.08483389752569
			5.78661399256214	-1.08483389752569
			5.78911360983755	-1.08483389752569
			5.79161322711295	-1.08483389752569
			5.79411284438835	-1.08483389752569
			5.79661246166376	-1.08233428025028
			5.79911207893916	-1.08233428025028
			5.80161169621457	-1.08233428025028
			5.80411131348997	-1.08233428025028
			5.80661093076538	-1.08233428025028
			5.80911054804078	-1.08233428025028
			5.81161016531619	-1.07983466297488
			5.81410978259159	-1.07983466297488
			5.816609399867	-1.07983466297488
			5.8191090171424	-1.07983466297488
			5.82160863441781	-1.07983466297488
			5.82410825169321	-1.07983466297488
			5.82660786896862	-1.07983466297488
			5.82910748624402	-1.07733504569947
			5.83160710351943	-1.07733504569947
			5.83410672079483	-1.07733504569947
			5.83660633807024	-1.07733504569947
			5.83910595534564	-1.07733504569947
			5.84160557262105	-1.07733504569947
			5.84410518989645	-1.07733504569947
			5.84660480717186	-1.07733504569947
			5.84910442444726	-1.07733504569947
			5.84910442444726	-1.07483542842407
			5.85160404172267	-1.07483542842407
			5.85410365899807	-1.07483542842407
			5.85660327627347	-1.07483542842407
			5.85910289354888	-1.07483542842407
			5.86160251082428	-1.07483542842407
			5.86410212809969	-1.07483542842407
			5.86660174537509	-1.07483542842407
			5.8691013626505	-1.07483542842407
			5.8716009799259	-1.07483542842407
			5.87410059720131	-1.07483542842407
			5.87660021447671	-1.07233581114866
			5.87909983175212	-1.07233581114866
			5.88159944902752	-1.07233581114866
			5.88409906630293	-1.07233581114866
			5.88659868357833	-1.07233581114866
			5.88909830085374	-1.07233581114866
			5.89159791812914	-1.07233581114866
			5.89409753540455	-1.07233581114866
			5.89659715267995	-1.07233581114866
			5.89909676995536	-1.07233581114866
			5.90159638723076	-1.07233581114866
			5.90409600450617	-1.07233581114866
			5.90659562178157	-1.07233581114866
			5.90909523905698	-1.07233581114866
			5.91159485633238	-1.06983619387326
			5.91409447360779	-1.06983619387326
			5.91659409088319	-1.06983619387326
			5.9190937081586	-1.06983619387326
			5.921593325434	-1.06983619387326
			5.9240929427094	-1.06983619387326
			5.92659255998481	-1.06983619387326
			5.92909217726021	-1.06983619387326
			5.93159179453562	-1.06983619387326
			5.93409141181102	-1.06983619387326
			5.93659102908643	-1.06983619387326
			5.93909064636183	-1.06983619387326
			5.94159026363724	-1.06983619387326
			5.94408988091264	-1.06983619387326
			5.94658949818805	-1.06983619387326
			5.94908911546345	-1.06733657659785
			5.95158873273886	-1.06733657659785
			5.95408835001426	-1.06733657659785
			5.95658796728967	-1.06733657659785
			5.95908758456507	-1.06733657659785
			5.96158720184048	-1.06733657659785
			5.96408681911588	-1.06483695932245
			5.96658643639129	-1.06483695932245
			5.96908605366669	-1.06483695932245
			5.9715856709421	-1.06483695932245
			5.9740852882175	-1.06483695932245
			5.97658490549291	-1.06483695932245
			5.97908452276831	-1.06483695932245
			5.98158414004372	-1.06233734204705
			5.98408375731912	-1.06233734204705
			5.98658337459453	-1.06233734204705
			5.98908299186993	-1.06233734204705
			5.99158260914534	-1.06233734204705
			5.99408222642074	-1.06233734204705
			5.99658184369614	-1.06233734204705
			5.99908146097155	-1.05983772477164
			6.00158107824695	-1.05983772477164
			6.00408069552236	-1.05983772477164
			6.00658031279776	-1.05983772477164
			6.00907993007317	-1.05983772477164
			6.01157954734857	-1.05983772477164
			6.01407916462398	-1.05983772477164
			6.01657878189938	-1.05733810749624
			6.01907839917479	-1.05733810749624
			6.02157801645019	-1.05733810749624
			6.0240776337256	-1.05733810749624
			6.026577251001	-1.05733810749624
			6.02907686827641	-1.05733810749624
			6.03157648555181	-1.05733810749624
			6.03407610282722	-1.05733810749624
			6.03657572010262	-1.05483849022083
			6.03907533737803	-1.05483849022083
			6.04157495465343	-1.05483849022083
			6.04407457192884	-1.05483849022083
			6.04657418920424	-1.05483849022083
			6.04907380647965	-1.05483849022083
			6.05157342375505	-1.05483849022083
			6.05407304103046	-1.05233887294543
			6.05657265830586	-1.05233887294543
			6.05907227558126	-1.05233887294543
			6.06157189285667	-1.05233887294543
			6.06407151013207	-1.05233887294543
			6.06657112740748	-1.05233887294543
			6.06907074468288	-1.05233887294543
			6.07157036195829	-1.05233887294543
			6.07406997923369	-1.05233887294543
			6.0765695965091	-1.04983925567002
			6.0790692137845	-1.04983925567002
			6.08156883105991	-1.04983925567002
			6.08406844833531	-1.04983925567002
			6.08656806561072	-1.04983925567002
			6.08906768288612	-1.04983925567002
			6.09156730016153	-1.04983925567002
			6.09406691743693	-1.04983925567002
			6.09656653471234	-1.04983925567002
			6.09906615198774	-1.04733963839462
			6.10156576926315	-1.04733963839462
			6.10406538653855	-1.04733963839462
			6.10656500381396	-1.04733963839462
			6.10906462108936	-1.04733963839462
			6.11156423836477	-1.04733963839462
			6.11406385564017	-1.04733963839462
			6.11656347291558	-1.04733963839462
			6.11906309019098	-1.04733963839462
			6.12156270746638	-1.04484002111921
			6.12406232474179	-1.04484002111921
			6.12656194201719	-1.04484002111921
			6.1290615592926	-1.04484002111921
			6.131561176568	-1.04484002111921
			6.13406079384341	-1.04484002111921
			6.13656041111881	-1.04484002111921
			6.13906002839422	-1.04484002111921
			6.14155964566962	-1.04484002111921
			6.14405926294503	-1.04484002111921
			6.14655888022043	-1.04234040384381
			6.14905849749584	-1.04234040384381
			6.15155811477124	-1.04234040384381
			6.15405773204665	-1.04234040384381
			6.15655734932205	-1.04234040384381
			6.15905696659746	-1.04234040384381
			6.16155658387286	-1.04234040384381
			6.16405620114827	-1.04234040384381
			6.16655581842367	-1.04234040384381
			6.16905543569908	-1.04234040384381
			6.17155505297448	-1.04234040384381
			6.17405467024989	-1.04234040384381
			6.17655428752529	-1.0398407865684
			6.1790539048007	-1.0398407865684
			6.1815535220761	-1.0398407865684
			6.18405313935151	-1.0398407865684
			6.18655275662691	-1.0398407865684
			6.18905237390231	-1.0398407865684
			6.19155199117772	-1.0398407865684
			6.19405160845312	-1.0398407865684
			6.19655122572853	-1.0398407865684
			6.19905084300393	-1.0398407865684
			6.20155046027934	-1.0398407865684
			6.20405007755474	-1.0398407865684
			6.20654969483015	-1.037341169293
			6.20904931210555	-1.037341169293
			6.21154892938096	-1.037341169293
			6.21404854665636	-1.037341169293
			6.21654816393177	-1.037341169293
			6.21904778120717	-1.037341169293
			6.22154739848258	-1.037341169293
			6.22404701575798	-1.037341169293
			6.22654663303339	-1.037341169293
			6.22904625030879	-1.037341169293
			6.2315458675842	-1.037341169293
			6.2340454848596	-1.037341169293
			6.23654510213501	-1.037341169293
			6.23904471941041	-1.037341169293
			6.24154433668582	-1.03484155201759
			6.24404395396122	-1.03484155201759
			6.24654357123663	-1.03484155201759
			6.24904318851203	-1.03484155201759
			6.25154280578744	-1.03484155201759
			6.25404242306284	-1.03484155201759
			6.25654204033825	-1.03484155201759
			6.25904165761365	-1.03484155201759
			6.26154127488905	-1.03484155201759
			6.26404089216446	-1.03484155201759
			6.26654050943986	-1.03484155201759
			6.26904012671527	-1.03484155201759
			6.27153974399067	-1.03484155201759
			6.27403936126608	-1.03484155201759
			6.27653897854148	-1.03484155201759
			6.27903859581689	-1.03484155201759
			6.28153821309229	-1.03484155201759
			6.2840378303677	-1.03234193474219
			6.2865374476431	-1.03234193474219
			6.28903706491851	-1.03234193474219
			6.29153668219391	-1.03234193474219
			6.29403629946932	-1.03234193474219
			6.29653591674472	-1.03234193474219
			6.29903553402013	-1.03234193474219
			6.30153515129553	-1.03234193474219
			6.30403476857094	-1.03234193474219
			6.30653438584634	-1.03234193474219
			6.30903400312175	-1.03234193474219
			6.31153362039715	-1.03234193474219
			6.31403323767256	-1.03234193474219
			6.31653285494796	-1.03234193474219
			6.31903247222337	-1.03234193474219
			6.32153208949877	-1.03234193474219
			6.32403170677417	-1.03234193474219
			6.32653132404958	-1.03234193474219
			6.32903094132498	-1.03234193474219
			6.33153055860039	-1.03234193474219
			6.33403017587579	-1.03234193474219
			6.3365297931512	-1.03234193474219
			6.3390294104266	-1.03234193474219
			6.34152902770201	-1.03234193474219
			6.34402864497741	-1.03234193474219
			6.34652826225282	-1.03234193474219
			6.34902787952822	-1.03234193474219
			6.35152749680363	-1.03234193474219
			6.35402711407903	-1.03234193474219
			6.35652673135444	-1.03234193474219
			6.35902634862984	-1.03234193474219
			6.36152596590525	-1.03234193474219
			6.36402558318065	-1.03234193474219
			6.36652520045606	-1.03234193474219
			6.36902481773146	-1.03234193474219
			6.37152443500687	-1.03234193474219
			6.37402405228227	-1.03234193474219
			6.37652366955768	-1.03234193474219
			6.37902328683308	-1.03234193474219
			6.38152290410849	-1.03234193474219
			6.38402252138389	-1.03234193474219
			6.38652213865929	-1.03484155201759
			6.3890217559347	-1.03484155201759
			6.3915213732101	-1.03484155201759
			6.39402099048551	-1.03484155201759
			6.39652060776091	-1.03484155201759
			6.39902022503632	-1.03484155201759
			6.40151984231172	-1.03484155201759
			6.40401945958713	-1.03484155201759
			6.40651907686253	-1.03484155201759
			6.40901869413794	-1.03484155201759
			6.41151831141334	-1.03484155201759
			6.41401792868875	-1.03484155201759
			6.41651754596415	-1.03484155201759
			6.41901716323956	-1.03484155201759
			6.42151678051496	-1.03484155201759
			6.42401639779037	-1.03484155201759
			6.42651601506577	-1.03484155201759
			6.42901563234118	-1.03484155201759
			6.43151524961658	-1.03484155201759
			6.43401486689199	-1.03484155201759
			6.43651448416739	-1.03484155201759
			6.4390141014428	-1.03484155201759
			6.4415137187182	-1.03484155201759
			6.44401333599361	-1.037341169293
			6.44651295326901	-1.037341169293
			6.44901257054442	-1.037341169293
			6.45151218781982	-1.037341169293
			6.45401180509523	-1.037341169293
			6.45651142237063	-1.037341169293
			6.45901103964604	-1.037341169293
			6.46151065692144	-1.037341169293
			6.46401027419684	-1.037341169293
			6.46650989147225	-1.037341169293
			6.46900950874765	-1.037341169293
			6.47150912602306	-1.037341169293
			6.47400874329846	-1.037341169293
			6.47650836057387	-1.037341169293
			6.47900797784927	-1.037341169293
			6.48150759512468	-1.037341169293
			6.48400721240008	-1.0398407865684
			6.48650682967549	-1.0398407865684
			6.48900644695089	-1.0398407865684
			6.4915060642263	-1.0398407865684
			6.4940056815017	-1.0398407865684
			6.49650529877711	-1.0398407865684
			6.49900491605251	-1.0398407865684
			6.50150453332792	-1.0398407865684
			6.50400415060332	-1.0398407865684
			6.50650376787873	-1.0398407865684
			6.50900338515413	-1.0398407865684
			6.51150300242954	-1.0398407865684
			6.51400261970494	-1.0398407865684
			6.51650223698035	-1.0398407865684
			6.51900185425575	-1.04234040384381
			6.52150147153116	-1.04234040384381
			6.52400108880656	-1.04234040384381
			6.52650070608196	-1.04234040384381
			6.52900032335737	-1.04234040384381
			6.53149994063277	-1.04234040384381
			6.53399955790818	-1.04234040384381
			6.53649917518358	-1.04234040384381
			6.53899879245899	-1.04234040384381
			6.54149840973439	-1.04234040384381
			6.5439980270098	-1.04234040384381
			6.5464976442852	-1.04234040384381
			6.54899726156061	-1.04484002111921
			6.55149687883601	-1.04484002111921
			6.55399649611142	-1.04484002111921
			6.55649611338682	-1.04484002111921
			6.55899573066223	-1.04484002111921
			6.56149534793763	-1.04484002111921
			6.56399496521304	-1.04484002111921
			6.56649458248844	-1.04484002111921
			6.56899419976385	-1.04484002111921
			6.57149381703925	-1.04484002111921
			6.57399343431466	-1.04484002111921
			6.57649305159006	-1.04733963839462
			6.57899266886547	-1.04733963839462
			6.58149228614087	-1.04733963839462
			6.58399190341628	-1.04733963839462
			6.58649152069168	-1.04733963839462
			6.58899113796708	-1.04733963839462
			6.59149075524249	-1.04733963839462
			6.59399037251789	-1.04733963839462
			6.5964899897933	-1.04733963839462
			6.5989896070687	-1.04733963839462
			6.60148922434411	-1.04983925567002
			6.60398884161951	-1.04983925567002
			6.60648845889492	-1.04983925567002
			6.60898807617032	-1.04983925567002
			6.61148769344573	-1.04983925567002
			6.61398731072113	-1.04983925567002
			6.61648692799654	-1.04983925567002
			6.61898654527194	-1.04983925567002
			6.62148616254735	-1.04983925567002
			6.62398577982275	-1.04983925567002
			6.62648539709816	-1.05233887294543
			6.62898501437356	-1.05233887294543
			6.63148463164897	-1.05233887294543
			6.63398424892437	-1.05233887294543
			6.63648386619978	-1.05233887294543
			6.63898348347518	-1.05233887294543
			6.64148310075059	-1.05233887294543
			6.64398271802599	-1.05233887294543
			6.6464823353014	-1.05233887294543
			6.6489819525768	-1.05483849022083
			6.6514815698522	-1.05483849022083
			6.65398118712761	-1.05483849022083
			6.65648080440301	-1.05483849022083
			6.65898042167842	-1.05483849022083
			6.66148003895382	-1.05483849022083
			6.66397965622923	-1.05483849022083
			6.66647927350463	-1.05483849022083
			6.66897889078004	-1.05483849022083
			6.67147850805544	-1.05733810749624
			6.67397812533085	-1.05733810749624
			6.67647774260625	-1.05733810749624
			6.67897735988166	-1.05733810749624
			6.68147697715706	-1.05733810749624
		</body_ant>
		<body_post type=matrix rownames=FALSE colnames=FALSE nrow=429 ncol=2 as.numeric=TRUE >
			7.03392301298914	-1.20231590946971
			7.03642263026455	-1.20231590946971
			7.03642263026455	-1.20481552674512
			7.03892224753995	-1.20481552674512
			7.04142186481536	-1.20481552674512
			7.04392148209076	-1.20731514402052
			7.04642109936617	-1.20731514402052
			7.04892071664157	-1.20981476129593
			7.05142033391698	-1.20981476129593
			7.05391995119238	-1.20981476129593
			7.05641956846778	-1.21231437857133
			7.05891918574319	-1.21231437857133
			7.06141880301859	-1.21481399584674
			7.063918420294	-1.21481399584674
			7.0664180375694	-1.21731361312214
			7.06891765484481	-1.21731361312214
			7.07141727212021	-1.21731361312214
			7.07141727212021	-1.21981323039755
			7.07391688939562	-1.21981323039755
			7.07641650667102	-1.21981323039755
			7.07891612394643	-1.22231284767295
			7.08141574122183	-1.22231284767295
			7.08391535849724	-1.22231284767295
			7.08641497577264	-1.22481246494836
			7.08891459304805	-1.22481246494836
			7.09141421032345	-1.22731208222376
			7.09391382759886	-1.22731208222376
			7.09641344487426	-1.22731208222376
			7.09891306214967	-1.22731208222376
			7.09891306214967	-1.22981169949917
			7.10141267942507	-1.22981169949917
			7.10391229670048	-1.22981169949917
			7.10641191397588	-1.23231131677457
			7.10891153125129	-1.23231131677457
			7.11141114852669	-1.23231131677457
			7.1139107658021	-1.23481093404998
			7.1164103830775	-1.23481093404998
			7.1189100003529	-1.23481093404998
			7.12140961762831	-1.23731055132538
			7.12390923490371	-1.23731055132538
			7.12640885217912	-1.23731055132538
			7.12890846945452	-1.23981016860079
			7.13140808672993	-1.23981016860079
			7.13390770400533	-1.23981016860079
			7.13640732128074	-1.24230978587619
			7.13890693855614	-1.24230978587619
			7.14140655583155	-1.24230978587619
			7.14390617310695	-1.2448094031516
			7.14640579038236	-1.2448094031516
			7.14890540765776	-1.2448094031516
			7.15140502493317	-1.247309020427
			7.15390464220857	-1.247309020427
			7.15640425948398	-1.247309020427
			7.15890387675938	-1.24980863770241
			7.16140349403479	-1.24980863770241
			7.16390311131019	-1.24980863770241
			7.1664027285856	-1.24980863770241
			7.168902345861	-1.25230825497781
			7.17140196313641	-1.25230825497781
			7.17390158041181	-1.25230825497781
			7.17640119768722	-1.25480787225322
			7.17890081496262	-1.25480787225322
			7.18140043223803	-1.25480787225322
			7.18390004951343	-1.25480787225322
			7.18639966678884	-1.25730748952862
			7.18889928406424	-1.25730748952862
			7.19139890133965	-1.25730748952862
			7.19389851861505	-1.25730748952862
			7.19639813589045	-1.25980710680403
			7.19889775316586	-1.25980710680403
			7.20139737044126	-1.25980710680403
			7.20389698771667	-1.26230672407943
			7.20639660499207	-1.26230672407943
			7.20889622226748	-1.26230672407943
			7.21139583954288	-1.26230672407943
			7.21389545681829	-1.26480634135483
			7.21639507409369	-1.26480634135483
			7.2188946913691	-1.26480634135483
			7.2213943086445	-1.26730595863024
			7.22389392591991	-1.26730595863024
			7.22639354319531	-1.26730595863024
			7.22889316047072	-1.26730595863024
			7.23139277774612	-1.26980557590564
			7.23389239502153	-1.26980557590564
			7.23639201229693	-1.26980557590564
			7.23889162957234	-1.26980557590564
			7.24139124684774	-1.26980557590564
			7.24389086412315	-1.27230519318105
			7.24639048139855	-1.27230519318105
			7.24889009867396	-1.27230519318105
			7.25138971594936	-1.27480481045645
			7.25388933322477	-1.27480481045645
			7.25638895050017	-1.27480481045645
			7.25888856777557	-1.27480481045645
			7.26138818505098	-1.27480481045645
			7.26388780232638	-1.27730442773186
			7.26638741960179	-1.27730442773186
			7.26888703687719	-1.27730442773186
			7.2713866541526	-1.27730442773186
			7.273886271428	-1.27980404500726
			7.27638588870341	-1.27980404500726
			7.27888550597881	-1.27980404500726
			7.28138512325422	-1.27980404500726
			7.28388474052962	-1.28230366228267
			7.28638435780503	-1.28230366228267
			7.28888397508043	-1.28230366228267
			7.29138359235584	-1.28230366228267
			7.29388320963124	-1.28480327955807
			7.29638282690665	-1.28480327955807
			7.29888244418205	-1.28480327955807
			7.30138206145746	-1.28480327955807
			7.30388167873286	-1.28480327955807
			7.30638129600827	-1.28730289683348
			7.30888091328367	-1.28730289683348
			7.31138053055908	-1.28730289683348
			7.31388014783448	-1.28730289683348
			7.31637976510989	-1.28980251410888
			7.31887938238529	-1.28980251410888
			7.32137899966069	-1.28980251410888
			7.3238786169361	-1.28980251410888
			7.3263782342115	-1.28980251410888
			7.3263782342115	-1.29230213138429
			7.32887785148691	-1.29230213138429
			7.33137746876231	-1.29230213138429
			7.33387708603772	-1.29230213138429
			7.33637670331312	-1.29230213138429
			7.33887632058853	-1.29480174865969
			7.34137593786393	-1.29480174865969
			7.34387555513934	-1.29480174865969
			7.34637517241474	-1.29480174865969
			7.34887478969015	-1.29480174865969
			7.35137440696555	-1.2973013659351
			7.35387402424096	-1.2973013659351
			7.35637364151636	-1.2973013659351
			7.35887325879177	-1.2973013659351
			7.36137287606717	-1.2973013659351
			7.36387249334258	-1.2998009832105
			7.36637211061798	-1.2998009832105
			7.36887172789339	-1.2998009832105
			7.37137134516879	-1.2998009832105
			7.3738709624442	-1.2998009832105
			7.3763705797196	-1.30230060048591
			7.37887019699501	-1.30230060048591
			7.38136981427041	-1.30230060048591
			7.38386943154581	-1.30230060048591
			7.38636904882122	-1.30230060048591
			7.38886866609662	-1.30480021776131
			7.39136828337203	-1.30480021776131
			7.39386790064743	-1.30480021776131
			7.39636751792284	-1.30480021776131
			7.39886713519824	-1.30480021776131
			7.40136675247365	-1.30480021776131
			7.40386636974905	-1.30729983503672
			7.40636598702446	-1.30729983503672
			7.40886560429986	-1.30729983503672
			7.41136522157527	-1.30729983503672
			7.41386483885067	-1.30729983503672
			7.41636445612608	-1.30979945231212
			7.41886407340148	-1.30979945231212
			7.42136369067689	-1.30979945231212
			7.42386330795229	-1.30979945231212
			7.4263629252277	-1.30979945231212
			7.4288625425031	-1.31229906958753
			7.43136215977851	-1.31229906958753
			7.43386177705391	-1.31229906958753
			7.43636139432932	-1.31229906958753
			7.43886101160472	-1.31229906958753
			7.44136062888013	-1.31479868686293
			7.44386024615553	-1.31479868686293
			7.44635986343094	-1.31479868686293
			7.44885948070634	-1.31479868686293
			7.45135909798175	-1.31479868686293
			7.45385871525715	-1.31729830413834
			7.45635833253256	-1.31729830413834
			7.45885794980796	-1.31729830413834
			7.46135756708336	-1.31729830413834
			7.46385718435877	-1.31729830413834
			7.46635680163417	-1.31729830413834
			7.46885641890958	-1.31979792141374
			7.47135603618498	-1.31979792141374
			7.47385565346039	-1.31979792141374
			7.47635527073579	-1.31979792141374
			7.4788548880112	-1.31979792141374
			7.4813545052866	-1.31979792141374
			7.48385412256201	-1.32229753868915
			7.48635373983741	-1.32229753868915
			7.48885335711282	-1.32229753868915
			7.49135297438822	-1.32229753868915
			7.49385259166363	-1.32229753868915
			7.49635220893903	-1.32229753868915
			7.49885182621444	-1.32479715596455
			7.50135144348984	-1.32479715596455
			7.50385106076525	-1.32479715596455
			7.50635067804065	-1.32479715596455
			7.50885029531606	-1.32479715596455
			7.51134991259146	-1.32479715596455
			7.51384952986687	-1.32729677323996
			7.51634914714227	-1.32729677323996
			7.51884876441768	-1.32729677323996
			7.52134838169308	-1.32729677323996
			7.52384799896848	-1.32729677323996
			7.52634761624389	-1.32729677323996
			7.52884723351929	-1.32979639051536
			7.5313468507947	-1.32979639051536
			7.5338464680701	-1.32979639051536
			7.53634608534551	-1.32979639051536
			7.53884570262091	-1.32979639051536
			7.54134531989632	-1.32979639051536
			7.54134531989632	-1.33229600779076
			7.54384493717172	-1.33229600779076
			7.54634455444713	-1.33229600779076
			7.54884417172253	-1.33229600779076
			7.55134378899794	-1.33229600779076
			7.55384340627334	-1.33229600779076
			7.55634302354875	-1.33229600779076
			7.55634302354875	-1.33479562506617
			7.55884264082415	-1.33479562506617
			7.56134225809956	-1.33479562506617
			7.56384187537496	-1.33479562506617
			7.56634149265037	-1.33479562506617
			7.56884110992577	-1.33479562506617
			7.57134072720118	-1.33479562506617
			7.57384034447658	-1.33479562506617
			7.57384034447658	-1.33729524234157
			7.57633996175199	-1.33729524234157
			7.57883957902739	-1.33729524234157
			7.5813391963028	-1.33729524234157
			7.5838388135782	-1.33729524234157
			7.5863384308536	-1.33729524234157
			7.58883804812901	-1.33729524234157
			7.59133766540441	-1.33979485961698
			7.59383728267982	-1.33979485961698
			7.59633689995522	-1.33979485961698
			7.59883651723063	-1.33979485961698
			7.60133613450603	-1.33979485961698
			7.60383575178144	-1.33979485961698
			7.60633536905684	-1.34229447689238
			7.60883498633225	-1.34229447689238
			7.61133460360765	-1.34229447689238
			7.61383422088306	-1.34229447689238
			7.61633383815846	-1.34229447689238
			7.61883345543387	-1.34229447689238
			7.62133307270927	-1.34229447689238
			7.62383268998468	-1.34479409416779
			7.62633230726008	-1.34479409416779
			7.62883192453549	-1.34479409416779
			7.63133154181089	-1.34479409416779
			7.6338311590863	-1.34479409416779
			7.6363307763617	-1.34479409416779
			7.63883039363711	-1.34479409416779
			7.64133001091251	-1.34729371144319
			7.64382962818792	-1.34729371144319
			7.64632924546332	-1.34729371144319
			7.64882886273873	-1.34729371144319
			7.65132848001413	-1.34729371144319
			7.65382809728954	-1.34729371144319
			7.65632771456494	-1.34729371144319
			7.65632771456494	-1.3497933287186
			7.65882733184035	-1.3497933287186
			7.66132694911575	-1.3497933287186
			7.66382656639115	-1.3497933287186
			7.66632618366656	-1.3497933287186
			7.66882580094196	-1.3497933287186
			7.67132541821737	-1.3497933287186
			7.67382503549277	-1.3497933287186
			7.67632465276818	-1.352292945994
			7.67882427004358	-1.352292945994
			7.68132388731899	-1.352292945994
			7.68382350459439	-1.352292945994
			7.6863231218698	-1.352292945994
			7.6888227391452	-1.352292945994
			7.69132235642061	-1.35479256326941
			7.69382197369601	-1.35479256326941
			7.69632159097142	-1.35479256326941
			7.69882120824682	-1.35479256326941
			7.70132082552223	-1.35479256326941
			7.70382044279763	-1.35479256326941
			7.70632006007304	-1.35479256326941
			7.70881967734844	-1.35479256326941
			7.70881967734844	-1.35729218054481
			7.71131929462385	-1.35729218054481
			7.71381891189925	-1.35729218054481
			7.71631852917466	-1.35729218054481
			7.71881814645006	-1.35729218054481
			7.72131776372547	-1.35729218054481
			7.72381738100087	-1.35729218054481
			7.72631699827627	-1.35979179782022
			7.72881661555168	-1.35979179782022
			7.73131623282708	-1.35979179782022
			7.73381585010249	-1.35979179782022
			7.73631546737789	-1.35979179782022
			7.73631546737789	-1.36229141509562
			7.7388150846533	-1.36229141509562
			7.7413147019287	-1.36229141509562
			7.74381431920411	-1.36229141509562
			7.74631393647951	-1.36229141509562
			7.74881355375492	-1.36479103237103
			7.75131317103032	-1.36479103237103
			7.75381278830573	-1.36479103237103
			7.75631240558113	-1.36479103237103
			7.75881202285654	-1.36479103237103
			7.76131164013194	-1.36729064964643
			7.76381125740735	-1.36729064964643
			7.76631087468275	-1.36729064964643
			7.76881049195816	-1.36729064964643
			7.77131010923356	-1.36729064964643
			7.77380972650897	-1.36979026692184
			7.77630934378437	-1.36979026692184
			7.77880896105978	-1.36979026692184
			7.78130857833518	-1.36979026692184
			7.78380819561059	-1.36979026692184
			7.78630781288599	-1.37228988419724
			7.78880743016139	-1.37228988419724
			7.7913070474368	-1.37228988419724
			7.7938066647122	-1.37228988419724
			7.79630628198761	-1.37228988419724
			7.79880589926301	-1.37478950147265
			7.80130551653842	-1.37478950147265
			7.80380513381382	-1.37478950147265
			7.80630475108923	-1.37478950147265
			7.80880436836463	-1.37478950147265
			7.81130398564004	-1.37478950147265
			7.81380360291544	-1.37728911874805
			7.81630322019085	-1.37728911874805
			7.81880283746625	-1.37728911874805
			7.82130245474166	-1.37728911874805
			7.82380207201706	-1.37728911874805
			7.82630168929247	-1.37728911874805
			7.82880130656787	-1.37728911874805
			7.83130092384328	-1.37978873602346
			7.83380054111868	-1.37978873602346
			7.83630015839409	-1.37978873602346
			7.83879977566949	-1.37978873602346
			7.8412993929449	-1.37978873602346
			7.8437990102203	-1.37978873602346
			7.84629862749571	-1.38228835329886
			7.84879824477111	-1.38228835329886
			7.85129786204651	-1.38228835329886
			7.85379747932192	-1.38228835329886
			7.85629709659732	-1.38228835329886
			7.85879671387273	-1.38228835329886
			7.86129633114813	-1.38228835329886
			7.86379594842354	-1.38228835329886
			7.86379594842354	-1.38478797057427
			7.86629556569894	-1.38478797057427
			7.86879518297435	-1.38478797057427
			7.87129480024975	-1.38478797057427
			7.87379441752516	-1.38478797057427
			7.87629403480056	-1.38478797057427
			7.87879365207597	-1.38478797057427
			7.88129326935137	-1.38478797057427
			7.88379288662678	-1.38478797057427
			7.88629250390218	-1.38728758784967
			7.88879212117759	-1.38728758784967
			7.89129173845299	-1.38728758784967
			7.8937913557284	-1.38728758784967
			7.8962909730038	-1.38728758784967
			7.89879059027921	-1.38728758784967
			7.90129020755461	-1.38728758784967
			7.90378982483002	-1.38728758784967
			7.90628944210542	-1.38728758784967
			7.90878905938083	-1.38978720512508
			7.91128867665623	-1.38978720512508
			7.91378829393164	-1.38978720512508
			7.91628791120704	-1.38978720512508
			7.91878752848245	-1.38978720512508
			7.92128714575785	-1.38978720512508
			7.92378676303326	-1.38978720512508
			7.92628638030866	-1.38978720512508
			7.92878599758406	-1.38978720512508
			7.93128561485947	-1.38978720512508
			7.93378523213487	-1.38978720512508
			7.93628484941028	-1.39228682240048
			7.93878446668568	-1.39228682240048
			7.94128408396109	-1.39228682240048
			7.94378370123649	-1.39228682240048
			7.9462833185119	-1.39228682240048
			7.9487829357873	-1.39228682240048
			7.95128255306271	-1.39228682240048
			7.95378217033811	-1.39228682240048
			7.95628178761352	-1.39228682240048
			7.95878140488892	-1.39228682240048
			7.96128102216433	-1.39228682240048
			7.96378063943973	-1.39228682240048
			7.96628025671514	-1.39228682240048
			7.96877987399054	-1.39228682240048
			7.97127949126595	-1.39228682240048
			7.97377910854135	-1.39228682240048
			7.97627872581676	-1.39228682240048
			7.97877834309216	-1.39228682240048
			7.98127796036757	-1.39228682240048
			7.98377757764297	-1.39478643967589
			7.98627719491838	-1.39478643967589
			7.98877681219378	-1.39478643967589
			7.99127642946918	-1.39478643967589
			7.99377604674459	-1.39478643967589
			7.99627566401999	-1.39478643967589
			7.9987752812954	-1.39478643967589
			8.0012748985708	-1.39478643967589
			8.00377451584621	-1.39478643967589
			8.00627413312161	-1.39478643967589
			8.00877375039702	-1.39478643967589
			8.01127336767242	-1.39478643967589
			8.01377298494783	-1.39478643967589
			8.01627260222323	-1.39478643967589
			8.01877221949864	-1.39478643967589
			8.02127183677404	-1.39478643967589
			8.02377145404945	-1.39478643967589
			8.02627107132485	-1.39478643967589
			8.02877068860026	-1.39478643967589
			8.03127030587566	-1.39478643967589
			8.03376992315107	-1.39478643967589
			8.03626954042647	-1.39478643967589
			8.03876915770188	-1.39478643967589
			8.04126877497728	-1.39478643967589
			8.04376839225269	-1.39478643967589
			8.04626800952809	-1.39478643967589
			8.0487676268035	-1.39478643967589
			8.0512672440789	-1.39478643967589
			8.0537668613543	-1.39228682240048
			8.05626647862971	-1.39228682240048
			8.05876609590512	-1.39228682240048
			8.06126571318052	-1.39228682240048
			8.06376533045592	-1.39228682240048
			8.06626494773133	-1.39228682240048
			8.06876456500673	-1.39228682240048
			8.07126418228214	-1.39228682240048
			8.07376379955754	-1.39228682240048
			8.07626341683295	-1.39228682240048
		</body_post>
		<opercle type=matrix rownames=FALSE colnames=FALSE nrow=139 ncol=2 as.numeric=TRUE >
			6.026577251001	-1.53476500709855
			6.026577251001	-1.53226538982315
			6.02907686827641	-1.52976577254775
			6.02907686827641	-1.52726615527234
			6.03157648555181	-1.52476653799694
			6.03157648555181	-1.52226692072153
			6.03407610282722	-1.51976730344613
			6.03407610282722	-1.51726768617072
			6.03657572010262	-1.51476806889532
			6.03657572010262	-1.51226845161991
			6.03907533737803	-1.50976883434451
			6.03907533737803	-1.5072692170691
			6.03907533737803	-1.5047695997937
			6.04157495465343	-1.50226998251829
			6.04407457192884	-1.49977036524289
			6.04407457192884	-1.49727074796748
			6.04407457192884	-1.49477113069208
			6.04657418920424	-1.49227151341667
			6.04657418920424	-1.48977189614127
			6.04657418920424	-1.48727227886586
			6.04907380647965	-1.48477266159046
			6.04907380647965	-1.48227304431505
			6.04907380647965	-1.47977342703965
			6.05157342375505	-1.47727380976424
			6.05157342375505	-1.47477419248884
			6.05157342375505	-1.47227457521343
			6.05407304103046	-1.46977495793803
			6.05407304103046	-1.46727534066262
			6.05407304103046	-1.46477572338722
			6.05407304103046	-1.46227610611182
			6.05657265830586	-1.45977648883641
			6.05657265830586	-1.45727687156101
			6.05657265830586	-1.4547772542856
			6.05657265830586	-1.4522776370102
			6.05907227558126	-1.44977801973479
			6.05907227558126	-1.44727840245939
			6.05907227558126	-1.44477878518398
			6.05907227558126	-1.44227916790858
			6.05907227558126	-1.43977955063317
			6.06157189285667	-1.43727993335777
			6.06157189285667	-1.43478031608236
			6.06157189285667	-1.43228069880696
			6.06157189285667	-1.42978108153155
			6.06157189285667	-1.42728146425615
			6.06157189285667	-1.42478184698074
			6.06157189285667	-1.42228222970534
			6.06407151013207	-1.41978261242993
			6.06407151013207	-1.41728299515453
			6.06407151013207	-1.41478337787912
			6.06407151013207	-1.41228376060372
			6.06407151013207	-1.40978414332831
			6.06407151013207	-1.40728452605291
			6.06407151013207	-1.4047849087775
			6.06407151013207	-1.4022852915021
			6.06407151013207	-1.39978567422669
			6.06407151013207	-1.39728605695129
			6.06407151013207	-1.39478643967589
			6.06407151013207	-1.39228682240048
			6.06407151013207	-1.38978720512508
			6.06407151013207	-1.38728758784967
			6.06407151013207	-1.38478797057427
			6.06407151013207	-1.38228835329886
			6.06407151013207	-1.37978873602346
			6.06407151013207	-1.37728911874805
			6.06407151013207	-1.37478950147265
			6.06407151013207	-1.37228988419724
			6.06407151013207	-1.36979026692184
			6.06407151013207	-1.36729064964643
			6.06407151013207	-1.36479103237103
			6.06407151013207	-1.36229141509562
			6.06157189285667	-1.35979179782022
			6.06157189285667	-1.35729218054481
			6.06157189285667	-1.35479256326941
			6.06157189285667	-1.352292945994
			6.06157189285667	-1.3497933287186
			6.06157189285667	-1.34729371144319
			6.06157189285667	-1.34479409416779
			6.05907227558126	-1.34229447689238
			6.05907227558126	-1.33979485961698
			6.05907227558126	-1.33729524234157
			6.05907227558126	-1.33479562506617
			6.05907227558126	-1.33229600779076
			6.05657265830586	-1.32979639051536
			6.05657265830586	-1.32729677323996
			6.05657265830586	-1.32479715596455
			6.05657265830586	-1.32229753868915
			6.05407304103046	-1.31979792141374
			6.05407304103046	-1.31729830413834
			6.05407304103046	-1.31479868686293
			6.05157342375505	-1.31229906958753
			6.05157342375505	-1.30979945231212
			6.05157342375505	-1.30729983503672
			6.04907380647965	-1.30480021776131
			6.04907380647965	-1.30230060048591
			6.04907380647965	-1.2998009832105
			6.04657418920424	-1.2973013659351
			6.04657418920424	-1.29480174865969
			6.04657418920424	-1.29230213138429
			6.04407457192884	-1.28980251410888
			6.04407457192884	-1.28730289683348
			6.04157495465343	-1.28480327955807
			6.04157495465343	-1.28230366228267
			6.04157495465343	-1.27980404500726
			6.03907533737803	-1.27730442773186
			6.03907533737803	-1.27480481045645
			6.03657572010262	-1.27230519318105
			6.03657572010262	-1.26980557590564
			6.03407610282722	-1.26730595863024
			6.03407610282722	-1.26480634135483
			6.03157648555181	-1.26230672407943
			6.03157648555181	-1.25980710680403
			6.02907686827641	-1.25730748952862
			6.02907686827641	-1.25480787225322
			6.026577251001	-1.25230825497781
			6.026577251001	-1.24980863770241
			6.0240776337256	-1.247309020427
			6.0240776337256	-1.2448094031516
			6.02157801645019	-1.24230978587619
			6.02157801645019	-1.23981016860079
			6.01907839917479	-1.23731055132538
			6.01657878189938	-1.23481093404998
			6.01657878189938	-1.23231131677457
			6.01407916462398	-1.23231131677457
			6.01407916462398	-1.22981169949917
			6.01157954734857	-1.22731208222376
			6.00907993007317	-1.22481246494836
			6.00907993007317	-1.22231284767295
			6.00658031279776	-1.21981323039755
			6.00408069552236	-1.21731361312214
			6.00408069552236	-1.21481399584674
			6.00158107824695	-1.21231437857133
			5.99908146097155	-1.20981476129593
			5.99658184369614	-1.20731514402052
			5.99658184369614	-1.20481552674512
			5.99408222642074	-1.20231590946971
			5.99158260914534	-1.19981629219431
			5.99158260914534	-1.19731667491891
			5.98908299186993	-1.1948170576435
			5.98658337459453	-1.1923174403681
		</opercle>
	</curves.scaled>
	<ruler.points type=matrix rownames=TRUE colnames=FALSE nrow=2 ncol=2 as.numeric=TRUE >
		Ruler point 1	2647	1680
		Ruler point 2	3047	1687
	</ruler.points>
</shapes>

