<shapes type=list>
	<ruler.pixel type=vector names=FALSE length=1 as.numeric=TRUE >295.006779583114</ruler.pixel>
	<ruler.interval type=vector names=FALSE length=1 as.numeric=TRUE >1</ruler.interval>
	<scaling.units type=vector names=FALSE length=1 as.numeric=FALSE >cm</scaling.units>
	<scaling type=vector names=FALSE length=1 as.numeric=TRUE >0.00338975260640837</scaling>
	<image.name type=vector names=FALSE length=1 as.numeric=FALSE >TU202138_10_L.JPG</image.name>
	<landmarks.pixel type=matrix rownames=TRUE colnames=FALSE nrow=20 ncol=2 as.numeric=TRUE >
		snout_tip	2083	992
		dorsal_ant	2683	756
		dorsal_post	2903	794
		caud_upper	3390	759
		caud_lower	3357	929
		anal_post	3185	963
		anal_ant	3086	1008
		pelv_1	2779	1073
		pect_1	2429	1068
		lower_operc	2399	1065
		upper_operc	2375	885
		eye_center	2229	936
		eye_1_ant	2181	941
		eye_2	2188	906
		eye_3_dors	2229	884
		eye_4	2266	893
		eye_5_post	2279	935
		eye_6	2262	975
		eye_7_vent	2226	987
		eye_8	2196	975
	</landmarks.pixel>
	<landmarks.scaled type=matrix rownames=TRUE colnames=FALSE nrow=20 ncol=2 as.numeric=TRUE >
		snout_tip	7.06085467914863	-3.3626345855571
		dorsal_ant	9.09470624299366	-2.56265297044473
		dorsal_post	9.8404518164035	-2.69146356948825
		caud_upper	11.4912613357244	-2.57282222826395
		caud_lower	11.3793994997129	-3.14908017135338
		anal_post	10.7963620514107	-3.26433175997126
		anal_ant	10.4607765433762	-3.41687062725964
		pelv_1	9.42012249320886	-3.63720454667618
		pect_1	8.23370908096593	-3.62025578364414
		lower_operc	8.13201650277368	-3.61008652582491
		upper_operc	8.05066244021988	-2.99993105667141
		eye_center	7.55575855968426	-3.17280843959823
		eye_1_ant	7.39305043457665	-3.18975720263028
		eye_2	7.41677870282151	-3.07111586140598
		eye_3_dors	7.55575855968426	-2.996541304065
		eye_4	7.68117940612137	-3.02704907752267
		eye_5_post	7.72524619000467	-3.16941868699183
		eye_6	7.66762039569573	-3.30500879124816
		eye_7_vent	7.54558930186503	-3.34568582252506
		eye_8	7.44389672367278	-3.30500879124816
	</landmarks.scaled>
	<curves.control type=list>
		<body_ant type=matrix rownames=FALSE colnames=FALSE nrow=7 ncol=2 as.numeric=TRUE >
			2083	992
			2116	878
			2338	829
			2416	815
			2520	790
			2601	766
			2683	756
		</body_ant>
		<body_post type=matrix rownames=FALSE colnames=FALSE nrow=5 ncol=2 as.numeric=TRUE >
			2903	794
			3107	802
			3204	796
			3309	796
			3390	759
		</body_post>
		<opercle type=matrix rownames=FALSE colnames=FALSE nrow=3 ncol=2 as.numeric=TRUE >
			2399	1065
			2458	990
			2375	885
		</opercle>
	</curves.control>
	<curves.pixel type=list>
		<body_ant type=matrix rownames=FALSE colnames=FALSE nrow=641 ncol=2 as.numeric=TRUE >
			2083	992
			2083	991
			2084	990
			2084	989
			2084	988
			2085	987
			2085	986
			2085	985
			2086	984
			2086	983
			2086	982
			2087	981
			2087	980
			2087	979
			2088	978
			2088	977
			2089	976
			2089	975
			2090	974
			2090	973
			2090	972
			2091	971
			2091	970
			2092	969
			2092	968
			2093	967
			2093	966
			2094	965
			2094	964
			2095	963
			2096	962
			2096	961
			2097	960
			2097	959
			2098	958
			2099	957
			2099	956
			2100	955
			2100	954
			2101	954
			2101	953
			2102	952
			2102	951
			2103	950
			2104	949
			2105	948
			2105	947
			2106	946
			2107	945
			2107	944
			2108	943
			2109	942
			2109	941
			2110	941
			2111	940
			2112	939
			2112	938
			2113	937
			2114	936
			2115	935
			2115	934
			2116	933
			2117	932
			2118	932
			2119	931
			2120	930
			2120	929
			2121	928
			2122	927
			2123	926
			2124	925
			2125	925
			2126	924
			2126	923
			2127	922
			2128	921
			2129	920
			2130	919
			2131	919
			2132	918
			2133	917
			2134	916
			2135	915
			2136	914
			2137	914
			2138	913
			2139	912
			2140	911
			2141	910
			2142	909
			2143	909
			2144	908
			2145	907
			2146	906
			2147	905
			2148	905
			2149	904
			2150	903
			2151	902
			2152	901
			2153	901
			2154	901
			2154	900
			2155	900
			2156	899
			2157	899
			2157	898
			2158	898
			2159	897
			2160	896
			2161	895
			2162	895
			2163	894
			2164	894
			2165	893
			2166	893
			2167	892
			2168	891
			2169	890
			2170	890
			2171	889
			2172	889
			2173	888
			2174	888
			2175	887
			2176	886
			2177	886
			2178	886
			2179	885
			2180	884
			2181	884
			2182	883
			2183	883
			2184	882
			2185	882
			2186	881
			2187	880
			2188	880
			2189	879
			2190	879
			2191	878
			2192	878
			2193	877
			2194	877
			2195	876
			2196	876
			2197	875
			2198	875
			2199	874
			2200	874
			2201	873
			2202	873
			2203	872
			2204	872
			2205	872
			2206	871
			2207	871
			2208	870
			2209	870
			2210	869
			2211	869
			2212	868
			2213	868
			2214	868
			2215	867
			2216	867
			2217	866
			2218	866
			2219	865
			2220	865
			2221	865
			2222	864
			2223	864
			2224	863
			2225	863
			2226	863
			2227	862
			2228	862
			2229	861
			2230	861
			2231	861
			2232	860
			2233	860
			2234	859
			2235	859
			2236	859
			2237	858
			2238	858
			2239	857
			2240	857
			2241	857
			2242	856
			2243	856
			2244	856
			2245	855
			2246	855
			2247	854
			2248	854
			2249	854
			2250	854
			2250	853
			2251	853
			2252	853
			2253	853
			2254	852
			2255	852
			2256	851
			2257	851
			2258	851
			2259	850
			2260	850
			2261	850
			2262	850
			2263	849
			2264	849
			2265	849
			2266	848
			2267	848
			2268	848
			2269	847
			2270	847
			2271	847
			2272	846
			2273	846
			2274	846
			2275	845
			2276	845
			2277	845
			2278	845
			2279	844
			2280	844
			2281	844
			2282	843
			2283	843
			2284	843
			2285	842
			2286	842
			2287	842
			2288	842
			2289	841
			2290	841
			2291	841
			2292	840
			2293	840
			2294	840
			2295	840
			2296	839
			2297	839
			2298	839
			2299	838
			2300	838
			2301	838
			2302	838
			2303	837
			2304	837
			2305	837
			2306	837
			2307	836
			2308	836
			2309	836
			2310	836
			2311	835
			2312	835
			2313	835
			2314	835
			2315	834
			2316	834
			2317	834
			2318	834
			2319	834
			2320	833
			2321	833
			2322	833
			2323	832
			2324	832
			2325	832
			2326	832
			2327	831
			2328	831
			2329	831
			2330	831
			2331	831
			2331	830
			2332	830
			2333	830
			2334	830
			2335	830
			2336	830
			2336	829
			2337	829
			2338	829
			2339	829
			2340	829
			2341	828
			2342	828
			2343	828
			2344	828
			2345	828
			2346	828
			2347	827
			2348	827
			2349	827
			2350	827
			2351	827
			2352	826
			2353	826
			2354	826
			2355	826
			2356	826
			2357	825
			2358	825
			2359	825
			2360	825
			2361	825
			2362	825
			2362	824
			2363	824
			2364	824
			2365	824
			2366	824
			2367	824
			2368	823
			2369	823
			2370	823
			2371	823
			2372	823
			2373	822
			2374	822
			2375	822
			2376	822
			2377	822
			2378	821
			2379	821
			2380	821
			2381	821
			2382	821
			2383	820
			2384	820
			2385	820
			2386	820
			2387	820
			2388	820
			2389	819
			2390	819
			2391	819
			2392	819
			2393	818
			2394	818
			2395	818
			2396	818
			2397	818
			2398	817
			2399	817
			2400	817
			2401	817
			2402	817
			2403	816
			2404	816
			2405	816
			2406	816
			2407	816
			2408	815
			2409	815
			2410	815
			2411	815
			2412	814
			2413	814
			2414	814
			2415	814
			2416	814
			2417	813
			2418	813
			2419	813
			2420	813
			2421	813
			2422	812
			2423	812
			2424	812
			2425	812
			2426	812
			2426	811
			2427	811
			2428	811
			2429	811
			2430	811
			2431	810
			2432	810
			2433	810
			2434	810
			2435	810
			2435	809
			2436	809
			2437	809
			2438	809
			2439	809
			2440	808
			2441	808
			2442	808
			2443	808
			2444	808
			2445	807
			2446	807
			2447	807
			2448	807
			2449	807
			2449	806
			2450	806
			2451	806
			2452	806
			2453	806
			2454	805
			2455	805
			2456	805
			2457	805
			2458	804
			2459	804
			2460	804
			2461	804
			2462	804
			2463	803
			2464	803
			2465	803
			2466	803
			2467	802
			2468	802
			2469	802
			2470	802
			2471	802
			2472	801
			2473	801
			2474	801
			2475	801
			2476	800
			2477	800
			2478	800
			2479	800
			2480	799
			2481	799
			2482	799
			2483	799
			2484	799
			2485	798
			2486	798
			2487	798
			2488	797
			2489	797
			2490	797
			2491	797
			2492	797
			2493	796
			2494	796
			2495	796
			2496	796
			2497	795
			2498	795
			2499	795
			2500	795
			2501	794
			2502	794
			2503	794
			2504	794
			2505	794
			2506	793
			2507	793
			2508	793
			2509	793
			2510	792
			2511	792
			2512	792
			2513	792
			2514	791
			2515	791
			2516	791
			2517	791
			2518	791
			2519	790
			2520	790
			2521	790
			2522	789
			2523	789
			2524	789
			2525	788
			2526	788
			2527	788
			2528	788
			2529	787
			2530	787
			2531	787
			2532	787
			2532	786
			2533	786
			2534	786
			2535	786
			2536	785
			2537	785
			2538	785
			2539	785
			2540	784
			2541	784
			2542	784
			2543	783
			2544	783
			2545	783
			2546	783
			2547	782
			2548	782
			2549	782
			2550	782
			2551	781
			2552	781
			2553	781
			2554	781
			2555	780
			2556	780
			2557	780
			2558	780
			2559	779
			2560	779
			2561	779
			2562	778
			2563	778
			2564	778
			2565	778
			2566	777
			2567	777
			2568	777
			2569	777
			2570	777
			2571	776
			2572	776
			2573	776
			2574	776
			2575	775
			2576	775
			2577	775
			2578	775
			2579	774
			2580	774
			2581	774
			2582	774
			2583	774
			2584	773
			2585	773
			2586	773
			2587	773
			2588	772
			2589	772
			2590	772
			2591	772
			2592	772
			2593	771
			2594	771
			2595	771
			2596	771
			2597	770
			2598	770
			2599	770
			2600	770
			2601	770
			2602	769
			2603	769
			2604	769
			2605	769
			2606	768
			2607	768
			2608	768
			2609	768
			2610	768
			2611	767
			2612	767
			2613	767
			2614	767
			2615	767
			2616	766
			2617	766
			2618	766
			2619	766
			2620	766
			2621	766
			2622	765
			2623	765
			2624	765
			2625	765
			2626	765
			2627	764
			2628	764
			2629	764
			2630	764
			2631	764
			2632	764
			2633	763
			2634	763
			2635	763
			2636	763
			2637	763
			2638	762
			2639	762
			2640	762
			2641	762
			2642	762
			2643	762
			2644	762
			2645	761
			2646	761
			2647	761
			2648	761
			2649	761
			2650	761
			2651	760
			2652	760
			2653	760
			2654	760
			2655	760
			2656	760
			2657	760
			2658	759
			2659	759
			2660	759
			2661	759
			2662	759
			2663	759
			2664	758
			2665	758
			2666	758
			2667	758
			2668	758
			2669	758
			2670	758
			2671	758
			2672	757
			2673	757
			2674	757
			2675	757
			2676	757
			2677	757
			2678	757
			2679	757
			2680	756
			2681	756
			2682	756
			2683	756
		</body_ant>
		<body_post type=matrix rownames=FALSE colnames=FALSE nrow=490 ncol=2 as.numeric=TRUE >
			2903	794
			2904	794
			2905	794
			2906	794
			2907	794
			2908	794
			2909	794
			2910	794
			2911	794
			2912	794
			2913	794
			2914	794
			2915	794
			2916	794
			2917	795
			2918	795
			2919	795
			2920	795
			2921	795
			2922	795
			2923	795
			2924	795
			2925	795
			2926	795
			2927	795
			2928	795
			2929	795
			2930	795
			2931	795
			2932	795
			2933	795
			2934	795
			2935	795
			2936	795
			2937	795
			2938	795
			2939	795
			2940	795
			2941	795
			2942	795
			2943	795
			2944	796
			2945	796
			2946	796
			2947	796
			2948	796
			2949	796
			2950	796
			2951	796
			2952	796
			2953	796
			2954	796
			2955	796
			2956	796
			2957	796
			2958	796
			2959	796
			2960	796
			2961	796
			2962	796
			2963	796
			2964	796
			2965	796
			2966	796
			2967	796
			2968	796
			2969	796
			2970	796
			2971	796
			2972	796
			2973	796
			2974	796
			2975	796
			2976	797
			2977	797
			2978	797
			2979	797
			2980	797
			2981	797
			2982	797
			2983	797
			2984	797
			2985	797
			2986	797
			2987	797
			2988	797
			2989	797
			2990	797
			2991	797
			2992	797
			2993	797
			2994	797
			2995	797
			2996	797
			2997	797
			2998	797
			2999	797
			3000	797
			3001	797
			3002	797
			3003	797
			3004	797
			3005	797
			3006	797
			3007	797
			3008	797
			3009	797
			3010	797
			3011	797
			3012	797
			3013	797
			3014	798
			3015	798
			3016	798
			3017	798
			3018	798
			3019	798
			3020	798
			3021	798
			3022	798
			3023	798
			3024	798
			3025	798
			3026	798
			3027	798
			3028	798
			3029	798
			3030	798
			3031	798
			3032	798
			3033	798
			3034	798
			3035	798
			3036	798
			3037	798
			3038	798
			3039	798
			3040	798
			3041	798
			3042	798
			3043	798
			3044	798
			3045	798
			3046	798
			3047	798
			3048	798
			3049	798
			3050	798
			3051	798
			3052	798
			3053	798
			3054	798
			3055	798
			3056	798
			3057	798
			3058	798
			3059	798
			3060	798
			3061	798
			3062	798
			3063	798
			3064	798
			3065	798
			3066	798
			3067	798
			3068	798
			3069	798
			3070	798
			3071	798
			3072	798
			3073	798
			3074	798
			3075	798
			3076	798
			3077	798
			3078	798
			3079	798
			3080	798
			3081	799
			3082	799
			3083	799
			3084	799
			3085	799
			3086	799
			3087	799
			3088	799
			3089	799
			3090	799
			3091	799
			3092	799
			3093	799
			3094	799
			3095	799
			3096	799
			3097	799
			3098	799
			3099	799
			3100	799
			3101	799
			3102	799
			3103	799
			3104	799
			3105	799
			3106	799
			3107	799
			3108	799
			3109	799
			3110	799
			3111	799
			3112	799
			3113	799
			3114	799
			3115	799
			3116	799
			3117	799
			3118	799
			3119	799
			3120	799
			3121	799
			3122	798
			3123	798
			3124	798
			3125	798
			3126	798
			3127	798
			3128	798
			3129	798
			3130	798
			3131	798
			3132	798
			3133	798
			3134	798
			3135	798
			3136	798
			3137	798
			3138	798
			3139	798
			3140	798
			3141	798
			3142	798
			3143	798
			3144	798
			3145	798
			3146	798
			3147	798
			3148	798
			3149	798
			3150	798
			3151	798
			3152	798
			3153	798
			3154	798
			3155	798
			3156	798
			3157	798
			3158	798
			3159	798
			3160	798
			3161	798
			3162	798
			3163	798
			3164	798
			3165	798
			3166	798
			3167	798
			3168	798
			3169	798
			3170	798
			3171	798
			3172	797
			3173	797
			3174	797
			3175	797
			3176	797
			3177	797
			3178	797
			3179	797
			3180	797
			3181	797
			3182	797
			3183	797
			3184	797
			3185	797
			3186	797
			3187	797
			3188	797
			3189	797
			3190	797
			3191	797
			3192	797
			3193	797
			3194	797
			3195	797
			3196	796
			3197	796
			3198	796
			3199	796
			3200	796
			3201	796
			3202	796
			3203	796
			3204	796
			3205	796
			3206	796
			3207	796
			3208	796
			3209	796
			3210	796
			3211	796
			3212	796
			3213	796
			3214	796
			3215	796
			3216	796
			3217	796
			3218	796
			3219	796
			3220	796
			3221	796
			3222	796
			3223	796
			3224	796
			3225	796
			3226	796
			3227	796
			3228	796
			3229	795
			3230	795
			3231	795
			3232	795
			3233	795
			3234	795
			3235	795
			3236	795
			3237	795
			3238	795
			3239	795
			3240	795
			3241	795
			3242	795
			3243	795
			3244	795
			3245	795
			3246	794
			3247	794
			3248	794
			3249	794
			3250	794
			3251	794
			3252	794
			3253	794
			3254	794
			3255	794
			3256	794
			3257	794
			3258	793
			3259	793
			3260	793
			3261	793
			3262	793
			3263	793
			3264	793
			3265	793
			3266	793
			3267	792
			3268	792
			3269	792
			3270	792
			3271	792
			3272	792
			3273	792
			3274	792
			3275	791
			3276	791
			3277	791
			3278	791
			3279	791
			3280	791
			3281	791
			3282	790
			3283	790
			3284	790
			3285	790
			3286	790
			3287	790
			3288	790
			3289	789
			3290	789
			3291	789
			3292	789
			3293	789
			3294	788
			3295	788
			3296	788
			3297	788
			3298	788
			3299	787
			3300	787
			3301	787
			3302	787
			3303	787
			3304	787
			3305	786
			3306	786
			3307	786
			3308	786
			3309	786
			3310	785
			3311	785
			3312	785
			3313	785
			3314	784
			3315	784
			3316	784
			3317	784
			3318	784
			3318	783
			3319	783
			3320	783
			3321	783
			3322	782
			3323	782
			3324	782
			3325	782
			3326	782
			3327	781
			3328	781
			3329	781
			3330	781
			3331	780
			3332	780
			3333	780
			3334	779
			3335	779
			3336	779
			3337	778
			3338	778
			3339	778
			3340	778
			3341	777
			3342	777
			3343	777
			3344	776
			3345	776
			3346	776
			3347	776
			3348	775
			3349	775
			3350	775
			3351	774
			3352	774
			3353	774
			3354	773
			3355	773
			3356	772
			3357	772
			3358	772
			3359	771
			3360	771
			3361	771
			3362	770
			3363	770
			3364	770
			3365	769
			3366	769
			3367	769
			3368	768
			3369	768
			3370	767
			3371	767
			3372	767
			3373	766
			3374	766
			3375	766
			3376	765
			3377	765
			3377	764
			3378	764
			3379	764
			3380	763
			3381	763
			3382	763
			3383	762
			3384	762
			3385	761
			3386	761
			3387	761
			3388	760
			3389	759
			3390	759
		</body_post>
		<opercle type=matrix rownames=FALSE colnames=FALSE nrow=192 ncol=2 as.numeric=TRUE >
			2399	1065
			2400	1064
			2400	1063
			2401	1063
			2401	1062
			2402	1061
			2402	1060
			2403	1060
			2404	1059
			2404	1058
			2405	1057
			2406	1056
			2406	1055
			2407	1054
			2407	1053
			2408	1052
			2409	1051
			2409	1050
			2410	1049
			2410	1048
			2411	1047
			2411	1046
			2412	1045
			2412	1044
			2413	1043
			2414	1042
			2414	1041
			2414	1040
			2415	1039
			2415	1038
			2416	1037
			2416	1036
			2416	1035
			2417	1034
			2417	1033
			2417	1032
			2418	1032
			2418	1031
			2418	1030
			2419	1029
			2419	1028
			2419	1027
			2419	1026
			2420	1026
			2420	1025
			2420	1024
			2420	1023
			2421	1022
			2421	1021
			2421	1020
			2421	1019
			2422	1018
			2422	1017
			2422	1016
			2422	1015
			2422	1014
			2422	1013
			2422	1012
			2423	1012
			2423	1011
			2423	1010
			2423	1009
			2423	1008
			2423	1007
			2423	1006
			2423	1005
			2423	1004
			2423	1003
			2423	1002
			2423	1001
			2423	1000
			2424	999
			2424	998
			2424	997
			2424	996
			2423	995
			2423	994
			2423	993
			2423	992
			2423	991
			2423	990
			2423	989
			2423	988
			2423	987
			2423	986
			2423	985
			2423	984
			2423	983
			2422	982
			2422	981
			2422	980
			2422	979
			2422	978
			2422	977
			2421	976
			2421	975
			2421	974
			2421	973
			2421	972
			2420	971
			2420	970
			2420	969
			2420	968
			2419	967
			2419	966
			2419	965
			2419	964
			2418	963
			2418	962
			2418	961
			2417	960
			2417	959
			2417	958
			2417	957
			2416	956
			2416	955
			2416	954
			2415	954
			2415	953
			2415	952
			2414	951
			2414	950
			2413	949
			2413	948
			2413	947
			2412	946
			2412	945
			2412	944
			2411	943
			2411	942
			2410	941
			2410	940
			2409	940
			2409	939
			2409	938
			2408	937
			2408	936
			2407	935
			2407	934
			2406	933
			2406	932
			2405	931
			2405	930
			2404	929
			2404	928
			2403	927
			2403	926
			2402	925
			2402	924
			2401	923
			2401	922
			2400	921
			2399	920
			2399	919
			2398	918
			2398	917
			2397	916
			2396	915
			2395	914
			2395	913
			2395	912
			2394	912
			2394	911
			2393	910
			2392	909
			2392	908
			2391	907
			2391	906
			2390	905
			2389	905
			2389	904
			2388	903
			2388	902
			2387	901
			2386	900
			2386	899
			2385	899
			2385	898
			2384	897
			2383	896
			2383	895
			2382	894
			2381	893
			2381	892
			2380	892
			2379	891
			2379	890
			2378	889
			2377	888
			2377	887
			2376	886
			2375	885
		</opercle>
	</curves.pixel>
	<curves.scaled type=list>
		<body_ant type=matrix rownames=FALSE colnames=FALSE nrow=641 ncol=2 as.numeric=TRUE >
			7.06085467914863	-3.3626345855571
			7.06085467914863	-3.35924483295069
			7.06424443175504	-3.35585508034429
			7.06424443175504	-3.35246532773788
			7.06424443175504	-3.34907557513147
			7.06763418436145	-3.34568582252506
			7.06763418436145	-3.34229606991865
			7.06763418436145	-3.33890631731224
			7.07102393696786	-3.33551656470584
			7.07102393696786	-3.33212681209943
			7.07102393696786	-3.32873705949302
			7.07441368957427	-3.32534730688661
			7.07441368957427	-3.3219575542802
			7.07441368957427	-3.31856780167379
			7.07780344218068	-3.31517804906739
			7.07780344218068	-3.31178829646098
			7.08119319478708	-3.30839854385457
			7.08119319478708	-3.30500879124816
			7.08458294739349	-3.30161903864175
			7.08458294739349	-3.29822928603534
			7.08458294739349	-3.29483953342894
			7.0879726999999	-3.29144978082253
			7.0879726999999	-3.28806002821612
			7.09136245260631	-3.28467027560971
			7.09136245260631	-3.2812805230033
			7.09475220521272	-3.27789077039689
			7.09475220521272	-3.27450101779048
			7.09814195781913	-3.27111126518408
			7.09814195781913	-3.26772151257767
			7.10153171042553	-3.26433175997126
			7.10492146303194	-3.26094200736485
			7.10492146303194	-3.25755225475844
			7.10831121563835	-3.25416250215203
			7.10831121563835	-3.25077274954563
			7.11170096824476	-3.24738299693922
			7.11509072085117	-3.24399324433281
			7.11509072085117	-3.2406034917264
			7.11848047345758	-3.23721373911999
			7.11848047345758	-3.23382398651358
			7.12187022606398	-3.23382398651358
			7.12187022606398	-3.23043423390718
			7.12525997867039	-3.22704448130077
			7.12525997867039	-3.22365472869436
			7.1286497312768	-3.22026497608795
			7.13203948388321	-3.21687522348154
			7.13542923648962	-3.21348547087513
			7.13542923648962	-3.21009571826873
			7.13881898909603	-3.20670596566232
			7.14220874170243	-3.20331621305591
			7.14220874170243	-3.1999264604495
			7.14559849430884	-3.19653670784309
			7.14898824691525	-3.19314695523668
			7.14898824691525	-3.18975720263028
			7.15237799952166	-3.18975720263028
			7.15576775212807	-3.18636745002387
			7.15915750473448	-3.18297769741746
			7.15915750473448	-3.17958794481105
			7.16254725734088	-3.17619819220464
			7.16593700994729	-3.17280843959823
			7.1693267625537	-3.16941868699183
			7.1693267625537	-3.16602893438542
			7.17271651516011	-3.16263918177901
			7.17610626776652	-3.1592494291726
			7.17949602037293	-3.1592494291726
			7.18288577297933	-3.15585967656619
			7.18627552558574	-3.15246992395978
			7.18627552558574	-3.14908017135338
			7.18966527819215	-3.14569041874697
			7.19305503079856	-3.14230066614056
			7.19644478340497	-3.13891091353415
			7.19983453601138	-3.13552116092774
			7.20322428861779	-3.13552116092774
			7.20661404122419	-3.13213140832133
			7.20661404122419	-3.12874165571493
			7.2100037938306	-3.12535190310852
			7.21339354643701	-3.12196215050211
			7.21678329904342	-3.1185723978957
			7.22017305164983	-3.11518264528929
			7.22356280425624	-3.11518264528929
			7.22695255686264	-3.11179289268288
			7.23034230946905	-3.10840314007647
			7.23373206207546	-3.10501338747007
			7.23712181468187	-3.10162363486366
			7.24051156728828	-3.09823388225725
			7.24390131989469	-3.09823388225725
			7.24729107250109	-3.09484412965084
			7.2506808251075	-3.09145437704443
			7.25407057771391	-3.08806462443802
			7.25746033032032	-3.08467487183162
			7.26085008292673	-3.08128511922521
			7.26423983553314	-3.08128511922521
			7.26762958813954	-3.0778953666188
			7.27101934074595	-3.07450561401239
			7.27440909335236	-3.07111586140598
			7.27779884595877	-3.06772610879957
			7.28118859856518	-3.06772610879957
			7.28457835117159	-3.06433635619317
			7.28796810377799	-3.06094660358676
			7.2913578563844	-3.05755685098035
			7.29474760899081	-3.05416709837394
			7.29813736159722	-3.05416709837394
			7.30152711420363	-3.05416709837394
			7.30152711420363	-3.05077734576753
			7.30491686681004	-3.05077734576753
			7.30830661941644	-3.04738759316112
			7.31169637202285	-3.04738759316112
			7.31169637202285	-3.04399784055472
			7.31508612462926	-3.04399784055472
			7.31847587723567	-3.04060808794831
			7.32186562984208	-3.0372183353419
			7.32525538244849	-3.03382858273549
			7.3286451350549	-3.03382858273549
			7.3320348876613	-3.03043883012908
			7.33542464026771	-3.03043883012908
			7.33881439287412	-3.02704907752267
			7.34220414548053	-3.02704907752267
			7.34559389808694	-3.02365932491627
			7.34898365069335	-3.02026957230986
			7.35237340329975	-3.01687981970345
			7.35576315590616	-3.01687981970345
			7.35915290851257	-3.01349006709704
			7.36254266111898	-3.01349006709704
			7.36593241372539	-3.01010031449063
			7.36932216633179	-3.01010031449063
			7.3727119189382	-3.00671056188422
			7.37610167154461	-3.00332080927782
			7.37949142415102	-3.00332080927782
			7.38288117675743	-3.00332080927782
			7.38627092936384	-2.99993105667141
			7.38966068197025	-2.996541304065
			7.39305043457665	-2.996541304065
			7.39644018718306	-2.99315155145859
			7.39982993978947	-2.99315155145859
			7.40321969239588	-2.98976179885218
			7.40660944500229	-2.98976179885218
			7.4099991976087	-2.98637204624577
			7.4133889502151	-2.98298229363937
			7.41677870282151	-2.98298229363937
			7.42016845542792	-2.97959254103296
			7.42355820803433	-2.97959254103296
			7.42694796064074	-2.97620278842655
			7.43033771324715	-2.97620278842655
			7.43372746585355	-2.97281303582014
			7.43711721845996	-2.97281303582014
			7.44050697106637	-2.96942328321373
			7.44389672367278	-2.96942328321373
			7.44728647627919	-2.96603353060732
			7.4506762288856	-2.96603353060732
			7.454065981492	-2.96264377800091
			7.45745573409841	-2.96264377800091
			7.46084548670482	-2.95925402539451
			7.46423523931123	-2.95925402539451
			7.46762499191764	-2.9558642727881
			7.47101474452405	-2.9558642727881
			7.47440449713045	-2.9558642727881
			7.47779424973686	-2.95247452018169
			7.48118400234327	-2.95247452018169
			7.48457375494968	-2.94908476757528
			7.48796350755609	-2.94908476757528
			7.4913532601625	-2.94569501496887
			7.4947430127689	-2.94569501496887
			7.49813276537531	-2.94230526236246
			7.50152251798172	-2.94230526236246
			7.50491227058813	-2.94230526236246
			7.50830202319454	-2.93891550975606
			7.51169177580095	-2.93891550975606
			7.51508152840736	-2.93552575714965
			7.51847128101376	-2.93552575714965
			7.52186103362017	-2.93213600454324
			7.52525078622658	-2.93213600454324
			7.52864053883299	-2.93213600454324
			7.5320302914394	-2.92874625193683
			7.53542004404581	-2.92874625193683
			7.53880979665221	-2.92535649933042
			7.54219954925862	-2.92535649933042
			7.54558930186503	-2.92535649933042
			7.54897905447144	-2.92196674672401
			7.55236880707785	-2.92196674672401
			7.55575855968426	-2.91857699411761
			7.55914831229066	-2.91857699411761
			7.56253806489707	-2.91857699411761
			7.56592781750348	-2.9151872415112
			7.56931757010989	-2.9151872415112
			7.5727073227163	-2.91179748890479
			7.57609707532271	-2.91179748890479
			7.57948682792911	-2.91179748890479
			7.58287658053552	-2.90840773629838
			7.58626633314193	-2.90840773629838
			7.58965608574834	-2.90501798369197
			7.59304583835475	-2.90501798369197
			7.59643559096116	-2.90501798369197
			7.59982534356756	-2.90162823108556
			7.60321509617397	-2.90162823108556
			7.60660484878038	-2.90162823108556
			7.60999460138679	-2.89823847847916
			7.6133843539932	-2.89823847847916
			7.61677410659961	-2.89484872587275
			7.62016385920601	-2.89484872587275
			7.62355361181242	-2.89484872587275
			7.62694336441883	-2.89484872587275
			7.62694336441883	-2.89145897326634
			7.63033311702524	-2.89145897326634
			7.63372286963165	-2.89145897326634
			7.63711262223806	-2.89145897326634
			7.64050237484446	-2.88806922065993
			7.64389212745087	-2.88806922065993
			7.64728188005728	-2.88467946805352
			7.65067163266369	-2.88467946805352
			7.6540613852701	-2.88467946805352
			7.65745113787651	-2.88128971544711
			7.66084089048292	-2.88128971544711
			7.66423064308932	-2.88128971544711
			7.66762039569573	-2.88128971544711
			7.67101014830214	-2.87789996284071
			7.67439990090855	-2.87789996284071
			7.67778965351496	-2.87789996284071
			7.68117940612137	-2.8745102102343
			7.68456915872777	-2.8745102102343
			7.68795891133418	-2.8745102102343
			7.69134866394059	-2.87112045762789
			7.694738416547	-2.87112045762789
			7.69812816915341	-2.87112045762789
			7.70151792175982	-2.86773070502148
			7.70490767436622	-2.86773070502148
			7.70829742697263	-2.86773070502148
			7.71168717957904	-2.86434095241507
			7.71507693218545	-2.86434095241507
			7.71846668479186	-2.86434095241507
			7.72185643739827	-2.86434095241507
			7.72524619000467	-2.86095119980866
			7.72863594261108	-2.86095119980866
			7.73202569521749	-2.86095119980866
			7.7354154478239	-2.85756144720226
			7.73880520043031	-2.85756144720226
			7.74219495303672	-2.85756144720226
			7.74558470564312	-2.85417169459585
			7.74897445824953	-2.85417169459585
			7.75236421085594	-2.85417169459585
			7.75575396346235	-2.85417169459585
			7.75914371606876	-2.85078194198944
			7.76253346867517	-2.85078194198944
			7.76592322128157	-2.85078194198944
			7.76931297388798	-2.84739218938303
			7.77270272649439	-2.84739218938303
			7.7760924791008	-2.84739218938303
			7.77948223170721	-2.84739218938303
			7.78287198431362	-2.84400243677662
			7.78626173692003	-2.84400243677662
			7.78965148952643	-2.84400243677662
			7.79304124213284	-2.84061268417021
			7.79643099473925	-2.84061268417021
			7.79982074734566	-2.84061268417021
			7.80321049995207	-2.84061268417021
			7.80660025255848	-2.83722293156381
			7.80999000516488	-2.83722293156381
			7.81337975777129	-2.83722293156381
			7.8167695103777	-2.83722293156381
			7.82015926298411	-2.8338331789574
			7.82354901559052	-2.8338331789574
			7.82693876819692	-2.8338331789574
			7.83032852080333	-2.8338331789574
			7.83371827340974	-2.83044342635099
			7.83710802601615	-2.83044342635099
			7.84049777862256	-2.83044342635099
			7.84388753122897	-2.83044342635099
			7.84727728383538	-2.82705367374458
			7.85066703644178	-2.82705367374458
			7.85405678904819	-2.82705367374458
			7.8574465416546	-2.82705367374458
			7.86083629426101	-2.82705367374458
			7.86422604686742	-2.82366392113817
			7.86761579947383	-2.82366392113817
			7.87100555208023	-2.82366392113817
			7.87439530468664	-2.82027416853176
			7.87778505729305	-2.82027416853176
			7.88117480989946	-2.82027416853176
			7.88456456250587	-2.82027416853176
			7.88795431511228	-2.81688441592535
			7.89134406771868	-2.81688441592535
			7.89473382032509	-2.81688441592535
			7.8981235729315	-2.81688441592535
			7.90151332553791	-2.81688441592535
			7.90151332553791	-2.81349466331895
			7.90490307814432	-2.81349466331895
			7.90829283075073	-2.81349466331895
			7.91168258335713	-2.81349466331895
			7.91507233596354	-2.81349466331895
			7.91846208856995	-2.81349466331895
			7.91846208856995	-2.81010491071254
			7.92185184117636	-2.81010491071254
			7.92524159378277	-2.81010491071254
			7.92863134638918	-2.81010491071254
			7.93202109899558	-2.81010491071254
			7.93541085160199	-2.80671515810613
			7.9388006042084	-2.80671515810613
			7.94219035681481	-2.80671515810613
			7.94558010942122	-2.80671515810613
			7.94896986202763	-2.80671515810613
			7.95235961463403	-2.80671515810613
			7.95574936724044	-2.80332540549972
			7.95913911984685	-2.80332540549972
			7.96252887245326	-2.80332540549972
			7.96591862505967	-2.80332540549972
			7.96930837766608	-2.80332540549972
			7.97269813027248	-2.79993565289331
			7.97608788287889	-2.79993565289331
			7.9794776354853	-2.79993565289331
			7.98286738809171	-2.79993565289331
			7.98625714069812	-2.79993565289331
			7.98964689330453	-2.7965459002869
			7.99303664591094	-2.7965459002869
			7.99642639851734	-2.7965459002869
			7.99981615112375	-2.7965459002869
			8.00320590373016	-2.7965459002869
			8.00659565633657	-2.7965459002869
			8.00659565633657	-2.7931561476805
			8.00998540894298	-2.7931561476805
			8.01337516154939	-2.7931561476805
			8.01676491415579	-2.7931561476805
			8.0201546667622	-2.7931561476805
			8.02354441936861	-2.7931561476805
			8.02693417197502	-2.78976639507409
			8.03032392458143	-2.78976639507409
			8.03371367718784	-2.78976639507409
			8.03710342979424	-2.78976639507409
			8.04049318240065	-2.78976639507409
			8.04388293500706	-2.78637664246768
			8.04727268761347	-2.78637664246768
			8.05066244021988	-2.78637664246768
			8.05405219282629	-2.78637664246768
			8.05744194543269	-2.78637664246768
			8.0608316980391	-2.78298688986127
			8.06422145064551	-2.78298688986127
			8.06761120325192	-2.78298688986127
			8.07100095585833	-2.78298688986127
			8.07439070846474	-2.78298688986127
			8.07778046107114	-2.77959713725486
			8.08117021367755	-2.77959713725486
			8.08455996628396	-2.77959713725486
			8.08794971889037	-2.77959713725486
			8.09133947149678	-2.77959713725486
			8.09472922410319	-2.77959713725486
			8.09811897670959	-2.77620738464845
			8.101508729316	-2.77620738464845
			8.10489848192241	-2.77620738464845
			8.10828823452882	-2.77620738464845
			8.11167798713523	-2.77281763204205
			8.11506773974164	-2.77281763204205
			8.11845749234804	-2.77281763204205
			8.12184724495445	-2.77281763204205
			8.12523699756086	-2.77281763204205
			8.12862675016727	-2.76942787943564
			8.13201650277368	-2.76942787943564
			8.13540625538009	-2.76942787943564
			8.13879600798649	-2.76942787943564
			8.1421857605929	-2.76942787943564
			8.14557551319931	-2.76603812682923
			8.14896526580572	-2.76603812682923
			8.15235501841213	-2.76603812682923
			8.15574477101854	-2.76603812682923
			8.15913452362495	-2.76603812682923
			8.16252427623135	-2.76264837422282
			8.16591402883776	-2.76264837422282
			8.16930378144417	-2.76264837422282
			8.17269353405058	-2.76264837422282
			8.17608328665699	-2.75925862161641
			8.1794730392634	-2.75925862161641
			8.1828627918698	-2.75925862161641
			8.18625254447621	-2.75925862161641
			8.18964229708262	-2.75925862161641
			8.19303204968903	-2.75586886901
			8.19642180229544	-2.75586886901
			8.19981155490185	-2.75586886901
			8.20320130750825	-2.75586886901
			8.20659106011466	-2.75586886901
			8.20998081272107	-2.7524791164036
			8.21337056532748	-2.7524791164036
			8.21676031793389	-2.7524791164036
			8.2201500705403	-2.7524791164036
			8.22353982314671	-2.7524791164036
			8.22353982314671	-2.74908936379719
			8.22692957575311	-2.74908936379719
			8.23031932835952	-2.74908936379719
			8.23370908096593	-2.74908936379719
			8.23709883357234	-2.74908936379719
			8.24048858617875	-2.74569961119078
			8.24387833878516	-2.74569961119078
			8.24726809139156	-2.74569961119078
			8.25065784399797	-2.74569961119078
			8.25404759660438	-2.74569961119078
			8.25404759660438	-2.74230985858437
			8.25743734921079	-2.74230985858437
			8.2608271018172	-2.74230985858437
			8.2642168544236	-2.74230985858437
			8.26760660703001	-2.74230985858437
			8.27099635963642	-2.73892010597796
			8.27438611224283	-2.73892010597796
			8.27777586484924	-2.73892010597796
			8.28116561745565	-2.73892010597796
			8.28455537006205	-2.73892010597796
			8.28794512266846	-2.73553035337155
			8.29133487527487	-2.73553035337155
			8.29472462788128	-2.73553035337155
			8.29811438048769	-2.73553035337155
			8.3015041330941	-2.73553035337155
			8.3015041330941	-2.73214060076515
			8.3048938857005	-2.73214060076515
			8.30828363830691	-2.73214060076515
			8.31167339091332	-2.73214060076515
			8.31506314351973	-2.73214060076515
			8.31845289612614	-2.72875084815874
			8.32184264873255	-2.72875084815874
			8.32523240133895	-2.72875084815874
			8.32862215394536	-2.72875084815874
			8.33201190655177	-2.72536109555233
			8.33540165915818	-2.72536109555233
			8.33879141176459	-2.72536109555233
			8.342181164371	-2.72536109555233
			8.34557091697741	-2.72536109555233
			8.34896066958381	-2.72197134294592
			8.35235042219022	-2.72197134294592
			8.35574017479663	-2.72197134294592
			8.35912992740304	-2.72197134294592
			8.36251968000945	-2.71858159033951
			8.36590943261586	-2.71858159033951
			8.36929918522226	-2.71858159033951
			8.37268893782867	-2.71858159033951
			8.37607869043508	-2.71858159033951
			8.37946844304149	-2.7151918377331
			8.3828581956479	-2.7151918377331
			8.38624794825431	-2.7151918377331
			8.38963770086071	-2.7151918377331
			8.39302745346712	-2.7118020851267
			8.39641720607353	-2.7118020851267
			8.39980695867994	-2.7118020851267
			8.40319671128635	-2.7118020851267
			8.40658646389276	-2.70841233252029
			8.40997621649916	-2.70841233252029
			8.41336596910557	-2.70841233252029
			8.41675572171198	-2.70841233252029
			8.42014547431839	-2.70841233252029
			8.4235352269248	-2.70502257991388
			8.42692497953121	-2.70502257991388
			8.43031473213762	-2.70502257991388
			8.43370448474402	-2.70163282730747
			8.43709423735043	-2.70163282730747
			8.44048398995684	-2.70163282730747
			8.44387374256325	-2.70163282730747
			8.44726349516966	-2.70163282730747
			8.45065324777607	-2.69824307470106
			8.45404300038247	-2.69824307470106
			8.45743275298888	-2.69824307470106
			8.46082250559529	-2.69824307470106
			8.4642122582017	-2.69485332209465
			8.46760201080811	-2.69485332209465
			8.47099176341452	-2.69485332209465
			8.47438151602092	-2.69485332209465
			8.47777126862733	-2.69146356948825
			8.48116102123374	-2.69146356948825
			8.48455077384015	-2.69146356948825
			8.48794052644656	-2.69146356948825
			8.49133027905297	-2.69146356948825
			8.49472003165937	-2.68807381688184
			8.49810978426578	-2.68807381688184
			8.50149953687219	-2.68807381688184
			8.5048892894786	-2.68807381688184
			8.50827904208501	-2.68468406427543
			8.51166879469142	-2.68468406427543
			8.51505854729782	-2.68468406427543
			8.51844829990423	-2.68468406427543
			8.52183805251064	-2.68129431166902
			8.52522780511705	-2.68129431166902
			8.52861755772346	-2.68129431166902
			8.53200731032987	-2.68129431166902
			8.53539706293627	-2.68129431166902
			8.53878681554268	-2.67790455906261
			8.54217656814909	-2.67790455906261
			8.5455663207555	-2.67790455906261
			8.54895607336191	-2.6745148064562
			8.55234582596832	-2.6745148064562
			8.55573557857472	-2.6745148064562
			8.55912533118113	-2.6711250538498
			8.56251508378754	-2.6711250538498
			8.56590483639395	-2.6711250538498
			8.56929458900036	-2.6711250538498
			8.57268434160677	-2.66773530124339
			8.57607409421317	-2.66773530124339
			8.57946384681958	-2.66773530124339
			8.58285359942599	-2.66773530124339
			8.58285359942599	-2.66434554863698
			8.5862433520324	-2.66434554863698
			8.58963310463881	-2.66434554863698
			8.59302285724522	-2.66434554863698
			8.59641260985162	-2.66095579603057
			8.59980236245803	-2.66095579603057
			8.60319211506444	-2.66095579603057
			8.60658186767085	-2.66095579603057
			8.60997162027726	-2.65756604342416
			8.61336137288367	-2.65756604342416
			8.61675112549008	-2.65756604342416
			8.62014087809648	-2.65417629081775
			8.62353063070289	-2.65417629081775
			8.6269203833093	-2.65417629081775
			8.63031013591571	-2.65417629081775
			8.63369988852212	-2.65078653821134
			8.63708964112853	-2.65078653821134
			8.64047939373493	-2.65078653821134
			8.64386914634134	-2.65078653821134
			8.64725889894775	-2.64739678560494
			8.65064865155416	-2.64739678560494
			8.65403840416057	-2.64739678560494
			8.65742815676698	-2.64739678560494
			8.66081790937338	-2.64400703299853
			8.66420766197979	-2.64400703299853
			8.6675974145862	-2.64400703299853
			8.67098716719261	-2.64400703299853
			8.67437691979902	-2.64061728039212
			8.67776667240543	-2.64061728039212
			8.68115642501183	-2.64061728039212
			8.68454617761824	-2.63722752778571
			8.68793593022465	-2.63722752778571
			8.69132568283106	-2.63722752778571
			8.69471543543747	-2.63722752778571
			8.69810518804388	-2.6338377751793
			8.70149494065029	-2.6338377751793
			8.70488469325669	-2.6338377751793
			8.7082744458631	-2.6338377751793
			8.71166419846951	-2.6338377751793
			8.71505395107592	-2.63044802257289
			8.71844370368233	-2.63044802257289
			8.72183345628873	-2.63044802257289
			8.72522320889514	-2.63044802257289
			8.72861296150155	-2.62705826996649
			8.73200271410796	-2.62705826996649
			8.73539246671437	-2.62705826996649
			8.73878221932078	-2.62705826996649
			8.74217197192718	-2.62366851736008
			8.74556172453359	-2.62366851736008
			8.74895147714	-2.62366851736008
			8.75234122974641	-2.62366851736008
			8.75573098235282	-2.62366851736008
			8.75912073495923	-2.62027876475367
			8.76251048756563	-2.62027876475367
			8.76590024017204	-2.62027876475367
			8.76928999277845	-2.62027876475367
			8.77267974538486	-2.61688901214726
			8.77606949799127	-2.61688901214726
			8.77945925059768	-2.61688901214726
			8.78284900320408	-2.61688901214726
			8.78623875581049	-2.61688901214726
			8.7896285084169	-2.61349925954085
			8.79301826102331	-2.61349925954085
			8.79640801362972	-2.61349925954085
			8.79979776623613	-2.61349925954085
			8.80318751884254	-2.61010950693444
			8.80657727144894	-2.61010950693444
			8.80996702405535	-2.61010950693444
			8.81335677666176	-2.61010950693444
			8.81674652926817	-2.61010950693444
			8.82013628187458	-2.60671975432804
			8.82352603448099	-2.60671975432804
			8.82691578708739	-2.60671975432804
			8.8303055396938	-2.60671975432804
			8.83369529230021	-2.60333000172163
			8.83708504490662	-2.60333000172163
			8.84047479751303	-2.60333000172163
			8.84386455011944	-2.60333000172163
			8.84725430272584	-2.60333000172163
			8.85064405533225	-2.59994024911522
			8.85403380793866	-2.59994024911522
			8.85742356054507	-2.59994024911522
			8.86081331315148	-2.59994024911522
			8.86420306575789	-2.59994024911522
			8.86759281836429	-2.59655049650881
			8.8709825709707	-2.59655049650881
			8.87437232357711	-2.59655049650881
			8.87776207618352	-2.59655049650881
			8.88115182878993	-2.59655049650881
			8.88454158139634	-2.59655049650881
			8.88793133400275	-2.5931607439024
			8.89132108660915	-2.5931607439024
			8.89471083921556	-2.5931607439024
			8.89810059182197	-2.5931607439024
			8.90149034442838	-2.5931607439024
			8.90488009703479	-2.58977099129599
			8.9082698496412	-2.58977099129599
			8.9116596022476	-2.58977099129599
			8.91504935485401	-2.58977099129599
			8.91843910746042	-2.58977099129599
			8.92182886006683	-2.58977099129599
			8.92521861267324	-2.58638123868959
			8.92860836527965	-2.58638123868959
			8.93199811788605	-2.58638123868959
			8.93538787049246	-2.58638123868959
			8.93877762309887	-2.58638123868959
			8.94216737570528	-2.58299148608318
			8.94555712831169	-2.58299148608318
			8.9489468809181	-2.58299148608318
			8.9523366335245	-2.58299148608318
			8.95572638613091	-2.58299148608318
			8.95911613873732	-2.58299148608318
			8.96250589134373	-2.58299148608318
			8.96589564395014	-2.57960173347677
			8.96928539655655	-2.57960173347677
			8.97267514916295	-2.57960173347677
			8.97606490176936	-2.57960173347677
			8.97945465437577	-2.57960173347677
			8.98284440698218	-2.57960173347677
			8.98623415958859	-2.57621198087036
			8.989623912195	-2.57621198087036
			8.9930136648014	-2.57621198087036
			8.99640341740781	-2.57621198087036
			8.99979317001422	-2.57621198087036
			9.00318292262063	-2.57621198087036
			9.00657267522704	-2.57621198087036
			9.00996242783345	-2.57282222826395
			9.01335218043985	-2.57282222826395
			9.01674193304626	-2.57282222826395
			9.02013168565267	-2.57282222826395
			9.02352143825908	-2.57282222826395
			9.02691119086549	-2.57282222826395
			9.0303009434719	-2.56943247565754
			9.0336906960783	-2.56943247565754
			9.03708044868471	-2.56943247565754
			9.04047020129112	-2.56943247565754
			9.04385995389753	-2.56943247565754
			9.04724970650394	-2.56943247565754
			9.05063945911035	-2.56943247565754
			9.05402921171675	-2.56943247565754
			9.05741896432316	-2.56604272305114
			9.06080871692957	-2.56604272305114
			9.06419846953598	-2.56604272305114
			9.06758822214239	-2.56604272305114
			9.0709779747488	-2.56604272305114
			9.07436772735521	-2.56604272305114
			9.07775747996161	-2.56604272305114
			9.08114723256802	-2.56604272305114
			9.08453698517443	-2.56265297044473
			9.08792673778084	-2.56265297044473
			9.09131649038725	-2.56265297044473
			9.09470624299366	-2.56265297044473
		</body_ant>
		<body_post type=matrix rownames=FALSE colnames=FALSE nrow=490 ncol=2 as.numeric=TRUE >
			9.8404518164035	-2.69146356948825
			9.84384156900991	-2.69146356948825
			9.84723132161631	-2.69146356948825
			9.85062107422272	-2.69146356948825
			9.85401082682913	-2.69146356948825
			9.85740057943554	-2.69146356948825
			9.86079033204195	-2.69146356948825
			9.86418008464836	-2.69146356948825
			9.86756983725476	-2.69146356948825
			9.87095958986117	-2.69146356948825
			9.87434934246758	-2.69146356948825
			9.87773909507399	-2.69146356948825
			9.8811288476804	-2.69146356948825
			9.88451860028681	-2.69146356948825
			9.88790835289321	-2.69485332209465
			9.89129810549962	-2.69485332209465
			9.89468785810603	-2.69485332209465
			9.89807761071244	-2.69485332209465
			9.90146736331885	-2.69485332209465
			9.90485711592525	-2.69485332209465
			9.90824686853166	-2.69485332209465
			9.91163662113807	-2.69485332209465
			9.91502637374448	-2.69485332209465
			9.91841612635089	-2.69485332209465
			9.9218058789573	-2.69485332209465
			9.92519563156371	-2.69485332209465
			9.92858538417011	-2.69485332209465
			9.93197513677652	-2.69485332209465
			9.93536488938293	-2.69485332209465
			9.93875464198934	-2.69485332209465
			9.94214439459575	-2.69485332209465
			9.94553414720216	-2.69485332209465
			9.94892389980856	-2.69485332209465
			9.95231365241497	-2.69485332209465
			9.95570340502138	-2.69485332209465
			9.95909315762779	-2.69485332209465
			9.9624829102342	-2.69485332209465
			9.96587266284061	-2.69485332209465
			9.96926241544701	-2.69485332209465
			9.97265216805342	-2.69485332209465
			9.97604192065983	-2.69485332209465
			9.97943167326624	-2.69824307470106
			9.98282142587265	-2.69824307470106
			9.98621117847906	-2.69824307470106
			9.98960093108546	-2.69824307470106
			9.99299068369187	-2.69824307470106
			9.99638043629828	-2.69824307470106
			9.99977018890469	-2.69824307470106
			10.0031599415111	-2.69824307470106
			10.0065496941175	-2.69824307470106
			10.0099394467239	-2.69824307470106
			10.0133291993303	-2.69824307470106
			10.0167189519367	-2.69824307470106
			10.0201087045431	-2.69824307470106
			10.0234984571495	-2.69824307470106
			10.026888209756	-2.69824307470106
			10.0302779623624	-2.69824307470106
			10.0336677149688	-2.69824307470106
			10.0370574675752	-2.69824307470106
			10.0404472201816	-2.69824307470106
			10.043836972788	-2.69824307470106
			10.0472267253944	-2.69824307470106
			10.0506164780008	-2.69824307470106
			10.0540062306072	-2.69824307470106
			10.0573959832136	-2.69824307470106
			10.06078573582	-2.69824307470106
			10.0641754884264	-2.69824307470106
			10.0675652410329	-2.69824307470106
			10.0709549936393	-2.69824307470106
			10.0743447462457	-2.69824307470106
			10.0777344988521	-2.69824307470106
			10.0811242514585	-2.69824307470106
			10.0845140040649	-2.69824307470106
			10.0879037566713	-2.70163282730747
			10.0912935092777	-2.70163282730747
			10.0946832618841	-2.70163282730747
			10.0980730144905	-2.70163282730747
			10.1014627670969	-2.70163282730747
			10.1048525197033	-2.70163282730747
			10.1082422723098	-2.70163282730747
			10.1116320249162	-2.70163282730747
			10.1150217775226	-2.70163282730747
			10.118411530129	-2.70163282730747
			10.1218012827354	-2.70163282730747
			10.1251910353418	-2.70163282730747
			10.1285807879482	-2.70163282730747
			10.1319705405546	-2.70163282730747
			10.135360293161	-2.70163282730747
			10.1387500457674	-2.70163282730747
			10.1421397983738	-2.70163282730747
			10.1455295509802	-2.70163282730747
			10.1489193035867	-2.70163282730747
			10.1523090561931	-2.70163282730747
			10.1556988087995	-2.70163282730747
			10.1590885614059	-2.70163282730747
			10.1624783140123	-2.70163282730747
			10.1658680666187	-2.70163282730747
			10.1692578192251	-2.70163282730747
			10.1726475718315	-2.70163282730747
			10.1760373244379	-2.70163282730747
			10.1794270770443	-2.70163282730747
			10.1828168296507	-2.70163282730747
			10.1862065822571	-2.70163282730747
			10.1895963348636	-2.70163282730747
			10.19298608747	-2.70163282730747
			10.1963758400764	-2.70163282730747
			10.1997655926828	-2.70163282730747
			10.2031553452892	-2.70163282730747
			10.2065450978956	-2.70163282730747
			10.209934850502	-2.70163282730747
			10.2133246031084	-2.70163282730747
			10.2167143557148	-2.70502257991388
			10.2201041083212	-2.70502257991388
			10.2234938609276	-2.70502257991388
			10.2268836135341	-2.70502257991388
			10.2302733661405	-2.70502257991388
			10.2336631187469	-2.70502257991388
			10.2370528713533	-2.70502257991388
			10.2404426239597	-2.70502257991388
			10.2438323765661	-2.70502257991388
			10.2472221291725	-2.70502257991388
			10.2506118817789	-2.70502257991388
			10.2540016343853	-2.70502257991388
			10.2573913869917	-2.70502257991388
			10.2607811395981	-2.70502257991388
			10.2641708922045	-2.70502257991388
			10.267560644811	-2.70502257991388
			10.2709503974174	-2.70502257991388
			10.2743401500238	-2.70502257991388
			10.2777299026302	-2.70502257991388
			10.2811196552366	-2.70502257991388
			10.284509407843	-2.70502257991388
			10.2878991604494	-2.70502257991388
			10.2912889130558	-2.70502257991388
			10.2946786656622	-2.70502257991388
			10.2980684182686	-2.70502257991388
			10.301458170875	-2.70502257991388
			10.3048479234814	-2.70502257991388
			10.3082376760879	-2.70502257991388
			10.3116274286943	-2.70502257991388
			10.3150171813007	-2.70502257991388
			10.3184069339071	-2.70502257991388
			10.3217966865135	-2.70502257991388
			10.3251864391199	-2.70502257991388
			10.3285761917263	-2.70502257991388
			10.3319659443327	-2.70502257991388
			10.3353556969391	-2.70502257991388
			10.3387454495455	-2.70502257991388
			10.3421352021519	-2.70502257991388
			10.3455249547583	-2.70502257991388
			10.3489147073648	-2.70502257991388
			10.3523044599712	-2.70502257991388
			10.3556942125776	-2.70502257991388
			10.359083965184	-2.70502257991388
			10.3624737177904	-2.70502257991388
			10.3658634703968	-2.70502257991388
			10.3692532230032	-2.70502257991388
			10.3726429756096	-2.70502257991388
			10.376032728216	-2.70502257991388
			10.3794224808224	-2.70502257991388
			10.3828122334288	-2.70502257991388
			10.3862019860352	-2.70502257991388
			10.3895917386417	-2.70502257991388
			10.3929814912481	-2.70502257991388
			10.3963712438545	-2.70502257991388
			10.3997609964609	-2.70502257991388
			10.4031507490673	-2.70502257991388
			10.4065405016737	-2.70502257991388
			10.4099302542801	-2.70502257991388
			10.4133200068865	-2.70502257991388
			10.4167097594929	-2.70502257991388
			10.4200995120993	-2.70502257991388
			10.4234892647057	-2.70502257991388
			10.4268790173121	-2.70502257991388
			10.4302687699186	-2.70502257991388
			10.433658522525	-2.70502257991388
			10.4370482751314	-2.70502257991388
			10.4404380277378	-2.70502257991388
			10.4438277803442	-2.70841233252029
			10.4472175329506	-2.70841233252029
			10.450607285557	-2.70841233252029
			10.4539970381634	-2.70841233252029
			10.4573867907698	-2.70841233252029
			10.4607765433762	-2.70841233252029
			10.4641662959826	-2.70841233252029
			10.467556048589	-2.70841233252029
			10.4709458011955	-2.70841233252029
			10.4743355538019	-2.70841233252029
			10.4777253064083	-2.70841233252029
			10.4811150590147	-2.70841233252029
			10.4845048116211	-2.70841233252029
			10.4878945642275	-2.70841233252029
			10.4912843168339	-2.70841233252029
			10.4946740694403	-2.70841233252029
			10.4980638220467	-2.70841233252029
			10.5014535746531	-2.70841233252029
			10.5048433272595	-2.70841233252029
			10.5082330798659	-2.70841233252029
			10.5116228324724	-2.70841233252029
			10.5150125850788	-2.70841233252029
			10.5184023376852	-2.70841233252029
			10.5217920902916	-2.70841233252029
			10.525181842898	-2.70841233252029
			10.5285715955044	-2.70841233252029
			10.5319613481108	-2.70841233252029
			10.5353511007172	-2.70841233252029
			10.5387408533236	-2.70841233252029
			10.54213060593	-2.70841233252029
			10.5455203585364	-2.70841233252029
			10.5489101111428	-2.70841233252029
			10.5522998637493	-2.70841233252029
			10.5556896163557	-2.70841233252029
			10.5590793689621	-2.70841233252029
			10.5624691215685	-2.70841233252029
			10.5658588741749	-2.70841233252029
			10.5692486267813	-2.70841233252029
			10.5726383793877	-2.70841233252029
			10.5760281319941	-2.70841233252029
			10.5794178846005	-2.70841233252029
			10.5828076372069	-2.70502257991388
			10.5861973898133	-2.70502257991388
			10.5895871424197	-2.70502257991388
			10.5929768950262	-2.70502257991388
			10.5963666476326	-2.70502257991388
			10.599756400239	-2.70502257991388
			10.6031461528454	-2.70502257991388
			10.6065359054518	-2.70502257991388
			10.6099256580582	-2.70502257991388
			10.6133154106646	-2.70502257991388
			10.616705163271	-2.70502257991388
			10.6200949158774	-2.70502257991388
			10.6234846684838	-2.70502257991388
			10.6268744210902	-2.70502257991388
			10.6302641736966	-2.70502257991388
			10.6336539263031	-2.70502257991388
			10.6370436789095	-2.70502257991388
			10.6404334315159	-2.70502257991388
			10.6438231841223	-2.70502257991388
			10.6472129367287	-2.70502257991388
			10.6506026893351	-2.70502257991388
			10.6539924419415	-2.70502257991388
			10.6573821945479	-2.70502257991388
			10.6607719471543	-2.70502257991388
			10.6641616997607	-2.70502257991388
			10.6675514523671	-2.70502257991388
			10.6709412049735	-2.70502257991388
			10.67433095758	-2.70502257991388
			10.6777207101864	-2.70502257991388
			10.6811104627928	-2.70502257991388
			10.6845002153992	-2.70502257991388
			10.6878899680056	-2.70502257991388
			10.691279720612	-2.70502257991388
			10.6946694732184	-2.70502257991388
			10.6980592258248	-2.70502257991388
			10.7014489784312	-2.70502257991388
			10.7048387310376	-2.70502257991388
			10.708228483644	-2.70502257991388
			10.7116182362504	-2.70502257991388
			10.7150079888569	-2.70502257991388
			10.7183977414633	-2.70502257991388
			10.7217874940697	-2.70502257991388
			10.7251772466761	-2.70502257991388
			10.7285669992825	-2.70502257991388
			10.7319567518889	-2.70502257991388
			10.7353465044953	-2.70502257991388
			10.7387362571017	-2.70502257991388
			10.7421260097081	-2.70502257991388
			10.7455157623145	-2.70502257991388
			10.7489055149209	-2.70502257991388
			10.7522952675273	-2.70163282730747
			10.7556850201338	-2.70163282730747
			10.7590747727402	-2.70163282730747
			10.7624645253466	-2.70163282730747
			10.765854277953	-2.70163282730747
			10.7692440305594	-2.70163282730747
			10.7726337831658	-2.70163282730747
			10.7760235357722	-2.70163282730747
			10.7794132883786	-2.70163282730747
			10.782803040985	-2.70163282730747
			10.7861927935914	-2.70163282730747
			10.7895825461978	-2.70163282730747
			10.7929722988042	-2.70163282730747
			10.7963620514107	-2.70163282730747
			10.7997518040171	-2.70163282730747
			10.8031415566235	-2.70163282730747
			10.8065313092299	-2.70163282730747
			10.8099210618363	-2.70163282730747
			10.8133108144427	-2.70163282730747
			10.8167005670491	-2.70163282730747
			10.8200903196555	-2.70163282730747
			10.8234800722619	-2.70163282730747
			10.8268698248683	-2.70163282730747
			10.8302595774747	-2.70163282730747
			10.8336493300811	-2.69824307470106
			10.8370390826876	-2.69824307470106
			10.840428835294	-2.69824307470106
			10.8438185879004	-2.69824307470106
			10.8472083405068	-2.69824307470106
			10.8505980931132	-2.69824307470106
			10.8539878457196	-2.69824307470106
			10.857377598326	-2.69824307470106
			10.8607673509324	-2.69824307470106
			10.8641571035388	-2.69824307470106
			10.8675468561452	-2.69824307470106
			10.8709366087516	-2.69824307470106
			10.874326361358	-2.69824307470106
			10.8777161139645	-2.69824307470106
			10.8811058665709	-2.69824307470106
			10.8844956191773	-2.69824307470106
			10.8878853717837	-2.69824307470106
			10.8912751243901	-2.69824307470106
			10.8946648769965	-2.69824307470106
			10.8980546296029	-2.69824307470106
			10.9014443822093	-2.69824307470106
			10.9048341348157	-2.69824307470106
			10.9082238874221	-2.69824307470106
			10.9116136400285	-2.69824307470106
			10.9150033926349	-2.69824307470106
			10.9183931452414	-2.69824307470106
			10.9217828978478	-2.69824307470106
			10.9251726504542	-2.69824307470106
			10.9285624030606	-2.69824307470106
			10.931952155667	-2.69824307470106
			10.9353419082734	-2.69824307470106
			10.9387316608798	-2.69824307470106
			10.9421214134862	-2.69824307470106
			10.9455111660926	-2.69485332209465
			10.948900918699	-2.69485332209465
			10.9522906713054	-2.69485332209465
			10.9556804239119	-2.69485332209465
			10.9590701765183	-2.69485332209465
			10.9624599291247	-2.69485332209465
			10.9658496817311	-2.69485332209465
			10.9692394343375	-2.69485332209465
			10.9726291869439	-2.69485332209465
			10.9760189395503	-2.69485332209465
			10.9794086921567	-2.69485332209465
			10.9827984447631	-2.69485332209465
			10.9861881973695	-2.69485332209465
			10.9895779499759	-2.69485332209465
			10.9929677025823	-2.69485332209465
			10.9963574551888	-2.69485332209465
			10.9997472077952	-2.69485332209465
			11.0031369604016	-2.69146356948825
			11.006526713008	-2.69146356948825
			11.0099164656144	-2.69146356948825
			11.0133062182208	-2.69146356948825
			11.0166959708272	-2.69146356948825
			11.0200857234336	-2.69146356948825
			11.02347547604	-2.69146356948825
			11.0268652286464	-2.69146356948825
			11.0302549812528	-2.69146356948825
			11.0336447338592	-2.69146356948825
			11.0370344864657	-2.69146356948825
			11.0404242390721	-2.69146356948825
			11.0438139916785	-2.68807381688184
			11.0472037442849	-2.68807381688184
			11.0505934968913	-2.68807381688184
			11.0539832494977	-2.68807381688184
			11.0573730021041	-2.68807381688184
			11.0607627547105	-2.68807381688184
			11.0641525073169	-2.68807381688184
			11.0675422599233	-2.68807381688184
			11.0709320125297	-2.68807381688184
			11.0743217651361	-2.68468406427543
			11.0777115177426	-2.68468406427543
			11.081101270349	-2.68468406427543
			11.0844910229554	-2.68468406427543
			11.0878807755618	-2.68468406427543
			11.0912705281682	-2.68468406427543
			11.0946602807746	-2.68468406427543
			11.098050033381	-2.68468406427543
			11.1014397859874	-2.68129431166902
			11.1048295385938	-2.68129431166902
			11.1082192912002	-2.68129431166902
			11.1116090438066	-2.68129431166902
			11.114998796413	-2.68129431166902
			11.1183885490195	-2.68129431166902
			11.1217783016259	-2.68129431166902
			11.1251680542323	-2.67790455906261
			11.1285578068387	-2.67790455906261
			11.1319475594451	-2.67790455906261
			11.1353373120515	-2.67790455906261
			11.1387270646579	-2.67790455906261
			11.1421168172643	-2.67790455906261
			11.1455065698707	-2.67790455906261
			11.1488963224771	-2.6745148064562
			11.1522860750835	-2.6745148064562
			11.1556758276899	-2.6745148064562
			11.1590655802964	-2.6745148064562
			11.1624553329028	-2.6745148064562
			11.1658450855092	-2.6711250538498
			11.1692348381156	-2.6711250538498
			11.172624590722	-2.6711250538498
			11.1760143433284	-2.6711250538498
			11.1794040959348	-2.6711250538498
			11.1827938485412	-2.66773530124339
			11.1861836011476	-2.66773530124339
			11.189573353754	-2.66773530124339
			11.1929631063604	-2.66773530124339
			11.1963528589668	-2.66773530124339
			11.1997426115733	-2.66773530124339
			11.2031323641797	-2.66434554863698
			11.2065221167861	-2.66434554863698
			11.2099118693925	-2.66434554863698
			11.2133016219989	-2.66434554863698
			11.2166913746053	-2.66434554863698
			11.2200811272117	-2.66095579603057
			11.2234708798181	-2.66095579603057
			11.2268606324245	-2.66095579603057
			11.2302503850309	-2.66095579603057
			11.2336401376373	-2.65756604342416
			11.2370298902437	-2.65756604342416
			11.2404196428502	-2.65756604342416
			11.2438093954566	-2.65756604342416
			11.247199148063	-2.65756604342416
			11.247199148063	-2.65417629081775
			11.2505889006694	-2.65417629081775
			11.2539786532758	-2.65417629081775
			11.2573684058822	-2.65417629081775
			11.2607581584886	-2.65078653821134
			11.264147911095	-2.65078653821134
			11.2675376637014	-2.65078653821134
			11.2709274163078	-2.65078653821134
			11.2743171689142	-2.65078653821134
			11.2777069215206	-2.64739678560494
			11.2810966741271	-2.64739678560494
			11.2844864267335	-2.64739678560494
			11.2878761793399	-2.64739678560494
			11.2912659319463	-2.64400703299853
			11.2946556845527	-2.64400703299853
			11.2980454371591	-2.64400703299853
			11.3014351897655	-2.64061728039212
			11.3048249423719	-2.64061728039212
			11.3082146949783	-2.64061728039212
			11.3116044475847	-2.63722752778571
			11.3149942001911	-2.63722752778571
			11.3183839527975	-2.63722752778571
			11.321773705404	-2.63722752778571
			11.3251634580104	-2.6338377751793
			11.3285532106168	-2.6338377751793
			11.3319429632232	-2.6338377751793
			11.3353327158296	-2.63044802257289
			11.338722468436	-2.63044802257289
			11.3421122210424	-2.63044802257289
			11.3455019736488	-2.63044802257289
			11.3488917262552	-2.62705826996649
			11.3522814788616	-2.62705826996649
			11.355671231468	-2.62705826996649
			11.3590609840744	-2.62366851736008
			11.3624507366809	-2.62366851736008
			11.3658404892873	-2.62366851736008
			11.3692302418937	-2.62027876475367
			11.3726199945001	-2.62027876475367
			11.3760097471065	-2.61688901214726
			11.3793994997129	-2.61688901214726
			11.3827892523193	-2.61688901214726
			11.3861790049257	-2.61349925954085
			11.3895687575321	-2.61349925954085
			11.3929585101385	-2.61349925954085
			11.3963482627449	-2.61010950693444
			11.3997380153513	-2.61010950693444
			11.4031277679578	-2.61010950693444
			11.4065175205642	-2.60671975432804
			11.4099072731706	-2.60671975432804
			11.413297025777	-2.60671975432804
			11.4166867783834	-2.60333000172163
			11.4200765309898	-2.60333000172163
			11.4234662835962	-2.59994024911522
			11.4268560362026	-2.59994024911522
			11.430245788809	-2.59994024911522
			11.4336355414154	-2.59655049650881
			11.4370252940218	-2.59655049650881
			11.4404150466282	-2.59655049650881
			11.4438047992347	-2.5931607439024
			11.4471945518411	-2.5931607439024
			11.4471945518411	-2.58977099129599
			11.4505843044475	-2.58977099129599
			11.4539740570539	-2.58977099129599
			11.4573638096603	-2.58638123868959
			11.4607535622667	-2.58638123868959
			11.4641433148731	-2.58638123868959
			11.4675330674795	-2.58299148608318
			11.4709228200859	-2.58299148608318
			11.4743125726923	-2.57960173347677
			11.4777023252987	-2.57960173347677
			11.4810920779051	-2.57960173347677
			11.4844818305116	-2.57621198087036
			11.487871583118	-2.57282222826395
			11.4912613357244	-2.57282222826395
		</body_post>
		<opercle type=matrix rownames=FALSE colnames=FALSE nrow=192 ncol=2 as.numeric=TRUE >
			8.13201650277368	-3.61008652582491
			8.13540625538009	-3.60669677321851
			8.13540625538009	-3.6033070206121
			8.13879600798649	-3.6033070206121
			8.13879600798649	-3.59991726800569
			8.1421857605929	-3.59652751539928
			8.1421857605929	-3.59313776279287
			8.14557551319931	-3.59313776279287
			8.14896526580572	-3.58974801018646
			8.14896526580572	-3.58635825758005
			8.15235501841213	-3.58296850497365
			8.15574477101854	-3.57957875236724
			8.15574477101854	-3.57618899976083
			8.15913452362495	-3.57279924715442
			8.15913452362495	-3.56940949454801
			8.16252427623135	-3.5660197419416
			8.16591402883776	-3.5626299893352
			8.16591402883776	-3.55924023672879
			8.16930378144417	-3.55585048412238
			8.16930378144417	-3.55246073151597
			8.17269353405058	-3.54907097890956
			8.17269353405058	-3.54568122630315
			8.17608328665699	-3.54229147369675
			8.17608328665699	-3.53890172109034
			8.1794730392634	-3.53551196848393
			8.1828627918698	-3.53212221587752
			8.1828627918698	-3.52873246327111
			8.1828627918698	-3.5253427106647
			8.18625254447621	-3.5219529580583
			8.18625254447621	-3.51856320545189
			8.18964229708262	-3.51517345284548
			8.18964229708262	-3.51178370023907
			8.18964229708262	-3.50839394763266
			8.19303204968903	-3.50500419502625
			8.19303204968903	-3.50161444241985
			8.19303204968903	-3.49822468981344
			8.19642180229544	-3.49822468981344
			8.19642180229544	-3.49483493720703
			8.19642180229544	-3.49144518460062
			8.19981155490185	-3.48805543199421
			8.19981155490185	-3.4846656793878
			8.19981155490185	-3.4812759267814
			8.19981155490185	-3.47788617417499
			8.20320130750825	-3.47788617417499
			8.20320130750825	-3.47449642156858
			8.20320130750825	-3.47110666896217
			8.20320130750825	-3.46771691635576
			8.20659106011466	-3.46432716374935
			8.20659106011466	-3.46093741114295
			8.20659106011466	-3.45754765853654
			8.20659106011466	-3.45415790593013
			8.20998081272107	-3.45076815332372
			8.20998081272107	-3.44737840071731
			8.20998081272107	-3.4439886481109
			8.20998081272107	-3.4405988955045
			8.20998081272107	-3.43720914289809
			8.20998081272107	-3.43381939029168
			8.20998081272107	-3.43042963768527
			8.21337056532748	-3.43042963768527
			8.21337056532748	-3.42703988507886
			8.21337056532748	-3.42365013247245
			8.21337056532748	-3.42026037986604
			8.21337056532748	-3.41687062725964
			8.21337056532748	-3.41348087465323
			8.21337056532748	-3.41009112204682
			8.21337056532748	-3.40670136944041
			8.21337056532748	-3.403311616834
			8.21337056532748	-3.39992186422759
			8.21337056532748	-3.39653211162119
			8.21337056532748	-3.39314235901478
			8.21337056532748	-3.38975260640837
			8.21676031793389	-3.38636285380196
			8.21676031793389	-3.38297310119555
			8.21676031793389	-3.37958334858914
			8.21676031793389	-3.37619359598274
			8.21337056532748	-3.37280384337633
			8.21337056532748	-3.36941409076992
			8.21337056532748	-3.36602433816351
			8.21337056532748	-3.3626345855571
			8.21337056532748	-3.35924483295069
			8.21337056532748	-3.35585508034429
			8.21337056532748	-3.35246532773788
			8.21337056532748	-3.34907557513147
			8.21337056532748	-3.34568582252506
			8.21337056532748	-3.34229606991865
			8.21337056532748	-3.33890631731224
			8.21337056532748	-3.33551656470584
			8.21337056532748	-3.33212681209943
			8.20998081272107	-3.32873705949302
			8.20998081272107	-3.32534730688661
			8.20998081272107	-3.3219575542802
			8.20998081272107	-3.31856780167379
			8.20998081272107	-3.31517804906739
			8.20998081272107	-3.31178829646098
			8.20659106011466	-3.30839854385457
			8.20659106011466	-3.30500879124816
			8.20659106011466	-3.30161903864175
			8.20659106011466	-3.29822928603534
			8.20659106011466	-3.29483953342894
			8.20320130750825	-3.29144978082253
			8.20320130750825	-3.28806002821612
			8.20320130750825	-3.28467027560971
			8.20320130750825	-3.2812805230033
			8.19981155490185	-3.27789077039689
			8.19981155490185	-3.27450101779048
			8.19981155490185	-3.27111126518408
			8.19981155490185	-3.26772151257767
			8.19642180229544	-3.26433175997126
			8.19642180229544	-3.26094200736485
			8.19642180229544	-3.25755225475844
			8.19303204968903	-3.25416250215203
			8.19303204968903	-3.25077274954563
			8.19303204968903	-3.24738299693922
			8.19303204968903	-3.24399324433281
			8.18964229708262	-3.2406034917264
			8.18964229708262	-3.23721373911999
			8.18964229708262	-3.23382398651358
			8.18625254447621	-3.23382398651358
			8.18625254447621	-3.23043423390718
			8.18625254447621	-3.22704448130077
			8.1828627918698	-3.22365472869436
			8.1828627918698	-3.22026497608795
			8.1794730392634	-3.21687522348154
			8.1794730392634	-3.21348547087513
			8.1794730392634	-3.21009571826873
			8.17608328665699	-3.20670596566232
			8.17608328665699	-3.20331621305591
			8.17608328665699	-3.1999264604495
			8.17269353405058	-3.19653670784309
			8.17269353405058	-3.19314695523668
			8.16930378144417	-3.18975720263028
			8.16930378144417	-3.18636745002387
			8.16591402883776	-3.18636745002387
			8.16591402883776	-3.18297769741746
			8.16591402883776	-3.17958794481105
			8.16252427623135	-3.17619819220464
			8.16252427623135	-3.17280843959823
			8.15913452362495	-3.16941868699183
			8.15913452362495	-3.16602893438542
			8.15574477101854	-3.16263918177901
			8.15574477101854	-3.1592494291726
			8.15235501841213	-3.15585967656619
			8.15235501841213	-3.15246992395978
			8.14896526580572	-3.14908017135338
			8.14896526580572	-3.14569041874697
			8.14557551319931	-3.14230066614056
			8.14557551319931	-3.13891091353415
			8.1421857605929	-3.13552116092774
			8.1421857605929	-3.13213140832133
			8.13879600798649	-3.12874165571493
			8.13879600798649	-3.12535190310852
			8.13540625538009	-3.12196215050211
			8.13201650277368	-3.1185723978957
			8.13201650277368	-3.11518264528929
			8.12862675016727	-3.11179289268288
			8.12862675016727	-3.10840314007647
			8.12523699756086	-3.10501338747007
			8.12184724495445	-3.10162363486366
			8.11845749234804	-3.09823388225725
			8.11845749234804	-3.09484412965084
			8.11845749234804	-3.09145437704443
			8.11506773974164	-3.09145437704443
			8.11506773974164	-3.08806462443802
			8.11167798713523	-3.08467487183162
			8.10828823452882	-3.08128511922521
			8.10828823452882	-3.0778953666188
			8.10489848192241	-3.07450561401239
			8.10489848192241	-3.07111586140598
			8.101508729316	-3.06772610879957
			8.09811897670959	-3.06772610879957
			8.09811897670959	-3.06433635619317
			8.09472922410319	-3.06094660358676
			8.09472922410319	-3.05755685098035
			8.09133947149678	-3.05416709837394
			8.08794971889037	-3.05077734576753
			8.08794971889037	-3.04738759316112
			8.08455996628396	-3.04738759316112
			8.08455996628396	-3.04399784055472
			8.08117021367755	-3.04060808794831
			8.07778046107114	-3.0372183353419
			8.07778046107114	-3.03382858273549
			8.07439070846474	-3.03043883012908
			8.07100095585833	-3.02704907752267
			8.07100095585833	-3.02365932491627
			8.06761120325192	-3.02365932491627
			8.06422145064551	-3.02026957230986
			8.06422145064551	-3.01687981970345
			8.0608316980391	-3.01349006709704
			8.05744194543269	-3.01010031449063
			8.05744194543269	-3.00671056188422
			8.05405219282629	-3.00332080927782
			8.05066244021988	-2.99993105667141
		</opercle>
	</curves.scaled>
	<ruler.points type=matrix rownames=TRUE colnames=FALSE nrow=2 ncol=2 as.numeric=TRUE >
		Ruler point 1	2477	1928
		Ruler point 2	2772	1930
	</ruler.points>
</shapes>

