<shapes type=list>
	<ruler.pixel type=vector names=FALSE length=1 as.numeric=TRUE >250.007999872004</ruler.pixel>
	<ruler.interval type=vector names=FALSE length=1 as.numeric=TRUE >1</ruler.interval>
	<scaling.units type=vector names=FALSE length=1 as.numeric=FALSE >cm</scaling.units>
	<scaling type=vector names=FALSE length=1 as.numeric=TRUE >0.00399987200614367</scaling>
	<image.name type=vector names=FALSE length=1 as.numeric=FALSE >TU202138_16_L.JPG</image.name>
	<landmarks.pixel type=matrix rownames=TRUE colnames=FALSE nrow=20 ncol=2 as.numeric=TRUE >
		snout_tip	2098	1011
		dorsal_ant	2701	752
		dorsal_post	2898	813
		caud_upper	3359	849
		caud_lower	3375	989
		anal_post	3220	996
		anal_ant	3105	1040
		pelv_1	2804	1078
		pect_1	2429	1068
		lower_operc	2399	1065
		upper_operc	2375	885
		eye_center	2229	943
		eye_1_ant	2182	946
		eye_2	2194	912
		eye_3_dors	2231	892
		eye_4	2266	898
		eye_5_post	2278	943
		eye_6	2262	975
		eye_7_vent	2226	987
		eye_8	2196	975
	</landmarks.pixel>
	<landmarks.scaled type=matrix rownames=TRUE colnames=FALSE nrow=20 ncol=2 as.numeric=TRUE >
		snout_tip	8.39173146888943	-4.04387059821125
		dorsal_ant	10.8036542885941	-3.00790374862004
		dorsal_post	11.5916290738044	-3.25189594099481
		caud_upper	13.4355700686366	-3.39589133321598
		caud_lower	13.4995680207349	-3.95587341407609
		anal_post	12.8795878597826	-3.9838725181191
		anal_ant	12.4196025790761	-4.15986688638942
		pelv_1	11.2156411052269	-4.31186202262288
		pect_1	9.71568910292298	-4.27186330256144
		lower_operc	9.59569294273867	-4.25986368654301
		upper_operc	9.49969601459122	-3.53988672543715
		eye_center	8.91571470169425	-3.77187930179348
		eye_1_ant	8.72772071740549	-3.78387891781191
		eye_2	8.77571918147922	-3.64788326960303
		eye_3_dors	8.92371444570653	-3.56788582948016
		eye_4	9.06370996592156	-3.59188506151702
		eye_5_post	9.11170842999529	-3.77187930179348
		eye_6	9.04771047789699	-3.89987520599008
		eye_7_vent	8.90371508567581	-3.9478736700638
		eye_8	8.7837189254915	-3.89987520599008
	</landmarks.scaled>
	<curves.control type=list>
		<body_ant type=matrix rownames=FALSE colnames=FALSE nrow=7 ncol=2 as.numeric=TRUE >
			2098	1011
			2133	886
			2333	836
			2416	815
			2522	785
			2601	766
			2701	752
		</body_ant>
		<body_post type=matrix rownames=FALSE colnames=FALSE nrow=5 ncol=2 as.numeric=TRUE >
			2898	813
			3120	839
			3222	841
			3324	851
			3359	849
		</body_post>
		<opercle type=matrix rownames=FALSE colnames=FALSE nrow=3 ncol=2 as.numeric=TRUE >
			2399	1065
			2458	990
			2375	885
		</opercle>
	</curves.control>
	<curves.pixel type=list>
		<body_ant type=matrix rownames=FALSE colnames=FALSE nrow=659 ncol=2 as.numeric=TRUE >
			2098	1011
			2098	1010
			2099	1009
			2099	1008
			2099	1007
			2100	1006
			2100	1005
			2100	1004
			2100	1003
			2101	1002
			2101	1001
			2101	1000
			2102	999
			2102	998
			2103	997
			2103	996
			2103	995
			2104	994
			2104	993
			2104	992
			2105	992
			2105	991
			2105	990
			2106	989
			2106	988
			2107	987
			2107	986
			2107	985
			2108	984
			2108	983
			2109	983
			2109	982
			2109	981
			2110	980
			2110	979
			2111	978
			2111	977
			2112	977
			2112	976
			2112	975
			2113	974
			2113	973
			2114	972
			2114	971
			2115	971
			2115	970
			2116	969
			2116	968
			2117	967
			2117	966
			2118	965
			2119	964
			2119	963
			2120	962
			2121	961
			2121	960
			2122	959
			2123	958
			2123	957
			2124	956
			2125	955
			2125	954
			2126	953
			2127	952
			2127	951
			2128	950
			2129	949
			2130	948
			2130	947
			2131	946
			2132	945
			2132	944
			2133	944
			2134	943
			2135	942
			2136	941
			2136	940
			2137	939
			2138	938
			2139	937
			2140	936
			2140	935
			2141	934
			2142	933
			2143	933
			2144	932
			2145	931
			2145	930
			2146	929
			2147	928
			2148	927
			2149	926
			2150	925
			2151	925
			2152	924
			2153	923
			2153	922
			2154	921
			2155	920
			2156	919
			2157	919
			2158	918
			2159	917
			2160	916
			2161	915
			2162	914
			2163	914
			2164	913
			2165	912
			2166	911
			2167	910
			2168	909
			2169	909
			2170	908
			2171	907
			2172	906
			2173	905
			2174	905
			2175	904
			2176	903
			2177	903
			2177	902
			2178	902
			2179	901
			2180	901
			2181	900
			2182	899
			2183	899
			2184	898
			2185	897
			2186	896
			2187	896
			2188	895
			2189	894
			2190	894
			2191	893
			2192	892
			2193	892
			2194	891
			2195	890
			2196	890
			2197	889
			2198	889
			2199	888
			2200	888
			2201	887
			2202	886
			2203	886
			2204	885
			2205	885
			2206	884
			2207	884
			2208	883
			2209	882
			2210	882
			2211	881
			2212	881
			2213	880
			2214	880
			2215	879
			2216	879
			2217	878
			2218	878
			2219	877
			2220	877
			2221	876
			2222	876
			2223	875
			2224	875
			2225	874
			2226	874
			2227	873
			2228	873
			2229	872
			2230	872
			2231	871
			2232	871
			2233	870
			2234	870
			2235	869
			2236	869
			2237	868
			2238	868
			2239	867
			2240	867
			2241	867
			2242	866
			2243	866
			2244	865
			2245	865
			2246	865
			2247	864
			2248	864
			2249	863
			2250	863
			2251	863
			2251	862
			2252	862
			2253	862
			2254	861
			2255	861
			2256	860
			2257	860
			2258	860
			2259	859
			2260	859
			2261	858
			2262	858
			2263	858
			2264	857
			2265	857
			2266	857
			2267	856
			2268	856
			2269	855
			2270	855
			2271	855
			2272	854
			2273	854
			2274	854
			2275	853
			2276	853
			2277	853
			2278	852
			2279	852
			2280	851
			2281	851
			2282	851
			2283	850
			2284	850
			2285	850
			2286	849
			2287	849
			2288	849
			2289	849
			2289	848
			2290	848
			2291	848
			2292	848
			2293	847
			2294	847
			2295	847
			2296	846
			2297	846
			2298	846
			2299	845
			2300	845
			2301	845
			2302	845
			2303	844
			2304	844
			2305	844
			2306	843
			2307	843
			2308	843
			2309	842
			2310	842
			2311	842
			2312	842
			2313	841
			2314	841
			2315	841
			2316	840
			2317	840
			2318	840
			2319	840
			2320	839
			2321	839
			2322	839
			2323	838
			2324	838
			2325	838
			2326	838
			2327	837
			2328	837
			2329	837
			2330	837
			2331	837
			2331	836
			2332	836
			2333	836
			2334	836
			2335	836
			2336	835
			2337	835
			2338	835
			2339	834
			2340	834
			2341	834
			2342	834
			2343	833
			2344	833
			2345	833
			2346	833
			2347	832
			2348	832
			2349	832
			2350	832
			2351	832
			2351	831
			2352	831
			2353	831
			2354	831
			2355	830
			2356	830
			2357	830
			2358	830
			2359	829
			2360	829
			2361	829
			2362	829
			2363	828
			2364	828
			2365	828
			2366	828
			2367	827
			2368	827
			2369	827
			2370	826
			2371	826
			2372	826
			2373	826
			2374	825
			2375	825
			2376	825
			2377	825
			2378	824
			2379	824
			2380	824
			2381	824
			2382	823
			2383	823
			2384	823
			2385	822
			2386	822
			2387	822
			2388	822
			2389	821
			2390	821
			2391	821
			2392	821
			2393	820
			2394	820
			2395	820
			2396	820
			2397	819
			2398	819
			2399	819
			2400	819
			2401	818
			2402	818
			2403	818
			2404	818
			2404	817
			2405	817
			2406	817
			2407	817
			2408	816
			2409	816
			2410	816
			2411	816
			2412	815
			2413	815
			2414	815
			2415	815
			2415	814
			2416	814
			2417	814
			2418	814
			2419	813
			2420	813
			2421	813
			2422	813
			2423	812
			2424	812
			2425	812
			2426	812
			2427	811
			2428	811
			2429	811
			2430	810
			2431	810
			2432	810
			2433	810
			2434	809
			2435	809
			2436	809
			2437	809
			2437	808
			2438	808
			2439	808
			2440	808
			2441	808
			2442	807
			2443	807
			2444	807
			2445	806
			2446	806
			2447	806
			2448	806
			2449	805
			2450	805
			2451	805
			2452	805
			2453	804
			2454	804
			2455	804
			2456	803
			2457	803
			2458	803
			2459	803
			2460	802
			2461	802
			2462	802
			2463	801
			2464	801
			2465	801
			2466	801
			2467	800
			2468	800
			2469	800
			2470	800
			2471	799
			2472	799
			2473	799
			2474	798
			2475	798
			2476	798
			2477	798
			2478	797
			2479	797
			2480	797
			2481	796
			2482	796
			2483	796
			2484	796
			2485	795
			2486	795
			2487	795
			2488	794
			2489	794
			2490	794
			2491	794
			2492	793
			2493	793
			2494	793
			2495	793
			2496	792
			2497	792
			2498	792
			2499	791
			2500	791
			2501	791
			2502	791
			2503	790
			2504	790
			2505	790
			2506	789
			2507	789
			2508	789
			2509	789
			2510	788
			2511	788
			2512	788
			2513	788
			2514	787
			2515	787
			2516	787
			2517	786
			2518	786
			2519	786
			2520	786
			2521	785
			2522	785
			2523	785
			2524	785
			2525	784
			2526	784
			2527	784
			2528	784
			2528	783
			2529	783
			2530	783
			2531	783
			2532	783
			2533	782
			2534	782
			2535	782
			2536	782
			2537	781
			2538	781
			2539	781
			2540	781
			2541	781
			2542	780
			2543	780
			2544	780
			2545	780
			2546	779
			2547	779
			2548	779
			2549	779
			2550	779
			2551	778
			2552	778
			2553	778
			2554	778
			2555	778
			2556	777
			2557	777
			2558	777
			2559	777
			2560	776
			2561	776
			2562	776
			2563	776
			2564	775
			2565	775
			2566	775
			2567	775
			2568	775
			2569	774
			2570	774
			2571	774
			2572	774
			2573	774
			2574	773
			2575	773
			2576	773
			2577	773
			2578	773
			2579	772
			2580	772
			2581	772
			2582	772
			2583	772
			2584	771
			2585	771
			2586	771
			2587	771
			2588	771
			2589	770
			2590	770
			2591	770
			2592	770
			2593	770
			2594	770
			2594	769
			2595	769
			2596	769
			2597	769
			2598	769
			2599	769
			2600	768
			2601	768
			2602	768
			2603	768
			2604	768
			2605	768
			2606	767
			2607	767
			2608	767
			2609	767
			2610	766
			2611	766
			2612	766
			2613	766
			2614	766
			2615	766
			2616	765
			2617	765
			2618	765
			2619	765
			2620	765
			2621	765
			2622	764
			2623	764
			2624	764
			2625	764
			2626	764
			2627	764
			2628	763
			2629	763
			2630	763
			2631	763
			2632	763
			2633	763
			2634	762
			2635	762
			2636	762
			2637	762
			2638	762
			2639	762
			2640	761
			2641	761
			2642	761
			2643	761
			2644	761
			2645	761
			2645	760
			2646	760
			2647	760
			2648	760
			2649	760
			2650	760
			2651	760
			2651	759
			2652	759
			2653	759
			2654	759
			2655	759
			2656	759
			2657	759
			2657	758
			2658	758
			2659	758
			2660	758
			2661	758
			2662	758
			2663	758
			2664	757
			2665	757
			2666	757
			2667	757
			2668	757
			2669	757
			2670	757
			2670	756
			2671	756
			2672	756
			2673	756
			2674	756
			2675	756
			2676	756
			2677	755
			2678	755
			2679	755
			2680	755
			2681	755
			2682	755
			2683	755
			2684	754
			2685	754
			2686	754
			2687	754
			2688	754
			2689	754
			2690	753
			2691	753
			2692	753
			2693	753
			2694	753
			2695	753
			2696	753
			2697	753
			2698	752
			2699	752
			2700	752
			2701	752
		</body_ant>
		<body_post type=matrix rownames=FALSE colnames=FALSE nrow=466 ncol=2 as.numeric=TRUE >
			2898	813
			2899	813
			2900	813
			2901	813
			2902	813
			2903	814
			2904	814
			2905	814
			2906	814
			2907	814
			2908	814
			2909	814
			2910	814
			2911	815
			2912	815
			2913	815
			2914	815
			2915	815
			2916	815
			2917	815
			2918	815
			2919	815
			2920	816
			2921	816
			2922	816
			2923	816
			2924	816
			2925	816
			2926	816
			2927	816
			2928	816
			2929	817
			2930	817
			2931	817
			2932	817
			2933	817
			2934	817
			2935	817
			2936	817
			2937	817
			2938	818
			2939	818
			2940	818
			2941	818
			2942	818
			2943	818
			2944	818
			2945	818
			2946	818
			2947	819
			2948	819
			2949	819
			2950	819
			2951	819
			2952	819
			2953	819
			2954	819
			2955	819
			2956	820
			2957	820
			2958	820
			2959	820
			2960	820
			2961	820
			2962	820
			2963	820
			2964	821
			2965	821
			2966	821
			2967	821
			2968	821
			2969	821
			2970	821
			2971	821
			2972	821
			2973	821
			2974	822
			2975	822
			2976	822
			2977	822
			2978	822
			2979	822
			2980	822
			2981	822
			2982	822
			2983	823
			2984	823
			2985	823
			2986	823
			2987	823
			2988	823
			2989	823
			2990	823
			2991	823
			2992	823
			2993	824
			2994	824
			2995	824
			2996	824
			2997	824
			2998	824
			2999	824
			3000	824
			3001	824
			3002	825
			3003	825
			3004	825
			3005	825
			3006	825
			3007	825
			3008	825
			3009	825
			3010	825
			3011	825
			3011	826
			3012	826
			3013	826
			3014	826
			3015	826
			3016	826
			3017	826
			3018	826
			3019	826
			3020	826
			3021	826
			3022	827
			3023	827
			3024	827
			3025	827
			3026	827
			3027	827
			3028	827
			3029	827
			3030	827
			3031	828
			3032	828
			3033	828
			3034	828
			3035	828
			3036	828
			3037	828
			3038	828
			3039	828
			3040	828
			3041	828
			3042	829
			3043	829
			3044	829
			3045	829
			3046	829
			3047	829
			3048	829
			3049	829
			3050	829
			3051	829
			3052	830
			3053	830
			3054	830
			3055	830
			3056	830
			3057	830
			3058	830
			3059	830
			3060	830
			3061	830
			3062	830
			3062	831
			3063	831
			3064	831
			3065	831
			3066	831
			3067	831
			3068	831
			3069	831
			3070	831
			3071	831
			3072	831
			3073	831
			3073	832
			3074	832
			3075	832
			3076	832
			3077	832
			3078	832
			3079	832
			3080	832
			3081	832
			3082	832
			3083	832
			3084	833
			3085	833
			3086	833
			3087	833
			3088	833
			3089	833
			3090	833
			3091	833
			3092	833
			3093	833
			3094	833
			3095	833
			3096	833
			3096	834
			3097	834
			3098	834
			3099	834
			3100	834
			3101	834
			3102	834
			3103	834
			3104	834
			3105	834
			3106	834
			3107	834
			3108	835
			3109	835
			3110	835
			3111	835
			3112	835
			3113	835
			3114	835
			3115	835
			3116	835
			3117	835
			3118	835
			3119	835
			3120	835
			3121	836
			3122	836
			3123	836
			3124	836
			3125	836
			3126	836
			3127	836
			3128	836
			3129	836
			3130	836
			3131	836
			3132	836
			3133	836
			3134	837
			3135	837
			3136	837
			3137	837
			3138	837
			3139	837
			3140	837
			3141	837
			3142	837
			3143	837
			3144	837
			3145	837
			3146	837
			3147	837
			3148	838
			3149	838
			3150	838
			3151	838
			3152	838
			3153	838
			3154	838
			3155	838
			3156	838
			3157	838
			3158	838
			3159	838
			3160	838
			3161	838
			3162	838
			3163	838
			3164	839
			3165	839
			3166	839
			3167	839
			3168	839
			3169	839
			3170	839
			3171	839
			3172	839
			3173	839
			3174	839
			3175	839
			3176	839
			3177	839
			3178	839
			3179	839
			3180	839
			3181	839
			3182	840
			3183	840
			3184	840
			3185	840
			3186	840
			3187	840
			3188	840
			3189	840
			3190	840
			3191	840
			3192	840
			3193	840
			3194	840
			3195	840
			3196	840
			3197	840
			3198	840
			3199	840
			3200	840
			3201	840
			3202	840
			3203	840
			3204	840
			3205	841
			3206	841
			3207	841
			3208	841
			3209	841
			3210	841
			3211	841
			3212	841
			3213	841
			3214	841
			3215	841
			3216	841
			3217	841
			3218	841
			3219	841
			3220	841
			3221	841
			3222	841
			3223	841
			3224	841
			3225	841
			3226	841
			3227	841
			3228	842
			3229	842
			3230	842
			3231	842
			3232	842
			3233	842
			3234	842
			3235	842
			3236	842
			3237	842
			3238	843
			3239	843
			3240	843
			3241	843
			3242	843
			3243	843
			3244	843
			3245	843
			3246	843
			3247	843
			3248	843
			3249	844
			3250	844
			3251	844
			3252	844
			3253	844
			3254	844
			3255	844
			3256	844
			3257	844
			3258	844
			3259	844
			3260	844
			3261	845
			3262	845
			3263	845
			3264	845
			3265	845
			3266	845
			3267	845
			3268	845
			3269	845
			3270	845
			3271	845
			3272	846
			3273	846
			3274	846
			3275	846
			3276	846
			3277	846
			3278	846
			3279	846
			3280	846
			3281	846
			3282	846
			3283	846
			3284	846
			3285	847
			3286	847
			3287	847
			3288	847
			3289	847
			3290	847
			3291	847
			3292	847
			3293	847
			3294	847
			3295	847
			3296	847
			3297	847
			3298	847
			3299	847
			3300	848
			3301	848
			3302	848
			3303	848
			3304	848
			3305	848
			3306	848
			3307	848
			3308	848
			3309	848
			3310	848
			3311	848
			3312	848
			3313	848
			3314	848
			3315	848
			3316	848
			3317	849
			3318	849
			3319	849
			3320	849
			3321	849
			3322	849
			3323	849
			3324	849
			3325	849
			3326	849
			3327	849
			3328	849
			3329	849
			3330	849
			3331	849
			3332	849
			3333	849
			3334	849
			3335	849
			3336	849
			3337	849
			3338	849
			3339	849
			3340	849
			3341	849
			3342	849
			3343	849
			3344	849
			3345	849
			3346	849
			3347	849
			3348	849
			3349	849
			3350	849
			3351	849
			3352	849
			3353	849
			3354	849
			3355	849
			3356	849
			3357	849
			3358	849
			3359	849
		</body_post>
		<opercle type=matrix rownames=FALSE colnames=FALSE nrow=192 ncol=2 as.numeric=TRUE >
			2399	1065
			2400	1064
			2400	1063
			2401	1063
			2401	1062
			2402	1061
			2402	1060
			2403	1060
			2404	1059
			2404	1058
			2405	1057
			2406	1056
			2406	1055
			2407	1054
			2407	1053
			2408	1052
			2409	1051
			2409	1050
			2410	1049
			2410	1048
			2411	1047
			2411	1046
			2412	1045
			2412	1044
			2413	1043
			2414	1042
			2414	1041
			2414	1040
			2415	1039
			2415	1038
			2416	1037
			2416	1036
			2416	1035
			2417	1034
			2417	1033
			2417	1032
			2418	1032
			2418	1031
			2418	1030
			2419	1029
			2419	1028
			2419	1027
			2419	1026
			2420	1026
			2420	1025
			2420	1024
			2420	1023
			2421	1022
			2421	1021
			2421	1020
			2421	1019
			2422	1018
			2422	1017
			2422	1016
			2422	1015
			2422	1014
			2422	1013
			2422	1012
			2423	1012
			2423	1011
			2423	1010
			2423	1009
			2423	1008
			2423	1007
			2423	1006
			2423	1005
			2423	1004
			2423	1003
			2423	1002
			2423	1001
			2423	1000
			2424	999
			2424	998
			2424	997
			2424	996
			2423	995
			2423	994
			2423	993
			2423	992
			2423	991
			2423	990
			2423	989
			2423	988
			2423	987
			2423	986
			2423	985
			2423	984
			2423	983
			2422	982
			2422	981
			2422	980
			2422	979
			2422	978
			2422	977
			2421	976
			2421	975
			2421	974
			2421	973
			2421	972
			2420	971
			2420	970
			2420	969
			2420	968
			2419	967
			2419	966
			2419	965
			2419	964
			2418	963
			2418	962
			2418	961
			2417	960
			2417	959
			2417	958
			2417	957
			2416	956
			2416	955
			2416	954
			2415	954
			2415	953
			2415	952
			2414	951
			2414	950
			2413	949
			2413	948
			2413	947
			2412	946
			2412	945
			2412	944
			2411	943
			2411	942
			2410	941
			2410	940
			2409	940
			2409	939
			2409	938
			2408	937
			2408	936
			2407	935
			2407	934
			2406	933
			2406	932
			2405	931
			2405	930
			2404	929
			2404	928
			2403	927
			2403	926
			2402	925
			2402	924
			2401	923
			2401	922
			2400	921
			2399	920
			2399	919
			2398	918
			2398	917
			2397	916
			2396	915
			2395	914
			2395	913
			2395	912
			2394	912
			2394	911
			2393	910
			2392	909
			2392	908
			2391	907
			2391	906
			2390	905
			2389	905
			2389	904
			2388	903
			2388	902
			2387	901
			2386	900
			2386	899
			2385	899
			2385	898
			2384	897
			2383	896
			2383	895
			2382	894
			2381	893
			2381	892
			2380	892
			2379	891
			2379	890
			2378	889
			2377	888
			2377	887
			2376	886
			2375	885
		</opercle>
	</curves.pixel>
	<curves.scaled type=list>
		<body_ant type=matrix rownames=FALSE colnames=FALSE nrow=659 ncol=2 as.numeric=TRUE >
			8.39173146888943	-4.04387059821125
			8.39173146888943	-4.03987072620511
			8.39573134089557	-4.03587085419896
			8.39573134089557	-4.03187098219282
			8.39573134089557	-4.02787111018668
			8.39973121290171	-4.02387123818053
			8.39973121290171	-4.01987136617439
			8.39973121290171	-4.01587149416825
			8.39973121290171	-4.0118716221621
			8.40373108490786	-4.00787175015596
			8.40373108490786	-4.00387187814982
			8.40373108490786	-3.99987200614367
			8.407730956914	-3.99587213413753
			8.407730956914	-3.99187226213138
			8.41173082892014	-3.98787239012524
			8.41173082892014	-3.9838725181191
			8.41173082892014	-3.97987264611295
			8.41573070092629	-3.97587277410681
			8.41573070092629	-3.97187290210067
			8.41573070092629	-3.96787303009452
			8.41973057293243	-3.96787303009452
			8.41973057293243	-3.96387315808838
			8.41973057293243	-3.95987328608224
			8.42373044493857	-3.95587341407609
			8.42373044493857	-3.95187354206995
			8.42773031694472	-3.9478736700638
			8.42773031694472	-3.94387379805766
			8.42773031694472	-3.93987392605152
			8.43173018895086	-3.93587405404537
			8.43173018895086	-3.93187418203923
			8.435730060957	-3.93187418203923
			8.435730060957	-3.92787431003309
			8.435730060957	-3.92387443802694
			8.43972993296315	-3.9198745660208
			8.43972993296315	-3.91587469401466
			8.44372980496929	-3.91187482200851
			8.44372980496929	-3.90787495000237
			8.44772967697544	-3.90787495000237
			8.44772967697544	-3.90387507799622
			8.44772967697544	-3.89987520599008
			8.45172954898158	-3.89587533398394
			8.45172954898158	-3.89187546197779
			8.45572942098772	-3.88787558997165
			8.45572942098772	-3.88387571796551
			8.45972929299387	-3.88387571796551
			8.45972929299387	-3.87987584595936
			8.46372916500001	-3.87587597395322
			8.46372916500001	-3.87187610194707
			8.46772903700615	-3.86787622994093
			8.46772903700615	-3.86387635793479
			8.4717289090123	-3.85987648592864
			8.47572878101844	-3.8558766139225
			8.47572878101844	-3.85187674191636
			8.47972865302459	-3.84787686991021
			8.48372852503073	-3.84387699790407
			8.48372852503073	-3.83987712589793
			8.48772839703687	-3.83587725389178
			8.49172826904302	-3.83187738188564
			8.49172826904302	-3.82787750987949
			8.49572814104916	-3.82387763787335
			8.4997280130553	-3.81987776586721
			8.4997280130553	-3.81587789386106
			8.50372788506145	-3.81187802185492
			8.50772775706759	-3.80787814984878
			8.50772775706759	-3.80387827784263
			8.51172762907373	-3.79987840583649
			8.51572750107988	-3.79587853383034
			8.51972737308602	-3.7918786618242
			8.51972737308602	-3.78787878981806
			8.52372724509217	-3.78387891781191
			8.52772711709831	-3.77987904580577
			8.52772711709831	-3.77587917379963
			8.53172698910445	-3.77587917379963
			8.5357268611106	-3.77187930179348
			8.53972673311674	-3.76787942978734
			8.54372660512288	-3.7638795577812
			8.54372660512288	-3.75987968577505
			8.54772647712903	-3.75587981376891
			8.55172634913517	-3.75187994176276
			8.55572622114131	-3.74788006975662
			8.55972609314746	-3.74388019775048
			8.55972609314746	-3.73988032574433
			8.5637259651536	-3.73588045373819
			8.56772583715975	-3.73188058173205
			8.57172570916589	-3.73188058173205
			8.57572558117203	-3.7278807097259
			8.57972545317818	-3.72388083771976
			8.57972545317818	-3.71988096571362
			8.58372532518432	-3.71588109370747
			8.58772519719046	-3.71188122170133
			8.59172506919661	-3.70788134969518
			8.59572494120275	-3.70388147768904
			8.5997248132089	-3.6998816056829
			8.60372468521504	-3.6998816056829
			8.60772455722118	-3.69588173367675
			8.61172442922733	-3.69188186167061
			8.61172442922733	-3.68788198966447
			8.61572430123347	-3.68388211765832
			8.61972417323961	-3.67988224565218
			8.62372404524576	-3.67588237364603
			8.6277239172519	-3.67588237364603
			8.63172378925804	-3.67188250163989
			8.63572366126419	-3.66788262963375
			8.63972353327033	-3.6638827576276
			8.64372340527648	-3.65988288562146
			8.64772327728262	-3.65588301361532
			8.65172314928876	-3.65588301361532
			8.65572302129491	-3.65188314160917
			8.65972289330105	-3.64788326960303
			8.66372276530719	-3.64388339759689
			8.66772263731334	-3.63988352559074
			8.67172250931948	-3.6358836535846
			8.67572238132563	-3.6358836535846
			8.67972225333177	-3.63188378157845
			8.68372212533791	-3.62788390957231
			8.68772199734406	-3.62388403756617
			8.6917218693502	-3.61988416556002
			8.69572174135634	-3.61988416556002
			8.69972161336249	-3.61588429355388
			8.70372148536863	-3.61188442154774
			8.70772135737477	-3.61188442154774
			8.70772135737477	-3.60788454954159
			8.71172122938092	-3.60788454954159
			8.71572110138706	-3.60388467753545
			8.7197209733932	-3.60388467753545
			8.72372084539935	-3.5998848055293
			8.72772071740549	-3.59588493352316
			8.73172058941164	-3.59588493352316
			8.73572046141778	-3.59188506151702
			8.73972033342392	-3.58788518951087
			8.74372020543007	-3.58388531750473
			8.74772007743621	-3.58388531750473
			8.75171994944236	-3.57988544549859
			8.7557198214485	-3.57588557349244
			8.75971969345464	-3.57588557349244
			8.76371956546079	-3.5718857014863
			8.76771943746693	-3.56788582948016
			8.77171930947307	-3.56788582948016
			8.77571918147922	-3.56388595747401
			8.77971905348536	-3.55988608546787
			8.7837189254915	-3.55988608546787
			8.78771879749765	-3.55588621346172
			8.79171866950379	-3.55588621346172
			8.79571854150993	-3.55188634145558
			8.79971841351608	-3.55188634145558
			8.80371828552222	-3.54788646944944
			8.80771815752837	-3.54388659744329
			8.81171802953451	-3.54388659744329
			8.81571790154065	-3.53988672543715
			8.8197177735468	-3.53988672543715
			8.82371764555294	-3.53588685343101
			8.82771751755909	-3.53588685343101
			8.83171738956523	-3.53188698142486
			8.83571726157137	-3.52788710941872
			8.83971713357752	-3.52788710941872
			8.84371700558366	-3.52388723741258
			8.8477168775898	-3.52388723741258
			8.85171674959595	-3.51988736540643
			8.85571662160209	-3.51988736540643
			8.85971649360823	-3.51588749340029
			8.86371636561438	-3.51588749340029
			8.86771623762052	-3.51188762139414
			8.87171610962666	-3.51188762139414
			8.87571598163281	-3.507887749388
			8.87971585363895	-3.507887749388
			8.8837157256451	-3.50388787738186
			8.88771559765124	-3.50388787738186
			8.89171546965738	-3.49988800537571
			8.89571534166353	-3.49988800537571
			8.89971521366967	-3.49588813336957
			8.90371508567581	-3.49588813336957
			8.90771495768196	-3.49188826136343
			8.9117148296881	-3.49188826136343
			8.91571470169425	-3.48788838935728
			8.91971457370039	-3.48788838935728
			8.92371444570653	-3.48388851735114
			8.92771431771268	-3.48388851735114
			8.93171418971882	-3.47988864534499
			8.93571406172496	-3.47988864534499
			8.93971393373111	-3.47588877333885
			8.94371380573725	-3.47588877333885
			8.94771367774339	-3.47188890133271
			8.95171354974954	-3.47188890133271
			8.95571342175568	-3.46788902932656
			8.95971329376183	-3.46788902932656
			8.96371316576797	-3.46788902932656
			8.96771303777411	-3.46388915732042
			8.97171290978026	-3.46388915732042
			8.9757127817864	-3.45988928531428
			8.97971265379254	-3.45988928531428
			8.98371252579869	-3.45988928531428
			8.98771239780483	-3.45588941330813
			8.99171226981098	-3.45588941330813
			8.99571214181712	-3.45188954130199
			8.99971201382326	-3.45188954130199
			9.00371188582941	-3.45188954130199
			9.00371188582941	-3.44788966929585
			9.00771175783555	-3.44788966929585
			9.01171162984169	-3.44788966929585
			9.01571150184784	-3.4438897972897
			9.01971137385398	-3.4438897972897
			9.02371124586012	-3.43988992528356
			9.02771111786627	-3.43988992528356
			9.03171098987241	-3.43988992528356
			9.03571086187856	-3.43589005327741
			9.0397107338847	-3.43589005327741
			9.04371060589084	-3.43189018127127
			9.04771047789699	-3.43189018127127
			9.05171034990313	-3.43189018127127
			9.05571022190927	-3.42789030926513
			9.05971009391542	-3.42789030926513
			9.06370996592156	-3.42789030926513
			9.0677098379277	-3.42389043725898
			9.07170970993385	-3.42389043725898
			9.07570958193999	-3.41989056525284
			9.07970945394614	-3.41989056525284
			9.08370932595228	-3.41989056525284
			9.08770919795842	-3.4158906932467
			9.09170906996457	-3.4158906932467
			9.09570894197071	-3.4158906932467
			9.09970881397685	-3.41189082124055
			9.103708685983	-3.41189082124055
			9.10770855798914	-3.41189082124055
			9.11170842999529	-3.40789094923441
			9.11570830200143	-3.40789094923441
			9.11970817400757	-3.40389107722826
			9.12370804601372	-3.40389107722826
			9.12770791801986	-3.40389107722826
			9.131707790026	-3.39989120522212
			9.13570766203215	-3.39989120522212
			9.13970753403829	-3.39989120522212
			9.14370740604443	-3.39589133321598
			9.14770727805058	-3.39589133321598
			9.15170715005672	-3.39589133321598
			9.15570702206286	-3.39589133321598
			9.15570702206286	-3.39189146120983
			9.15970689406901	-3.39189146120983
			9.16370676607515	-3.39189146120983
			9.1677066380813	-3.39189146120983
			9.17170651008744	-3.38789158920369
			9.17570638209358	-3.38789158920369
			9.17970625409973	-3.38789158920369
			9.18370612610587	-3.38389171719755
			9.18770599811202	-3.38389171719755
			9.19170587011816	-3.38389171719755
			9.1957057421243	-3.3798918451914
			9.19970561413045	-3.3798918451914
			9.20370548613659	-3.3798918451914
			9.20770535814273	-3.3798918451914
			9.21170523014888	-3.37589197318526
			9.21570510215502	-3.37589197318526
			9.21970497416116	-3.37589197318526
			9.22370484616731	-3.37189210117912
			9.22770471817345	-3.37189210117912
			9.23170459017959	-3.37189210117912
			9.23570446218574	-3.36789222917297
			9.23970433419188	-3.36789222917297
			9.24370420619803	-3.36789222917297
			9.24770407820417	-3.36789222917297
			9.25170395021031	-3.36389235716683
			9.25570382221646	-3.36389235716683
			9.2597036942226	-3.36389235716683
			9.26370356622875	-3.35989248516068
			9.26770343823489	-3.35989248516068
			9.27170331024103	-3.35989248516068
			9.27570318224718	-3.35989248516068
			9.27970305425332	-3.35589261315454
			9.28370292625946	-3.35589261315454
			9.28770279826561	-3.35589261315454
			9.29170267027175	-3.3518927411484
			9.29570254227789	-3.3518927411484
			9.29970241428404	-3.3518927411484
			9.30370228629018	-3.3518927411484
			9.30770215829632	-3.34789286914225
			9.31170203030247	-3.34789286914225
			9.31570190230861	-3.34789286914225
			9.31970177431476	-3.34789286914225
			9.3237016463209	-3.34789286914225
			9.3237016463209	-3.34389299713611
			9.32770151832704	-3.34389299713611
			9.33170139033319	-3.34389299713611
			9.33570126233933	-3.34389299713611
			9.33970113434547	-3.34389299713611
			9.34370100635162	-3.33989312512997
			9.34770087835776	-3.33989312512997
			9.35170075036391	-3.33989312512997
			9.35570062237005	-3.33589325312382
			9.35970049437619	-3.33589325312382
			9.36370036638234	-3.33589325312382
			9.36770023838848	-3.33589325312382
			9.37170011039462	-3.33189338111768
			9.37569998240077	-3.33189338111768
			9.37969985440691	-3.33189338111768
			9.38369972641305	-3.33189338111768
			9.3876995984192	-3.32789350911154
			9.39169947042534	-3.32789350911154
			9.39569934243149	-3.32789350911154
			9.39969921443763	-3.32789350911154
			9.40369908644377	-3.32789350911154
			9.40369908644377	-3.32389363710539
			9.40769895844992	-3.32389363710539
			9.41169883045606	-3.32389363710539
			9.4156987024622	-3.32389363710539
			9.41969857446835	-3.31989376509925
			9.42369844647449	-3.31989376509925
			9.42769831848064	-3.31989376509925
			9.43169819048678	-3.31989376509925
			9.43569806249292	-3.3158938930931
			9.43969793449907	-3.3158938930931
			9.44369780650521	-3.3158938930931
			9.44769767851135	-3.3158938930931
			9.4516975505175	-3.31189402108696
			9.45569742252364	-3.31189402108696
			9.45969729452978	-3.31189402108696
			9.46369716653593	-3.31189402108696
			9.46769703854207	-3.30789414908082
			9.47169691054822	-3.30789414908082
			9.47569678255436	-3.30789414908082
			9.4796966545605	-3.30389427707467
			9.48369652656665	-3.30389427707467
			9.48769639857279	-3.30389427707467
			9.49169627057893	-3.30389427707467
			9.49569614258508	-3.29989440506853
			9.49969601459122	-3.29989440506853
			9.50369588659736	-3.29989440506853
			9.50769575860351	-3.29989440506853
			9.51169563060965	-3.29589453306239
			9.5156955026158	-3.29589453306239
			9.51969537462194	-3.29589453306239
			9.52369524662808	-3.29589453306239
			9.52769511863423	-3.29189466105624
			9.53169499064037	-3.29189466105624
			9.53569486264651	-3.29189466105624
			9.53969473465266	-3.2878947890501
			9.5436946066588	-3.2878947890501
			9.54769447866495	-3.2878947890501
			9.55169435067109	-3.2878947890501
			9.55569422267723	-3.28389491704395
			9.55969409468338	-3.28389491704395
			9.56369396668952	-3.28389491704395
			9.56769383869566	-3.28389491704395
			9.57169371070181	-3.27989504503781
			9.57569358270795	-3.27989504503781
			9.57969345471409	-3.27989504503781
			9.58369332672024	-3.27989504503781
			9.58769319872638	-3.27589517303167
			9.59169307073253	-3.27589517303167
			9.59569294273867	-3.27589517303167
			9.59969281474481	-3.27589517303167
			9.60369268675096	-3.27189530102552
			9.6076925587571	-3.27189530102552
			9.61169243076324	-3.27189530102552
			9.61569230276939	-3.27189530102552
			9.61569230276939	-3.26789542901938
			9.61969217477553	-3.26789542901938
			9.62369204678168	-3.26789542901938
			9.62769191878782	-3.26789542901938
			9.63169179079396	-3.26389555701324
			9.63569166280011	-3.26389555701324
			9.63969153480625	-3.26389555701324
			9.64369140681239	-3.26389555701324
			9.64769127881854	-3.25989568500709
			9.65169115082468	-3.25989568500709
			9.65569102283082	-3.25989568500709
			9.65969089483697	-3.25989568500709
			9.65969089483697	-3.25589581300095
			9.66369076684311	-3.25589581300095
			9.66769063884926	-3.25589581300095
			9.6716905108554	-3.25589581300095
			9.67569038286154	-3.25189594099481
			9.67969025486769	-3.25189594099481
			9.68369012687383	-3.25189594099481
			9.68768999887997	-3.25189594099481
			9.69168987088612	-3.24789606898866
			9.69568974289226	-3.24789606898866
			9.69968961489841	-3.24789606898866
			9.70368948690455	-3.24789606898866
			9.70768935891069	-3.24389619698252
			9.71168923091684	-3.24389619698252
			9.71568910292298	-3.24389619698252
			9.71968897492912	-3.23989632497637
			9.72368884693527	-3.23989632497637
			9.72768871894141	-3.23989632497637
			9.73168859094755	-3.23989632497637
			9.7356884629537	-3.23589645297023
			9.73968833495984	-3.23589645297023
			9.74368820696599	-3.23589645297023
			9.74768807897213	-3.23589645297023
			9.74768807897213	-3.23189658096409
			9.75168795097827	-3.23189658096409
			9.75568782298442	-3.23189658096409
			9.75968769499056	-3.23189658096409
			9.7636875669967	-3.23189658096409
			9.76768743900285	-3.22789670895794
			9.77168731100899	-3.22789670895794
			9.77568718301514	-3.22789670895794
			9.77968705502128	-3.2238968369518
			9.78368692702742	-3.2238968369518
			9.78768679903357	-3.2238968369518
			9.79168667103971	-3.2238968369518
			9.79568654304585	-3.21989696494566
			9.799686415052	-3.21989696494566
			9.80368628705814	-3.21989696494566
			9.80768615906428	-3.21989696494566
			9.81168603107043	-3.21589709293951
			9.81568590307657	-3.21589709293951
			9.81968577508272	-3.21589709293951
			9.82368564708886	-3.21189722093337
			9.827685519095	-3.21189722093337
			9.83168539110115	-3.21189722093337
			9.83568526310729	-3.21189722093337
			9.83968513511343	-3.20789734892722
			9.84368500711958	-3.20789734892722
			9.84768487912572	-3.20789734892722
			9.85168475113186	-3.20389747692108
			9.85568462313801	-3.20389747692108
			9.85968449514415	-3.20389747692108
			9.8636843671503	-3.20389747692108
			9.86768423915644	-3.19989760491494
			9.87168411116258	-3.19989760491494
			9.87568398316873	-3.19989760491494
			9.87968385517487	-3.19989760491494
			9.88368372718101	-3.19589773290879
			9.88768359918716	-3.19589773290879
			9.8916834711933	-3.19589773290879
			9.89568334319945	-3.19189786090265
			9.89968321520559	-3.19189786090265
			9.90368308721173	-3.19189786090265
			9.90768295921788	-3.19189786090265
			9.91168283122402	-3.18789798889651
			9.91568270323016	-3.18789798889651
			9.91968257523631	-3.18789798889651
			9.92368244724245	-3.18389811689036
			9.92768231924859	-3.18389811689036
			9.93168219125474	-3.18389811689036
			9.93568206326088	-3.18389811689036
			9.93968193526702	-3.17989824488422
			9.94368180727317	-3.17989824488422
			9.94768167927931	-3.17989824488422
			9.95168155128546	-3.17589837287808
			9.9556814232916	-3.17589837287808
			9.95968129529774	-3.17589837287808
			9.96368116730389	-3.17589837287808
			9.96768103931003	-3.17189850087193
			9.97168091131618	-3.17189850087193
			9.97568078332232	-3.17189850087193
			9.97968065532846	-3.17189850087193
			9.98368052733461	-3.16789862886579
			9.98768039934075	-3.16789862886579
			9.99168027134689	-3.16789862886579
			9.99568014335304	-3.16389875685964
			9.99968001535918	-3.16389875685964
			10.0036798873653	-3.16389875685964
			10.0076797593715	-3.16389875685964
			10.0116796313776	-3.1598988848535
			10.0156795033838	-3.1598988848535
			10.0196793753899	-3.1598988848535
			10.023679247396	-3.15589901284736
			10.0276791194022	-3.15589901284736
			10.0316789914083	-3.15589901284736
			10.0356788634145	-3.15589901284736
			10.0396787354206	-3.15189914084121
			10.0436786074268	-3.15189914084121
			10.0476784794329	-3.15189914084121
			10.051678351439	-3.15189914084121
			10.0556782234452	-3.14789926883507
			10.0596780954513	-3.14789926883507
			10.0636779674575	-3.14789926883507
			10.0676778394636	-3.14389939682893
			10.0716777114698	-3.14389939682893
			10.0756775834759	-3.14389939682893
			10.0796774554821	-3.14389939682893
			10.0836773274882	-3.13989952482278
			10.0876771994943	-3.13989952482278
			10.0916770715005	-3.13989952482278
			10.0956769435066	-3.13989952482278
			10.0996768155128	-3.13589965281664
			10.1036766875189	-3.13589965281664
			10.1076765595251	-3.13589965281664
			10.1116764315312	-3.13589965281664
			10.1116764315312	-3.1318997808105
			10.1156763035373	-3.1318997808105
			10.1196761755435	-3.1318997808105
			10.1236760475496	-3.1318997808105
			10.1276759195558	-3.1318997808105
			10.1316757915619	-3.12789990880435
			10.1356756635681	-3.12789990880435
			10.1396755355742	-3.12789990880435
			10.1436754075804	-3.12789990880435
			10.1476752795865	-3.12390003679821
			10.1516751515926	-3.12390003679821
			10.1556750235988	-3.12390003679821
			10.1596748956049	-3.12390003679821
			10.1636747676111	-3.12390003679821
			10.1676746396172	-3.11990016479206
			10.1716745116234	-3.11990016479206
			10.1756743836295	-3.11990016479206
			10.1796742556356	-3.11990016479206
			10.1836741276418	-3.11590029278592
			10.1876739996479	-3.11590029278592
			10.1916738716541	-3.11590029278592
			10.1956737436602	-3.11590029278592
			10.1996736156664	-3.11590029278592
			10.2036734876725	-3.11190042077978
			10.2076733596787	-3.11190042077978
			10.2116732316848	-3.11190042077978
			10.2156731036909	-3.11190042077978
			10.2196729756971	-3.11190042077978
			10.2236728477032	-3.10790054877363
			10.2276727197094	-3.10790054877363
			10.2316725917155	-3.10790054877363
			10.2356724637217	-3.10790054877363
			10.2396723357278	-3.10390067676749
			10.2436722077339	-3.10390067676749
			10.2476720797401	-3.10390067676749
			10.2516719517462	-3.10390067676749
			10.2556718237524	-3.09990080476135
			10.2596716957585	-3.09990080476135
			10.2636715677647	-3.09990080476135
			10.2676714397708	-3.09990080476135
			10.271671311777	-3.09990080476135
			10.2756711837831	-3.0959009327552
			10.2796710557892	-3.0959009327552
			10.2836709277954	-3.0959009327552
			10.2876707998015	-3.0959009327552
			10.2916706718077	-3.0959009327552
			10.2956705438138	-3.09190106074906
			10.29967041582	-3.09190106074906
			10.3036702878261	-3.09190106074906
			10.3076701598322	-3.09190106074906
			10.3116700318384	-3.09190106074906
			10.3156699038445	-3.08790118874292
			10.3196697758507	-3.08790118874292
			10.3236696478568	-3.08790118874292
			10.327669519863	-3.08790118874292
			10.3316693918691	-3.08790118874292
			10.3356692638752	-3.08390131673677
			10.3396691358814	-3.08390131673677
			10.3436690078875	-3.08390131673677
			10.3476688798937	-3.08390131673677
			10.3516687518998	-3.08390131673677
			10.355668623906	-3.07990144473063
			10.3596684959121	-3.07990144473063
			10.3636683679183	-3.07990144473063
			10.3676682399244	-3.07990144473063
			10.3716681119305	-3.07990144473063
			10.3756679839367	-3.07990144473063
			10.3756679839367	-3.07590157272448
			10.3796678559428	-3.07590157272448
			10.383667727949	-3.07590157272448
			10.3876675999551	-3.07590157272448
			10.3916674719613	-3.07590157272448
			10.3956673439674	-3.07590157272448
			10.3996672159735	-3.07190170071834
			10.4036670879797	-3.07190170071834
			10.4076669599858	-3.07190170071834
			10.411666831992	-3.07190170071834
			10.4156667039981	-3.07190170071834
			10.4196665760043	-3.07190170071834
			10.4236664480104	-3.0679018287122
			10.4276663200166	-3.0679018287122
			10.4316661920227	-3.0679018287122
			10.4356660640288	-3.0679018287122
			10.439665936035	-3.06390195670605
			10.4436658080411	-3.06390195670605
			10.4476656800473	-3.06390195670605
			10.4516655520534	-3.06390195670605
			10.4556654240596	-3.06390195670605
			10.4596652960657	-3.06390195670605
			10.4636651680718	-3.05990208469991
			10.467665040078	-3.05990208469991
			10.4716649120841	-3.05990208469991
			10.4756647840903	-3.05990208469991
			10.4796646560964	-3.05990208469991
			10.4836645281026	-3.05990208469991
			10.4876644001087	-3.05590221269377
			10.4916642721149	-3.05590221269377
			10.495664144121	-3.05590221269377
			10.4996640161271	-3.05590221269377
			10.5036638881333	-3.05590221269377
			10.5076637601394	-3.05590221269377
			10.5116636321456	-3.05190234068762
			10.5156635041517	-3.05190234068762
			10.5196633761579	-3.05190234068762
			10.523663248164	-3.05190234068762
			10.5276631201701	-3.05190234068762
			10.5316629921763	-3.05190234068762
			10.5356628641824	-3.04790246868148
			10.5396627361886	-3.04790246868148
			10.5436626081947	-3.04790246868148
			10.5476624802009	-3.04790246868148
			10.551662352207	-3.04790246868148
			10.5556622242132	-3.04790246868148
			10.5596620962193	-3.04390259667533
			10.5636619682254	-3.04390259667533
			10.5676618402316	-3.04390259667533
			10.5716617122377	-3.04390259667533
			10.5756615842439	-3.04390259667533
			10.57966145625	-3.04390259667533
			10.57966145625	-3.03990272466919
			10.5836613282562	-3.03990272466919
			10.5876612002623	-3.03990272466919
			10.5916610722684	-3.03990272466919
			10.5956609442746	-3.03990272466919
			10.5996608162807	-3.03990272466919
			10.6036606882869	-3.03990272466919
			10.6036606882869	-3.03590285266305
			10.607660560293	-3.03590285266305
			10.6116604322992	-3.03590285266305
			10.6156603043053	-3.03590285266305
			10.6196601763115	-3.03590285266305
			10.6236600483176	-3.03590285266305
			10.6276599203237	-3.03590285266305
			10.6276599203237	-3.0319029806569
			10.6316597923299	-3.0319029806569
			10.635659664336	-3.0319029806569
			10.6396595363422	-3.0319029806569
			10.6436594083483	-3.0319029806569
			10.6476592803545	-3.0319029806569
			10.6516591523606	-3.0319029806569
			10.6556590243667	-3.02790310865076
			10.6596588963729	-3.02790310865076
			10.663658768379	-3.02790310865076
			10.6676586403852	-3.02790310865076
			10.6716585123913	-3.02790310865076
			10.6756583843975	-3.02790310865076
			10.6796582564036	-3.02790310865076
			10.6796582564036	-3.02390323664462
			10.6836581284097	-3.02390323664462
			10.6876580004159	-3.02390323664462
			10.691657872422	-3.02390323664462
			10.6956577444282	-3.02390323664462
			10.6996576164343	-3.02390323664462
			10.7036574884405	-3.02390323664462
			10.7076573604466	-3.01990336463847
			10.7116572324528	-3.01990336463847
			10.7156571044589	-3.01990336463847
			10.719656976465	-3.01990336463847
			10.7236568484712	-3.01990336463847
			10.7276567204773	-3.01990336463847
			10.7316565924835	-3.01990336463847
			10.7356564644896	-3.01590349263233
			10.7396563364958	-3.01590349263233
			10.7436562085019	-3.01590349263233
			10.747656080508	-3.01590349263233
			10.7516559525142	-3.01590349263233
			10.7556558245203	-3.01590349263233
			10.7596556965265	-3.01190362062619
			10.7636555685326	-3.01190362062619
			10.7676554405388	-3.01190362062619
			10.7716553125449	-3.01190362062619
			10.7756551845511	-3.01190362062619
			10.7796550565572	-3.01190362062619
			10.7836549285633	-3.01190362062619
			10.7876548005695	-3.01190362062619
			10.7916546725756	-3.00790374862004
			10.7956545445818	-3.00790374862004
			10.7996544165879	-3.00790374862004
			10.8036542885941	-3.00790374862004
		</body_ant>
		<body_post type=matrix rownames=FALSE colnames=FALSE nrow=466 ncol=2 as.numeric=TRUE >
			11.5916290738044	-3.25189594099481
			11.5956289458105	-3.25189594099481
			11.5996288178166	-3.25189594099481
			11.6036286898228	-3.25189594099481
			11.6076285618289	-3.25189594099481
			11.6116284338351	-3.25589581300095
			11.6156283058412	-3.25589581300095
			11.6196281778474	-3.25589581300095
			11.6236280498535	-3.25589581300095
			11.6276279218597	-3.25589581300095
			11.6316277938658	-3.25589581300095
			11.6356276658719	-3.25589581300095
			11.6396275378781	-3.25589581300095
			11.6436274098842	-3.25989568500709
			11.6476272818904	-3.25989568500709
			11.6516271538965	-3.25989568500709
			11.6556270259027	-3.25989568500709
			11.6596268979088	-3.25989568500709
			11.6636267699149	-3.25989568500709
			11.6676266419211	-3.25989568500709
			11.6716265139272	-3.25989568500709
			11.6756263859334	-3.25989568500709
			11.6796262579395	-3.26389555701324
			11.6836261299457	-3.26389555701324
			11.6876260019518	-3.26389555701324
			11.691625873958	-3.26389555701324
			11.6956257459641	-3.26389555701324
			11.6996256179702	-3.26389555701324
			11.7036254899764	-3.26389555701324
			11.7076253619825	-3.26389555701324
			11.7116252339887	-3.26389555701324
			11.7156251059948	-3.26789542901938
			11.719624978001	-3.26789542901938
			11.7236248500071	-3.26789542901938
			11.7276247220132	-3.26789542901938
			11.7316245940194	-3.26789542901938
			11.7356244660255	-3.26789542901938
			11.7396243380317	-3.26789542901938
			11.7436242100378	-3.26789542901938
			11.747624082044	-3.26789542901938
			11.7516239540501	-3.27189530102552
			11.7556238260563	-3.27189530102552
			11.7596236980624	-3.27189530102552
			11.7636235700685	-3.27189530102552
			11.7676234420747	-3.27189530102552
			11.7716233140808	-3.27189530102552
			11.775623186087	-3.27189530102552
			11.7796230580931	-3.27189530102552
			11.7836229300993	-3.27189530102552
			11.7876228021054	-3.27589517303167
			11.7916226741115	-3.27589517303167
			11.7956225461177	-3.27589517303167
			11.7996224181238	-3.27589517303167
			11.80362229013	-3.27589517303167
			11.8076221621361	-3.27589517303167
			11.8116220341423	-3.27589517303167
			11.8156219061484	-3.27589517303167
			11.8196217781546	-3.27589517303167
			11.8236216501607	-3.27989504503781
			11.8276215221668	-3.27989504503781
			11.831621394173	-3.27989504503781
			11.8356212661791	-3.27989504503781
			11.8396211381853	-3.27989504503781
			11.8436210101914	-3.27989504503781
			11.8476208821976	-3.27989504503781
			11.8516207542037	-3.27989504503781
			11.8556206262098	-3.28389491704395
			11.859620498216	-3.28389491704395
			11.8636203702221	-3.28389491704395
			11.8676202422283	-3.28389491704395
			11.8716201142344	-3.28389491704395
			11.8756199862406	-3.28389491704395
			11.8796198582467	-3.28389491704395
			11.8836197302528	-3.28389491704395
			11.887619602259	-3.28389491704395
			11.8916194742651	-3.28389491704395
			11.8956193462713	-3.2878947890501
			11.8996192182774	-3.2878947890501
			11.9036190902836	-3.2878947890501
			11.9076189622897	-3.2878947890501
			11.9116188342959	-3.2878947890501
			11.915618706302	-3.2878947890501
			11.9196185783081	-3.2878947890501
			11.9236184503143	-3.2878947890501
			11.9276183223204	-3.2878947890501
			11.9316181943266	-3.29189466105624
			11.9356180663327	-3.29189466105624
			11.9396179383389	-3.29189466105624
			11.943617810345	-3.29189466105624
			11.9476176823511	-3.29189466105624
			11.9516175543573	-3.29189466105624
			11.9556174263634	-3.29189466105624
			11.9596172983696	-3.29189466105624
			11.9636171703757	-3.29189466105624
			11.9676170423819	-3.29189466105624
			11.971616914388	-3.29589453306239
			11.9756167863942	-3.29589453306239
			11.9796166584003	-3.29589453306239
			11.9836165304064	-3.29589453306239
			11.9876164024126	-3.29589453306239
			11.9916162744187	-3.29589453306239
			11.9956161464249	-3.29589453306239
			11.999616018431	-3.29589453306239
			12.0036158904372	-3.29589453306239
			12.0076157624433	-3.29989440506853
			12.0116156344494	-3.29989440506853
			12.0156155064556	-3.29989440506853
			12.0196153784617	-3.29989440506853
			12.0236152504679	-3.29989440506853
			12.027615122474	-3.29989440506853
			12.0316149944802	-3.29989440506853
			12.0356148664863	-3.29989440506853
			12.0396147384925	-3.29989440506853
			12.0436146104986	-3.29989440506853
			12.0436146104986	-3.30389427707467
			12.0476144825047	-3.30389427707467
			12.0516143545109	-3.30389427707467
			12.055614226517	-3.30389427707467
			12.0596140985232	-3.30389427707467
			12.0636139705293	-3.30389427707467
			12.0676138425355	-3.30389427707467
			12.0716137145416	-3.30389427707467
			12.0756135865477	-3.30389427707467
			12.0796134585539	-3.30389427707467
			12.08361333056	-3.30389427707467
			12.0876132025662	-3.30789414908082
			12.0916130745723	-3.30789414908082
			12.0956129465785	-3.30789414908082
			12.0996128185846	-3.30789414908082
			12.1036126905908	-3.30789414908082
			12.1076125625969	-3.30789414908082
			12.111612434603	-3.30789414908082
			12.1156123066092	-3.30789414908082
			12.1196121786153	-3.30789414908082
			12.1236120506215	-3.31189402108696
			12.1276119226276	-3.31189402108696
			12.1316117946338	-3.31189402108696
			12.1356116666399	-3.31189402108696
			12.139611538646	-3.31189402108696
			12.1436114106522	-3.31189402108696
			12.1476112826583	-3.31189402108696
			12.1516111546645	-3.31189402108696
			12.1556110266706	-3.31189402108696
			12.1596108986768	-3.31189402108696
			12.1636107706829	-3.31189402108696
			12.1676106426891	-3.3158938930931
			12.1716105146952	-3.3158938930931
			12.1756103867013	-3.3158938930931
			12.1796102587075	-3.3158938930931
			12.1836101307136	-3.3158938930931
			12.1876100027198	-3.3158938930931
			12.1916098747259	-3.3158938930931
			12.1956097467321	-3.3158938930931
			12.1996096187382	-3.3158938930931
			12.2036094907443	-3.3158938930931
			12.2076093627505	-3.31989376509925
			12.2116092347566	-3.31989376509925
			12.2156091067628	-3.31989376509925
			12.2196089787689	-3.31989376509925
			12.2236088507751	-3.31989376509925
			12.2276087227812	-3.31989376509925
			12.2316085947873	-3.31989376509925
			12.2356084667935	-3.31989376509925
			12.2396083387996	-3.31989376509925
			12.2436082108058	-3.31989376509925
			12.2476080828119	-3.31989376509925
			12.2476080828119	-3.32389363710539
			12.2516079548181	-3.32389363710539
			12.2556078268242	-3.32389363710539
			12.2596076988304	-3.32389363710539
			12.2636075708365	-3.32389363710539
			12.2676074428426	-3.32389363710539
			12.2716073148488	-3.32389363710539
			12.2756071868549	-3.32389363710539
			12.2796070588611	-3.32389363710539
			12.2836069308672	-3.32389363710539
			12.2876068028734	-3.32389363710539
			12.2916066748795	-3.32389363710539
			12.2916066748795	-3.32789350911154
			12.2956065468856	-3.32789350911154
			12.2996064188918	-3.32789350911154
			12.3036062908979	-3.32789350911154
			12.3076061629041	-3.32789350911154
			12.3116060349102	-3.32789350911154
			12.3156059069164	-3.32789350911154
			12.3196057789225	-3.32789350911154
			12.3236056509287	-3.32789350911154
			12.3276055229348	-3.32789350911154
			12.3316053949409	-3.32789350911154
			12.3356052669471	-3.33189338111768
			12.3396051389532	-3.33189338111768
			12.3436050109594	-3.33189338111768
			12.3476048829655	-3.33189338111768
			12.3516047549717	-3.33189338111768
			12.3556046269778	-3.33189338111768
			12.3596044989839	-3.33189338111768
			12.3636043709901	-3.33189338111768
			12.3676042429962	-3.33189338111768
			12.3716041150024	-3.33189338111768
			12.3756039870085	-3.33189338111768
			12.3796038590147	-3.33189338111768
			12.3836037310208	-3.33189338111768
			12.3836037310208	-3.33589325312382
			12.387603603027	-3.33589325312382
			12.3916034750331	-3.33589325312382
			12.3956033470392	-3.33589325312382
			12.3996032190454	-3.33589325312382
			12.4036030910515	-3.33589325312382
			12.4076029630577	-3.33589325312382
			12.4116028350638	-3.33589325312382
			12.41560270707	-3.33589325312382
			12.4196025790761	-3.33589325312382
			12.4236024510822	-3.33589325312382
			12.4276023230884	-3.33589325312382
			12.4316021950945	-3.33989312512997
			12.4356020671007	-3.33989312512997
			12.4396019391068	-3.33989312512997
			12.443601811113	-3.33989312512997
			12.4476016831191	-3.33989312512997
			12.4516015551253	-3.33989312512997
			12.4556014271314	-3.33989312512997
			12.4596012991375	-3.33989312512997
			12.4636011711437	-3.33989312512997
			12.4676010431498	-3.33989312512997
			12.471600915156	-3.33989312512997
			12.4756007871621	-3.33989312512997
			12.4796006591683	-3.33989312512997
			12.4836005311744	-3.34389299713611
			12.4876004031805	-3.34389299713611
			12.4916002751867	-3.34389299713611
			12.4956001471928	-3.34389299713611
			12.499600019199	-3.34389299713611
			12.5035998912051	-3.34389299713611
			12.5075997632113	-3.34389299713611
			12.5115996352174	-3.34389299713611
			12.5155995072236	-3.34389299713611
			12.5195993792297	-3.34389299713611
			12.5235992512358	-3.34389299713611
			12.527599123242	-3.34389299713611
			12.5315989952481	-3.34389299713611
			12.5355988672543	-3.34789286914225
			12.5395987392604	-3.34789286914225
			12.5435986112666	-3.34789286914225
			12.5475984832727	-3.34789286914225
			12.5515983552788	-3.34789286914225
			12.555598227285	-3.34789286914225
			12.5595980992911	-3.34789286914225
			12.5635979712973	-3.34789286914225
			12.5675978433034	-3.34789286914225
			12.5715977153096	-3.34789286914225
			12.5755975873157	-3.34789286914225
			12.5795974593218	-3.34789286914225
			12.583597331328	-3.34789286914225
			12.5875972033341	-3.34789286914225
			12.5915970753403	-3.3518927411484
			12.5955969473464	-3.3518927411484
			12.5995968193526	-3.3518927411484
			12.6035966913587	-3.3518927411484
			12.6075965633649	-3.3518927411484
			12.611596435371	-3.3518927411484
			12.6155963073771	-3.3518927411484
			12.6195961793833	-3.3518927411484
			12.6235960513894	-3.3518927411484
			12.6275959233956	-3.3518927411484
			12.6315957954017	-3.3518927411484
			12.6355956674079	-3.3518927411484
			12.639595539414	-3.3518927411484
			12.6435954114201	-3.3518927411484
			12.6475952834263	-3.3518927411484
			12.6515951554324	-3.3518927411484
			12.6555950274386	-3.35589261315454
			12.6595948994447	-3.35589261315454
			12.6635947714509	-3.35589261315454
			12.667594643457	-3.35589261315454
			12.6715945154632	-3.35589261315454
			12.6755943874693	-3.35589261315454
			12.6795942594754	-3.35589261315454
			12.6835941314816	-3.35589261315454
			12.6875940034877	-3.35589261315454
			12.6915938754939	-3.35589261315454
			12.6955937475	-3.35589261315454
			12.6995936195062	-3.35589261315454
			12.7035934915123	-3.35589261315454
			12.7075933635184	-3.35589261315454
			12.7115932355246	-3.35589261315454
			12.7155931075307	-3.35589261315454
			12.7195929795369	-3.35589261315454
			12.723592851543	-3.35589261315454
			12.7275927235492	-3.35989248516068
			12.7315925955553	-3.35989248516068
			12.7355924675615	-3.35989248516068
			12.7395923395676	-3.35989248516068
			12.7435922115737	-3.35989248516068
			12.7475920835799	-3.35989248516068
			12.751591955586	-3.35989248516068
			12.7555918275922	-3.35989248516068
			12.7595916995983	-3.35989248516068
			12.7635915716045	-3.35989248516068
			12.7675914436106	-3.35989248516068
			12.7715913156167	-3.35989248516068
			12.7755911876229	-3.35989248516068
			12.779591059629	-3.35989248516068
			12.7835909316352	-3.35989248516068
			12.7875908036413	-3.35989248516068
			12.7915906756475	-3.35989248516068
			12.7955905476536	-3.35989248516068
			12.7995904196598	-3.35989248516068
			12.8035902916659	-3.35989248516068
			12.807590163672	-3.35989248516068
			12.8115900356782	-3.35989248516068
			12.8155899076843	-3.35989248516068
			12.8195897796905	-3.36389235716683
			12.8235896516966	-3.36389235716683
			12.8275895237028	-3.36389235716683
			12.8315893957089	-3.36389235716683
			12.835589267715	-3.36389235716683
			12.8395891397212	-3.36389235716683
			12.8435890117273	-3.36389235716683
			12.8475888837335	-3.36389235716683
			12.8515887557396	-3.36389235716683
			12.8555886277458	-3.36389235716683
			12.8595884997519	-3.36389235716683
			12.8635883717581	-3.36389235716683
			12.8675882437642	-3.36389235716683
			12.8715881157703	-3.36389235716683
			12.8755879877765	-3.36389235716683
			12.8795878597826	-3.36389235716683
			12.8835877317888	-3.36389235716683
			12.8875876037949	-3.36389235716683
			12.8915874758011	-3.36389235716683
			12.8955873478072	-3.36389235716683
			12.8995872198133	-3.36389235716683
			12.9035870918195	-3.36389235716683
			12.9075869638256	-3.36389235716683
			12.9115868358318	-3.36789222917297
			12.9155867078379	-3.36789222917297
			12.9195865798441	-3.36789222917297
			12.9235864518502	-3.36789222917297
			12.9275863238563	-3.36789222917297
			12.9315861958625	-3.36789222917297
			12.9355860678686	-3.36789222917297
			12.9395859398748	-3.36789222917297
			12.9435858118809	-3.36789222917297
			12.9475856838871	-3.36789222917297
			12.9515855558932	-3.37189210117912
			12.9555854278994	-3.37189210117912
			12.9595852999055	-3.37189210117912
			12.9635851719116	-3.37189210117912
			12.9675850439178	-3.37189210117912
			12.9715849159239	-3.37189210117912
			12.9755847879301	-3.37189210117912
			12.9795846599362	-3.37189210117912
			12.9835845319424	-3.37189210117912
			12.9875844039485	-3.37189210117912
			12.9915842759546	-3.37189210117912
			12.9955841479608	-3.37589197318526
			12.9995840199669	-3.37589197318526
			13.0035838919731	-3.37589197318526
			13.0075837639792	-3.37589197318526
			13.0115836359854	-3.37589197318526
			13.0155835079915	-3.37589197318526
			13.0195833799977	-3.37589197318526
			13.0235832520038	-3.37589197318526
			13.0275831240099	-3.37589197318526
			13.0315829960161	-3.37589197318526
			13.0355828680222	-3.37589197318526
			13.0395827400284	-3.37589197318526
			13.0435826120345	-3.3798918451914
			13.0475824840407	-3.3798918451914
			13.0515823560468	-3.3798918451914
			13.0555822280529	-3.3798918451914
			13.0595821000591	-3.3798918451914
			13.0635819720652	-3.3798918451914
			13.0675818440714	-3.3798918451914
			13.0715817160775	-3.3798918451914
			13.0755815880837	-3.3798918451914
			13.0795814600898	-3.3798918451914
			13.083581332096	-3.3798918451914
			13.0875812041021	-3.38389171719755
			13.0915810761082	-3.38389171719755
			13.0955809481144	-3.38389171719755
			13.0995808201205	-3.38389171719755
			13.1035806921267	-3.38389171719755
			13.1075805641328	-3.38389171719755
			13.111580436139	-3.38389171719755
			13.1155803081451	-3.38389171719755
			13.1195801801512	-3.38389171719755
			13.1235800521574	-3.38389171719755
			13.1275799241635	-3.38389171719755
			13.1315797961697	-3.38389171719755
			13.1355796681758	-3.38389171719755
			13.139579540182	-3.38789158920369
			13.1435794121881	-3.38789158920369
			13.1475792841943	-3.38789158920369
			13.1515791562004	-3.38789158920369
			13.1555790282065	-3.38789158920369
			13.1595789002127	-3.38789158920369
			13.1635787722188	-3.38789158920369
			13.167578644225	-3.38789158920369
			13.1715785162311	-3.38789158920369
			13.1755783882373	-3.38789158920369
			13.1795782602434	-3.38789158920369
			13.1835781322495	-3.38789158920369
			13.1875780042557	-3.38789158920369
			13.1915778762618	-3.38789158920369
			13.195577748268	-3.38789158920369
			13.1995776202741	-3.39189146120983
			13.2035774922803	-3.39189146120983
			13.2075773642864	-3.39189146120983
			13.2115772362925	-3.39189146120983
			13.2155771082987	-3.39189146120983
			13.2195769803048	-3.39189146120983
			13.223576852311	-3.39189146120983
			13.2275767243171	-3.39189146120983
			13.2315765963233	-3.39189146120983
			13.2355764683294	-3.39189146120983
			13.2395763403356	-3.39189146120983
			13.2435762123417	-3.39189146120983
			13.2475760843478	-3.39189146120983
			13.251575956354	-3.39189146120983
			13.2555758283601	-3.39189146120983
			13.2595757003663	-3.39189146120983
			13.2635755723724	-3.39189146120983
			13.2675754443786	-3.39589133321598
			13.2715753163847	-3.39589133321598
			13.2755751883908	-3.39589133321598
			13.279575060397	-3.39589133321598
			13.2835749324031	-3.39589133321598
			13.2875748044093	-3.39589133321598
			13.2915746764154	-3.39589133321598
			13.2955745484216	-3.39589133321598
			13.2995744204277	-3.39589133321598
			13.3035742924339	-3.39589133321598
			13.30757416444	-3.39589133321598
			13.3115740364461	-3.39589133321598
			13.3155739084523	-3.39589133321598
			13.3195737804584	-3.39589133321598
			13.3235736524646	-3.39589133321598
			13.3275735244707	-3.39589133321598
			13.3315733964769	-3.39589133321598
			13.335573268483	-3.39589133321598
			13.3395731404891	-3.39589133321598
			13.3435730124953	-3.39589133321598
			13.3475728845014	-3.39589133321598
			13.3515727565076	-3.39589133321598
			13.3555726285137	-3.39589133321598
			13.3595725005199	-3.39589133321598
			13.363572372526	-3.39589133321598
			13.3675722445322	-3.39589133321598
			13.3715721165383	-3.39589133321598
			13.3755719885444	-3.39589133321598
			13.3795718605506	-3.39589133321598
			13.3835717325567	-3.39589133321598
			13.3875716045629	-3.39589133321598
			13.391571476569	-3.39589133321598
			13.3955713485752	-3.39589133321598
			13.3995712205813	-3.39589133321598
			13.4035710925874	-3.39589133321598
			13.4075709645936	-3.39589133321598
			13.4115708365997	-3.39589133321598
			13.4155707086059	-3.39589133321598
			13.419570580612	-3.39589133321598
			13.4235704526182	-3.39589133321598
			13.4275703246243	-3.39589133321598
			13.4315701966305	-3.39589133321598
			13.4355700686366	-3.39589133321598
		</body_post>
		<opercle type=matrix rownames=FALSE colnames=FALSE nrow=192 ncol=2 as.numeric=TRUE >
			9.59569294273867	-4.25986368654301
			9.59969281474481	-4.25586381453687
			9.59969281474481	-4.25186394253072
			9.60369268675096	-4.25186394253072
			9.60369268675096	-4.24786407052458
			9.6076925587571	-4.24386419851844
			9.6076925587571	-4.23986432651229
			9.61169243076324	-4.23986432651229
			9.61569230276939	-4.23586445450615
			9.61569230276939	-4.23186458250001
			9.61969217477553	-4.22786471049386
			9.62369204678168	-4.22386483848772
			9.62369204678168	-4.21986496648157
			9.62769191878782	-4.21586509447543
			9.62769191878782	-4.21186522246929
			9.63169179079396	-4.20786535046314
			9.63569166280011	-4.203865478457
			9.63569166280011	-4.19986560645086
			9.63969153480625	-4.19586573444471
			9.63969153480625	-4.19186586243857
			9.64369140681239	-4.18786599043242
			9.64369140681239	-4.18386611842628
			9.64769127881854	-4.17986624642014
			9.64769127881854	-4.17586637441399
			9.65169115082468	-4.17186650240785
			9.65569102283082	-4.16786663040171
			9.65569102283082	-4.16386675839556
			9.65569102283082	-4.15986688638942
			9.65969089483697	-4.15586701438328
			9.65969089483697	-4.15186714237713
			9.66369076684311	-4.14786727037099
			9.66369076684311	-4.14386739836484
			9.66369076684311	-4.1398675263587
			9.66769063884926	-4.13586765435256
			9.66769063884926	-4.13186778234641
			9.66769063884926	-4.12786791034027
			9.6716905108554	-4.12786791034027
			9.6716905108554	-4.12386803833413
			9.6716905108554	-4.11986816632798
			9.67569038286154	-4.11586829432184
			9.67569038286154	-4.11186842231569
			9.67569038286154	-4.10786855030955
			9.67569038286154	-4.10386867830341
			9.67969025486769	-4.10386867830341
			9.67969025486769	-4.09986880629726
			9.67969025486769	-4.09586893429112
			9.67969025486769	-4.09186906228498
			9.68369012687383	-4.08786919027883
			9.68369012687383	-4.08386931827269
			9.68369012687383	-4.07986944626655
			9.68369012687383	-4.0758695742604
			9.68768999887997	-4.07186970225426
			9.68768999887997	-4.06786983024811
			9.68768999887997	-4.06386995824197
			9.68768999887997	-4.05987008623583
			9.68768999887997	-4.05587021422968
			9.68768999887997	-4.05187034222354
			9.68768999887997	-4.0478704702174
			9.69168987088612	-4.0478704702174
			9.69168987088612	-4.04387059821125
			9.69168987088612	-4.03987072620511
			9.69168987088612	-4.03587085419896
			9.69168987088612	-4.03187098219282
			9.69168987088612	-4.02787111018668
			9.69168987088612	-4.02387123818053
			9.69168987088612	-4.01987136617439
			9.69168987088612	-4.01587149416825
			9.69168987088612	-4.0118716221621
			9.69168987088612	-4.00787175015596
			9.69168987088612	-4.00387187814982
			9.69168987088612	-3.99987200614367
			9.69568974289226	-3.99587213413753
			9.69568974289226	-3.99187226213138
			9.69568974289226	-3.98787239012524
			9.69568974289226	-3.9838725181191
			9.69168987088612	-3.97987264611295
			9.69168987088612	-3.97587277410681
			9.69168987088612	-3.97187290210067
			9.69168987088612	-3.96787303009452
			9.69168987088612	-3.96387315808838
			9.69168987088612	-3.95987328608224
			9.69168987088612	-3.95587341407609
			9.69168987088612	-3.95187354206995
			9.69168987088612	-3.9478736700638
			9.69168987088612	-3.94387379805766
			9.69168987088612	-3.93987392605152
			9.69168987088612	-3.93587405404537
			9.69168987088612	-3.93187418203923
			9.68768999887997	-3.92787431003309
			9.68768999887997	-3.92387443802694
			9.68768999887997	-3.9198745660208
			9.68768999887997	-3.91587469401466
			9.68768999887997	-3.91187482200851
			9.68768999887997	-3.90787495000237
			9.68369012687383	-3.90387507799622
			9.68369012687383	-3.89987520599008
			9.68369012687383	-3.89587533398394
			9.68369012687383	-3.89187546197779
			9.68369012687383	-3.88787558997165
			9.67969025486769	-3.88387571796551
			9.67969025486769	-3.87987584595936
			9.67969025486769	-3.87587597395322
			9.67969025486769	-3.87187610194707
			9.67569038286154	-3.86787622994093
			9.67569038286154	-3.86387635793479
			9.67569038286154	-3.85987648592864
			9.67569038286154	-3.8558766139225
			9.6716905108554	-3.85187674191636
			9.6716905108554	-3.84787686991021
			9.6716905108554	-3.84387699790407
			9.66769063884926	-3.83987712589793
			9.66769063884926	-3.83587725389178
			9.66769063884926	-3.83187738188564
			9.66769063884926	-3.82787750987949
			9.66369076684311	-3.82387763787335
			9.66369076684311	-3.81987776586721
			9.66369076684311	-3.81587789386106
			9.65969089483697	-3.81587789386106
			9.65969089483697	-3.81187802185492
			9.65969089483697	-3.80787814984878
			9.65569102283082	-3.80387827784263
			9.65569102283082	-3.79987840583649
			9.65169115082468	-3.79587853383034
			9.65169115082468	-3.7918786618242
			9.65169115082468	-3.78787878981806
			9.64769127881854	-3.78387891781191
			9.64769127881854	-3.77987904580577
			9.64769127881854	-3.77587917379963
			9.64369140681239	-3.77187930179348
			9.64369140681239	-3.76787942978734
			9.63969153480625	-3.7638795577812
			9.63969153480625	-3.75987968577505
			9.63569166280011	-3.75987968577505
			9.63569166280011	-3.75587981376891
			9.63569166280011	-3.75187994176276
			9.63169179079396	-3.74788006975662
			9.63169179079396	-3.74388019775048
			9.62769191878782	-3.73988032574433
			9.62769191878782	-3.73588045373819
			9.62369204678168	-3.73188058173205
			9.62369204678168	-3.7278807097259
			9.61969217477553	-3.72388083771976
			9.61969217477553	-3.71988096571362
			9.61569230276939	-3.71588109370747
			9.61569230276939	-3.71188122170133
			9.61169243076324	-3.70788134969518
			9.61169243076324	-3.70388147768904
			9.6076925587571	-3.6998816056829
			9.6076925587571	-3.69588173367675
			9.60369268675096	-3.69188186167061
			9.60369268675096	-3.68788198966447
			9.59969281474481	-3.68388211765832
			9.59569294273867	-3.67988224565218
			9.59569294273867	-3.67588237364603
			9.59169307073253	-3.67188250163989
			9.59169307073253	-3.66788262963375
			9.58769319872638	-3.6638827576276
			9.58369332672024	-3.65988288562146
			9.57969345471409	-3.65588301361532
			9.57969345471409	-3.65188314160917
			9.57969345471409	-3.64788326960303
			9.57569358270795	-3.64788326960303
			9.57569358270795	-3.64388339759689
			9.57169371070181	-3.63988352559074
			9.56769383869566	-3.6358836535846
			9.56769383869566	-3.63188378157845
			9.56369396668952	-3.62788390957231
			9.56369396668952	-3.62388403756617
			9.55969409468338	-3.61988416556002
			9.55569422267723	-3.61988416556002
			9.55569422267723	-3.61588429355388
			9.55169435067109	-3.61188442154774
			9.55169435067109	-3.60788454954159
			9.54769447866495	-3.60388467753545
			9.5436946066588	-3.5998848055293
			9.5436946066588	-3.59588493352316
			9.53969473465266	-3.59588493352316
			9.53969473465266	-3.59188506151702
			9.53569486264651	-3.58788518951087
			9.53169499064037	-3.58388531750473
			9.53169499064037	-3.57988544549859
			9.52769511863423	-3.57588557349244
			9.52369524662808	-3.5718857014863
			9.52369524662808	-3.56788582948016
			9.51969537462194	-3.56788582948016
			9.5156955026158	-3.56388595747401
			9.5156955026158	-3.55988608546787
			9.51169563060965	-3.55588621346172
			9.50769575860351	-3.55188634145558
			9.50769575860351	-3.54788646944944
			9.50369588659736	-3.54388659744329
			9.49969601459122	-3.53988672543715
		</opercle>
	</curves.scaled>
	<ruler.points type=matrix rownames=TRUE colnames=FALSE nrow=2 ncol=2 as.numeric=TRUE >
		Ruler point 1	2521	1983
		Ruler point 2	2771	1985
	</ruler.points>
</shapes>

