<shapes type=list>
	<ruler.pixel type=vector names=FALSE length=1 as.numeric=TRUE >246</ruler.pixel>
	<ruler.interval type=vector names=FALSE length=1 as.numeric=TRUE >1</ruler.interval>
	<scaling.units type=vector names=FALSE length=1 as.numeric=FALSE >cm</scaling.units>
	<scaling type=vector names=FALSE length=1 as.numeric=TRUE >0.0040650406504065</scaling>
	<image.name type=vector names=FALSE length=1 as.numeric=FALSE >TU202142_14_L.JPG</image.name>
	<landmarks.pixel type=matrix rownames=TRUE colnames=FALSE nrow=20 ncol=2 as.numeric=TRUE >
		snout_tip	1668	1028
		dorsal_ant	2407	824
		dorsal_post	2644	884
		caud_upper	3322	910
		caud_lower	3289	1090
		anal_post	3073	1105
		anal_ant	2944	1143
		pelv_1	2512	1205
		pect_1	2046	1162
		lower_operc	2010	1157
		upper_operc	2002	960
		eye_center	1826	1009
		eye_1_ant	1785	1009
		eye_2	1794	979
		eye_3_dors	1824	963
		eye_4	1861	977
		eye_5_post	1870	1011
		eye_6	1855	1037
		eye_7_vent	1825	1047
		eye_8	1793	1035
	</landmarks.pixel>
	<landmarks.scaled type=matrix rownames=TRUE colnames=FALSE nrow=20 ncol=2 as.numeric=TRUE >
		snout_tip	6.78048780487805	-4.17886178861789
		dorsal_ant	9.78455284552846	-3.34959349593496
		dorsal_post	10.7479674796748	-3.59349593495935
		caud_upper	13.5040650406504	-3.69918699186992
		caud_lower	13.369918699187	-4.43089430894309
		anal_post	12.4918699186992	-4.49186991869919
		anal_ant	11.9674796747967	-4.64634146341463
		pelv_1	10.2113821138211	-4.89837398373984
		pect_1	8.31707317073171	-4.72357723577236
		lower_operc	8.17073170731707	-4.70325203252033
		upper_operc	8.13821138211382	-3.90243902439024
		eye_center	7.42276422764228	-4.10162601626016
		eye_1_ant	7.25609756097561	-4.10162601626016
		eye_2	7.29268292682927	-3.97967479674797
		eye_3_dors	7.41463414634146	-3.91463414634146
		eye_4	7.56504065040651	-3.97154471544716
		eye_5_post	7.60162601626016	-4.10975609756098
		eye_6	7.54065040650407	-4.21544715447155
		eye_7_vent	7.41869918699187	-4.25609756097561
		eye_8	7.28861788617886	-4.20731707317073
	</landmarks.scaled>
	<curves.control type=list>
		<body_ant type=matrix rownames=FALSE colnames=FALSE nrow=7 ncol=2 as.numeric=TRUE >
			1668	1028
			1752	917
			1952	878
			2032	855
			2118	849
			2182	837
			2407	824
		</body_ant>
		<body_post type=matrix rownames=FALSE colnames=FALSE nrow=5 ncol=2 as.numeric=TRUE >
			2644	884
			2871	919
			3173	931
			3202	927
			3322	910
		</body_post>
		<opercle type=matrix rownames=FALSE colnames=FALSE nrow=3 ncol=2 as.numeric=TRUE >
			2010	1157
			2089	1088
			2002	960
		</opercle>
	</curves.control>
	<curves.pixel type=list>
		<body_ant type=matrix rownames=FALSE colnames=FALSE nrow=755 ncol=2 as.numeric=TRUE >
			1668	1028
			1669	1027
			1669	1026
			1670	1025
			1671	1025
			1671	1024
			1672	1023
			1673	1022
			1673	1021
			1674	1020
			1675	1020
			1675	1019
			1676	1018
			1677	1017
			1677	1016
			1678	1016
			1679	1015
			1679	1014
			1680	1013
			1681	1012
			1682	1011
			1683	1010
			1684	1009
			1685	1008
			1686	1007
			1687	1006
			1687	1005
			1688	1004
			1689	1003
			1690	1002
			1691	1001
			1692	1000
			1693	999
			1694	998
			1695	998
			1696	997
			1696	996
			1697	995
			1698	994
			1699	993
			1700	992
			1701	991
			1702	990
			1703	989
			1704	988
			1705	988
			1706	987
			1707	986
			1708	985
			1709	984
			1710	983
			1711	982
			1712	981
			1713	981
			1714	980
			1715	979
			1716	978
			1717	977
			1718	976
			1719	975
			1720	975
			1721	974
			1722	973
			1723	972
			1724	971
			1725	970
			1726	970
			1727	969
			1728	968
			1729	967
			1730	967
			1731	966
			1732	966
			1733	965
			1734	964
			1735	963
			1736	963
			1737	962
			1738	961
			1739	961
			1740	960
			1741	959
			1742	959
			1743	958
			1744	957
			1745	956
			1746	956
			1747	955
			1748	954
			1749	954
			1750	953
			1751	953
			1752	952
			1753	951
			1754	951
			1755	950
			1756	949
			1757	949
			1758	948
			1759	947
			1760	947
			1761	946
			1762	945
			1763	945
			1764	944
			1765	944
			1766	943
			1767	943
			1768	942
			1769	942
			1770	941
			1771	940
			1772	940
			1773	939
			1774	939
			1775	938
			1776	938
			1777	937
			1778	937
			1779	936
			1780	936
			1781	935
			1782	935
			1783	934
			1784	934
			1785	933
			1786	933
			1787	932
			1788	932
			1789	931
			1790	931
			1791	930
			1792	930
			1793	929
			1794	929
			1795	928
			1796	928
			1797	927
			1798	927
			1799	926
			1800	926
			1801	925
			1802	925
			1803	924
			1804	924
			1805	923
			1806	923
			1807	922
			1808	922
			1809	921
			1810	921
			1811	921
			1812	920
			1813	920
			1814	919
			1815	919
			1816	918
			1817	918
			1818	917
			1819	917
			1820	917
			1821	916
			1822	916
			1823	915
			1824	915
			1825	915
			1826	914
			1827	914
			1828	913
			1829	913
			1830	913
			1831	912
			1832	912
			1833	911
			1834	911
			1835	911
			1836	910
			1837	910
			1838	910
			1839	909
			1840	909
			1841	909
			1842	908
			1843	908
			1844	907
			1845	907
			1846	907
			1847	906
			1848	906
			1849	905
			1850	905
			1851	905
			1852	905
			1852	904
			1853	904
			1854	904
			1855	903
			1856	903
			1857	903
			1858	902
			1859	902
			1860	902
			1861	901
			1862	901
			1863	901
			1864	900
			1865	900
			1866	900
			1867	899
			1868	899
			1869	899
			1870	899
			1871	898
			1872	898
			1873	898
			1874	897
			1875	897
			1876	897
			1877	896
			1878	896
			1879	896
			1880	896
			1881	895
			1882	895
			1883	895
			1884	894
			1885	894
			1886	894
			1887	894
			1888	893
			1889	893
			1890	893
			1891	892
			1892	892
			1893	892
			1894	891
			1895	891
			1896	891
			1897	891
			1898	890
			1899	890
			1900	890
			1901	890
			1902	889
			1903	889
			1904	889
			1905	888
			1906	888
			1907	888
			1908	888
			1909	887
			1910	887
			1911	887
			1912	887
			1913	887
			1914	886
			1915	886
			1916	886
			1917	885
			1918	885
			1919	885
			1920	885
			1921	885
			1922	884
			1923	884
			1924	884
			1925	884
			1926	884
			1927	883
			1928	883
			1929	883
			1930	882
			1931	882
			1932	882
			1933	882
			1934	882
			1935	881
			1936	881
			1937	881
			1938	881
			1939	881
			1940	880
			1941	880
			1942	880
			1943	880
			1944	880
			1945	879
			1946	879
			1947	879
			1948	879
			1949	879
			1950	878
			1951	878
			1952	878
			1953	878
			1954	878
			1954	877
			1955	877
			1956	877
			1957	877
			1957	876
			1958	876
			1959	876
			1960	876
			1961	876
			1961	875
			1962	875
			1963	875
			1964	875
			1965	875
			1965	874
			1966	874
			1967	874
			1968	874
			1969	873
			1970	873
			1971	873
			1972	873
			1973	872
			1974	872
			1975	872
			1976	872
			1977	871
			1978	871
			1979	871
			1980	871
			1981	870
			1982	870
			1983	870
			1984	870
			1985	869
			1986	869
			1987	869
			1988	869
			1989	868
			1990	868
			1991	868
			1992	868
			1993	867
			1994	867
			1995	867
			1996	867
			1997	866
			1998	866
			1999	866
			2000	866
			2001	866
			2002	865
			2003	865
			2004	865
			2005	865
			2006	865
			2007	864
			2008	864
			2009	864
			2010	864
			2011	863
			2012	863
			2013	863
			2014	863
			2015	863
			2016	862
			2017	862
			2018	862
			2019	862
			2020	862
			2021	861
			2022	861
			2023	861
			2024	861
			2025	861
			2026	861
			2027	860
			2028	860
			2029	860
			2030	860
			2031	860
			2032	859
			2033	859
			2034	859
			2035	859
			2036	859
			2037	859
			2038	858
			2039	858
			2040	858
			2041	858
			2042	858
			2043	858
			2044	857
			2045	857
			2046	857
			2047	857
			2048	857
			2049	857
			2050	857
			2051	856
			2052	856
			2053	856
			2054	856
			2055	856
			2056	856
			2057	856
			2057	855
			2058	855
			2059	855
			2060	855
			2061	855
			2062	855
			2063	855
			2064	855
			2065	854
			2066	854
			2067	854
			2068	854
			2069	854
			2070	854
			2071	854
			2072	854
			2073	853
			2074	853
			2075	853
			2076	853
			2077	853
			2078	853
			2079	853
			2080	852
			2081	852
			2082	852
			2083	852
			2084	852
			2085	852
			2086	852
			2087	852
			2088	852
			2089	852
			2090	851
			2091	851
			2092	851
			2093	851
			2094	851
			2095	851
			2096	851
			2097	851
			2098	851
			2099	851
			2100	850
			2101	850
			2102	850
			2103	850
			2104	850
			2105	850
			2106	850
			2107	850
			2108	850
			2109	850
			2110	850
			2111	850
			2112	849
			2113	849
			2114	849
			2115	849
			2116	849
			2117	849
			2118	849
			2119	849
			2120	849
			2121	848
			2122	848
			2123	848
			2124	848
			2125	848
			2126	848
			2127	847
			2128	847
			2129	847
			2130	847
			2131	847
			2132	847
			2133	846
			2134	846
			2135	846
			2136	846
			2137	846
			2138	846
			2139	846
			2140	845
			2141	845
			2142	845
			2143	845
			2144	845
			2145	845
			2146	845
			2147	845
			2148	844
			2149	844
			2150	844
			2151	844
			2152	844
			2153	844
			2154	844
			2155	843
			2156	843
			2157	843
			2158	843
			2159	843
			2160	843
			2161	843
			2162	843
			2163	843
			2164	843
			2164	842
			2165	842
			2166	842
			2167	842
			2168	842
			2169	842
			2170	842
			2171	842
			2172	842
			2173	841
			2174	841
			2175	841
			2176	841
			2177	841
			2178	841
			2179	841
			2180	841
			2181	841
			2182	841
			2183	840
			2184	840
			2185	840
			2186	840
			2187	840
			2188	840
			2189	840
			2190	840
			2191	840
			2192	840
			2193	839
			2194	839
			2195	839
			2196	839
			2197	839
			2198	839
			2199	839
			2200	839
			2201	839
			2202	839
			2203	838
			2204	838
			2205	838
			2206	838
			2207	838
			2208	838
			2209	838
			2210	838
			2211	838
			2212	838
			2213	838
			2214	837
			2215	837
			2216	837
			2217	837
			2218	837
			2219	837
			2220	837
			2221	837
			2222	837
			2223	837
			2224	837
			2225	837
			2226	836
			2227	836
			2228	836
			2229	836
			2230	836
			2231	836
			2232	836
			2233	836
			2234	836
			2235	836
			2236	836
			2237	835
			2238	835
			2239	835
			2240	835
			2241	835
			2242	835
			2243	835
			2244	835
			2245	835
			2246	835
			2247	835
			2248	835
			2249	835
			2250	834
			2251	834
			2252	834
			2253	834
			2254	834
			2255	834
			2256	834
			2257	834
			2258	834
			2259	834
			2260	834
			2261	834
			2262	834
			2263	833
			2264	833
			2265	833
			2266	833
			2267	833
			2268	833
			2269	833
			2270	833
			2271	833
			2272	833
			2273	833
			2274	833
			2275	833
			2276	833
			2277	832
			2278	832
			2279	832
			2280	832
			2281	832
			2282	832
			2283	832
			2284	832
			2285	832
			2286	832
			2287	832
			2288	832
			2289	832
			2290	831
			2291	831
			2292	831
			2293	831
			2294	831
			2295	831
			2296	831
			2297	831
			2298	831
			2299	831
			2300	831
			2301	831
			2302	831
			2303	831
			2304	830
			2305	830
			2306	830
			2307	830
			2308	830
			2309	830
			2310	830
			2311	830
			2312	830
			2313	830
			2314	830
			2315	830
			2316	830
			2317	830
			2318	830
			2319	829
			2320	829
			2321	829
			2322	829
			2323	829
			2324	829
			2325	829
			2326	829
			2327	829
			2328	829
			2329	829
			2330	829
			2331	829
			2332	829
			2333	829
			2334	828
			2335	828
			2336	828
			2337	828
			2338	828
			2339	828
			2340	828
			2341	828
			2342	828
			2343	828
			2344	828
			2345	828
			2346	828
			2347	828
			2348	828
			2349	828
			2350	827
			2351	827
			2352	827
			2353	827
			2354	827
			2355	827
			2356	827
			2357	827
			2358	827
			2359	827
			2360	827
			2361	827
			2362	827
			2363	827
			2364	827
			2365	826
			2366	826
			2367	826
			2368	826
			2369	826
			2370	826
			2371	826
			2372	826
			2373	826
			2374	826
			2375	826
			2376	826
			2377	826
			2378	826
			2379	826
			2380	826
			2381	826
			2382	825
			2383	825
			2384	825
			2385	825
			2386	825
			2387	825
			2388	825
			2389	825
			2390	825
			2391	825
			2392	825
			2393	825
			2394	825
			2395	825
			2396	825
			2397	825
			2398	825
			2399	824
			2400	824
			2401	824
			2402	824
			2403	824
			2404	824
			2405	824
			2406	824
			2407	824
		</body_ant>
		<body_post type=matrix rownames=FALSE colnames=FALSE nrow=682 ncol=2 as.numeric=TRUE >
			2644	884
			2645	884
			2646	884
			2647	884
			2648	885
			2649	885
			2650	885
			2651	885
			2652	885
			2653	885
			2654	886
			2655	886
			2656	886
			2657	886
			2658	886
			2659	886
			2660	886
			2661	887
			2662	887
			2663	887
			2664	887
			2665	887
			2666	887
			2667	887
			2668	888
			2669	888
			2670	888
			2671	888
			2672	888
			2673	888
			2674	888
			2675	889
			2676	889
			2677	889
			2678	889
			2679	889
			2680	889
			2681	889
			2682	890
			2683	890
			2684	890
			2685	890
			2686	890
			2687	890
			2688	891
			2689	891
			2690	891
			2691	891
			2692	891
			2693	891
			2694	891
			2695	891
			2696	892
			2697	892
			2698	892
			2699	892
			2700	892
			2701	892
			2702	892
			2703	893
			2704	893
			2705	893
			2706	893
			2707	893
			2708	893
			2709	893
			2710	894
			2711	894
			2712	894
			2713	894
			2714	894
			2715	894
			2716	894
			2717	894
			2718	895
			2719	895
			2720	895
			2721	895
			2722	895
			2723	895
			2724	895
			2725	895
			2726	896
			2727	896
			2728	896
			2729	896
			2730	896
			2731	896
			2732	896
			2733	896
			2733	897
			2734	897
			2735	897
			2736	897
			2737	897
			2738	897
			2739	897
			2740	897
			2741	897
			2742	898
			2743	898
			2744	898
			2745	898
			2746	898
			2747	898
			2748	898
			2749	898
			2750	899
			2751	899
			2752	899
			2753	899
			2754	899
			2755	899
			2756	899
			2757	899
			2758	900
			2759	900
			2760	900
			2761	900
			2762	900
			2763	900
			2764	900
			2765	900
			2766	901
			2767	901
			2768	901
			2769	901
			2770	901
			2771	901
			2772	901
			2773	901
			2774	901
			2775	902
			2776	902
			2777	902
			2778	902
			2779	902
			2780	902
			2781	902
			2782	902
			2783	903
			2784	903
			2785	903
			2786	903
			2787	903
			2788	903
			2789	903
			2790	903
			2791	903
			2792	904
			2793	904
			2794	904
			2795	904
			2796	904
			2797	904
			2798	904
			2799	904
			2800	904
			2801	905
			2802	905
			2803	905
			2804	905
			2805	905
			2806	905
			2807	905
			2808	905
			2809	905
			2810	905
			2811	906
			2812	906
			2813	906
			2814	906
			2815	906
			2816	906
			2817	906
			2818	906
			2819	906
			2820	907
			2821	907
			2822	907
			2823	907
			2824	907
			2825	907
			2826	907
			2827	907
			2828	907
			2829	907
			2830	908
			2831	908
			2832	908
			2833	908
			2834	908
			2835	908
			2836	908
			2837	908
			2838	908
			2839	908
			2840	909
			2841	909
			2842	909
			2843	909
			2844	909
			2845	909
			2846	909
			2847	909
			2848	909
			2849	909
			2850	910
			2851	910
			2852	910
			2853	910
			2854	910
			2855	910
			2856	910
			2857	910
			2858	910
			2859	910
			2860	910
			2861	911
			2862	911
			2863	911
			2864	911
			2865	911
			2866	911
			2867	911
			2868	911
			2869	911
			2870	911
			2871	912
			2872	912
			2873	912
			2874	912
			2875	912
			2876	912
			2877	912
			2878	912
			2879	912
			2880	912
			2881	912
			2882	913
			2883	913
			2884	913
			2885	913
			2886	913
			2887	913
			2888	913
			2889	913
			2890	913
			2891	913
			2892	913
			2893	914
			2894	914
			2895	914
			2896	914
			2897	914
			2898	914
			2899	914
			2900	914
			2901	914
			2902	914
			2903	914
			2904	914
			2905	915
			2906	915
			2907	915
			2908	915
			2909	915
			2910	915
			2911	915
			2912	915
			2913	915
			2914	915
			2915	915
			2916	915
			2917	916
			2918	916
			2919	916
			2920	916
			2921	916
			2922	916
			2923	916
			2924	916
			2925	916
			2926	916
			2927	916
			2928	916
			2929	917
			2930	917
			2931	917
			2932	917
			2933	917
			2934	917
			2935	917
			2936	917
			2937	917
			2938	917
			2939	917
			2940	917
			2941	918
			2942	918
			2943	918
			2944	918
			2945	918
			2946	918
			2947	918
			2948	918
			2949	918
			2950	918
			2951	918
			2952	918
			2953	918
			2954	919
			2955	919
			2956	919
			2957	919
			2958	919
			2959	919
			2960	919
			2961	919
			2962	919
			2963	919
			2964	919
			2965	919
			2966	919
			2967	920
			2968	920
			2969	920
			2970	920
			2971	920
			2972	920
			2973	920
			2974	920
			2975	920
			2976	920
			2977	920
			2978	920
			2979	920
			2980	920
			2981	921
			2982	921
			2983	921
			2984	921
			2985	921
			2986	921
			2987	921
			2988	921
			2989	921
			2990	921
			2991	921
			2992	921
			2993	921
			2994	921
			2995	921
			2996	922
			2997	922
			2998	922
			2999	922
			3000	922
			3001	922
			3002	922
			3003	922
			3004	922
			3005	922
			3006	922
			3007	922
			3008	922
			3009	922
			3010	922
			3011	923
			3012	923
			3013	923
			3014	923
			3015	923
			3016	923
			3017	923
			3018	923
			3019	923
			3020	923
			3021	923
			3022	923
			3023	923
			3024	923
			3025	923
			3026	924
			3027	924
			3028	924
			3029	924
			3030	924
			3031	924
			3032	924
			3033	924
			3034	924
			3035	924
			3036	924
			3037	924
			3038	924
			3039	924
			3040	924
			3041	924
			3042	924
			3043	925
			3044	925
			3045	925
			3046	925
			3047	925
			3048	925
			3049	925
			3050	925
			3051	925
			3052	925
			3053	925
			3054	925
			3055	925
			3056	925
			3057	925
			3058	925
			3059	925
			3060	926
			3061	926
			3062	926
			3063	926
			3064	926
			3065	926
			3066	926
			3067	926
			3068	926
			3069	926
			3070	926
			3071	926
			3072	926
			3073	926
			3074	926
			3075	926
			3076	926
			3077	927
			3078	927
			3079	927
			3080	927
			3081	927
			3082	927
			3083	927
			3084	927
			3085	927
			3086	927
			3087	927
			3088	927
			3089	927
			3090	927
			3091	927
			3092	927
			3093	927
			3094	927
			3095	927
			3096	928
			3097	928
			3098	928
			3099	928
			3100	928
			3101	928
			3102	928
			3103	928
			3104	928
			3105	928
			3106	928
			3107	928
			3108	928
			3109	928
			3110	928
			3111	928
			3112	928
			3113	928
			3114	928
			3115	928
			3116	928
			3116	929
			3117	929
			3118	929
			3119	929
			3120	929
			3121	929
			3122	929
			3123	929
			3124	929
			3125	929
			3126	929
			3127	929
			3128	929
			3129	929
			3130	929
			3131	929
			3132	929
			3133	929
			3134	929
			3135	929
			3136	929
			3137	929
			3138	930
			3139	930
			3140	930
			3141	930
			3142	930
			3143	930
			3144	930
			3145	930
			3146	930
			3147	930
			3148	930
			3149	930
			3150	930
			3151	930
			3152	930
			3153	930
			3154	930
			3155	930
			3156	930
			3157	930
			3158	930
			3159	930
			3160	930
			3161	930
			3162	931
			3163	931
			3164	931
			3165	931
			3166	931
			3167	931
			3168	931
			3169	931
			3170	931
			3171	931
			3172	931
			3173	931
			3174	931
			3175	931
			3176	931
			3177	930
			3178	930
			3179	930
			3180	930
			3181	930
			3182	930
			3183	930
			3184	929
			3185	929
			3186	929
			3187	929
			3188	929
			3189	929
			3190	929
			3191	929
			3192	928
			3193	928
			3194	928
			3195	928
			3196	928
			3197	928
			3198	928
			3199	927
			3200	927
			3201	927
			3202	927
			3203	927
			3204	927
			3205	927
			3205	926
			3206	926
			3207	926
			3208	926
			3209	926
			3210	926
			3211	926
			3212	926
			3213	925
			3214	925
			3215	925
			3216	925
			3217	925
			3218	925
			3219	924
			3220	924
			3221	924
			3222	924
			3223	924
			3224	924
			3225	924
			3226	924
			3227	923
			3228	923
			3229	923
			3230	923
			3231	923
			3232	923
			3233	923
			3234	922
			3235	922
			3236	922
			3237	922
			3238	922
			3239	922
			3240	922
			3241	921
			3242	921
			3243	921
			3244	921
			3245	921
			3246	921
			3247	921
			3248	920
			3249	920
			3250	920
			3251	920
			3252	920
			3253	920
			3254	920
			3255	919
			3256	919
			3257	919
			3258	919
			3259	919
			3260	919
			3261	919
			3262	918
			3263	918
			3264	918
			3265	918
			3266	918
			3267	918
			3268	918
			3269	917
			3270	917
			3271	917
			3272	917
			3273	917
			3274	917
			3275	917
			3276	916
			3277	916
			3278	916
			3279	916
			3280	916
			3281	916
			3282	916
			3283	916
			3284	915
			3285	915
			3286	915
			3287	915
			3288	915
			3289	915
			3290	915
			3291	914
			3292	914
			3293	914
			3294	914
			3295	914
			3296	914
			3297	914
			3298	913
			3299	913
			3300	913
			3301	913
			3302	913
			3303	913
			3304	913
			3305	912
			3306	912
			3307	912
			3308	912
			3309	912
			3310	912
			3311	912
			3312	911
			3313	911
			3314	911
			3315	911
			3316	911
			3317	911
			3318	911
			3319	910
			3320	910
			3321	910
			3322	910
		</body_post>
		<opercle type=matrix rownames=FALSE colnames=FALSE nrow=213 ncol=2 as.numeric=TRUE >
			2010	1157
			2011	1156
			2012	1155
			2013	1154
			2014	1154
			2015	1153
			2015	1152
			2016	1151
			2017	1150
			2018	1150
			2019	1149
			2019	1148
			2020	1147
			2021	1146
			2022	1146
			2022	1145
			2023	1144
			2024	1143
			2024	1142
			2025	1142
			2026	1141
			2026	1140
			2027	1139
			2028	1138
			2028	1137
			2029	1137
			2029	1136
			2030	1135
			2031	1134
			2031	1133
			2032	1132
			2032	1131
			2033	1131
			2033	1130
			2034	1129
			2034	1128
			2035	1127
			2035	1126
			2036	1125
			2036	1124
			2037	1123
			2038	1122
			2038	1121
			2039	1120
			2039	1119
			2040	1118
			2040	1117
			2040	1116
			2041	1115
			2041	1114
			2041	1113
			2042	1112
			2042	1111
			2043	1110
			2043	1109
			2043	1108
			2044	1107
			2044	1106
			2044	1105
			2044	1104
			2045	1103
			2045	1102
			2045	1101
			2045	1100
			2046	1099
			2046	1098
			2046	1097
			2046	1096
			2046	1095
			2046	1094
			2047	1093
			2047	1092
			2047	1091
			2047	1090
			2047	1089
			2047	1088
			2047	1087
			2047	1086
			2047	1085
			2047	1084
			2047	1083
			2048	1082
			2048	1081
			2048	1080
			2048	1079
			2048	1078
			2048	1077
			2048	1076
			2048	1075
			2048	1074
			2048	1073
			2047	1072
			2047	1071
			2047	1070
			2047	1069
			2047	1068
			2047	1067
			2047	1066
			2047	1065
			2047	1064
			2047	1063
			2047	1062
			2046	1061
			2046	1060
			2046	1059
			2046	1058
			2046	1057
			2046	1056
			2045	1055
			2045	1054
			2045	1053
			2045	1052
			2045	1051
			2044	1050
			2044	1049
			2044	1048
			2044	1047
			2044	1046
			2043	1046
			2043	1045
			2043	1044
			2043	1043
			2043	1042
			2042	1042
			2042	1041
			2042	1040
			2042	1039
			2041	1038
			2041	1037
			2041	1036
			2040	1035
			2040	1034
			2040	1033
			2039	1032
			2039	1031
			2039	1030
			2038	1029
			2038	1028
			2038	1027
			2037	1026
			2037	1025
			2037	1024
			2036	1023
			2036	1022
			2035	1021
			2035	1020
			2035	1019
			2034	1018
			2034	1017
			2033	1016
			2033	1015
			2033	1014
			2032	1013
			2032	1012
			2031	1011
			2031	1010
			2030	1009
			2030	1008
			2029	1007
			2029	1006
			2028	1005
			2028	1004
			2027	1003
			2027	1002
			2026	1001
			2026	1000
			2025	999
			2025	998
			2024	997
			2024	996
			2023	995
			2022	994
			2022	993
			2022	992
			2021	992
			2021	991
			2021	990
			2020	990
			2020	989
			2020	988
			2019	988
			2019	987
			2019	986
			2018	986
			2018	985
			2017	985
			2017	984
			2017	983
			2016	983
			2016	982
			2016	981
			2015	981
			2015	980
			2014	979
			2014	978
			2013	977
			2012	976
			2012	975
			2011	974
			2010	973
			2010	972
			2009	971
			2009	970
			2008	969
			2007	968
			2007	967
			2006	966
			2005	965
			2005	964
			2004	963
			2004	962
			2003	961
			2002	960
		</opercle>
	</curves.pixel>
	<curves.scaled type=list>
		<body_ant type=matrix rownames=FALSE colnames=FALSE nrow=755 ncol=2 as.numeric=TRUE >
			6.78048780487805	-4.17886178861789
			6.78455284552846	-4.17479674796748
			6.78455284552846	-4.17073170731707
			6.78861788617886	-4.16666666666667
			6.79268292682927	-4.16666666666667
			6.79268292682927	-4.16260162601626
			6.79674796747968	-4.15853658536585
			6.80081300813008	-4.15447154471545
			6.80081300813008	-4.15040650406504
			6.80487804878049	-4.14634146341463
			6.80894308943089	-4.14634146341463
			6.80894308943089	-4.14227642276423
			6.8130081300813	-4.13821138211382
			6.81707317073171	-4.13414634146342
			6.81707317073171	-4.13008130081301
			6.82113821138211	-4.13008130081301
			6.82520325203252	-4.1260162601626
			6.82520325203252	-4.1219512195122
			6.82926829268293	-4.11788617886179
			6.83333333333333	-4.11382113821138
			6.83739837398374	-4.10975609756098
			6.84146341463415	-4.10569105691057
			6.84552845528455	-4.10162601626016
			6.84959349593496	-4.09756097560976
			6.85365853658537	-4.09349593495935
			6.85772357723577	-4.08943089430894
			6.85772357723577	-4.08536585365854
			6.86178861788618	-4.08130081300813
			6.86585365853659	-4.07723577235772
			6.86991869918699	-4.07317073170732
			6.8739837398374	-4.06910569105691
			6.87804878048781	-4.0650406504065
			6.88211382113821	-4.0609756097561
			6.88617886178862	-4.05691056910569
			6.89024390243902	-4.05691056910569
			6.89430894308943	-4.05284552845529
			6.89430894308943	-4.04878048780488
			6.89837398373984	-4.04471544715447
			6.90243902439024	-4.04065040650407
			6.90650406504065	-4.03658536585366
			6.91056910569106	-4.03252032520325
			6.91463414634146	-4.02845528455285
			6.91869918699187	-4.02439024390244
			6.92276422764228	-4.02032520325203
			6.92682926829268	-4.01626016260163
			6.93089430894309	-4.01626016260163
			6.9349593495935	-4.01219512195122
			6.9390243902439	-4.00813008130081
			6.94308943089431	-4.00406504065041
			6.94715447154472	-4
			6.95121951219512	-3.99593495934959
			6.95528455284553	-3.99186991869919
			6.95934959349594	-3.98780487804878
			6.96341463414634	-3.98780487804878
			6.96747967479675	-3.98373983739837
			6.97154471544716	-3.97967479674797
			6.97560975609756	-3.97560975609756
			6.97967479674797	-3.97154471544716
			6.98373983739837	-3.96747967479675
			6.98780487804878	-3.96341463414634
			6.99186991869919	-3.96341463414634
			6.99593495934959	-3.95934959349594
			7	-3.95528455284553
			7.00406504065041	-3.95121951219512
			7.00813008130081	-3.94715447154472
			7.01219512195122	-3.94308943089431
			7.01626016260163	-3.94308943089431
			7.02032520325203	-3.9390243902439
			7.02439024390244	-3.9349593495935
			7.02845528455285	-3.93089430894309
			7.03252032520325	-3.93089430894309
			7.03658536585366	-3.92682926829268
			7.04065040650407	-3.92682926829268
			7.04471544715447	-3.92276422764228
			7.04878048780488	-3.91869918699187
			7.05284552845529	-3.91463414634146
			7.05691056910569	-3.91463414634146
			7.0609756097561	-3.91056910569106
			7.0650406504065	-3.90650406504065
			7.06910569105691	-3.90650406504065
			7.07317073170732	-3.90243902439024
			7.07723577235772	-3.89837398373984
			7.08130081300813	-3.89837398373984
			7.08536585365854	-3.89430894308943
			7.08943089430894	-3.89024390243902
			7.09349593495935	-3.88617886178862
			7.09756097560976	-3.88617886178862
			7.10162601626016	-3.88211382113821
			7.10569105691057	-3.87804878048781
			7.10975609756098	-3.87804878048781
			7.11382113821138	-3.8739837398374
			7.11788617886179	-3.8739837398374
			7.1219512195122	-3.86991869918699
			7.1260162601626	-3.86585365853659
			7.13008130081301	-3.86585365853659
			7.13414634146342	-3.86178861788618
			7.13821138211382	-3.85772357723577
			7.14227642276423	-3.85772357723577
			7.14634146341464	-3.85365853658537
			7.15040650406504	-3.84959349593496
			7.15447154471545	-3.84959349593496
			7.15853658536585	-3.84552845528455
			7.16260162601626	-3.84146341463415
			7.16666666666667	-3.84146341463415
			7.17073170731707	-3.83739837398374
			7.17479674796748	-3.83739837398374
			7.17886178861789	-3.83333333333333
			7.18292682926829	-3.83333333333333
			7.1869918699187	-3.82926829268293
			7.19105691056911	-3.82926829268293
			7.19512195121951	-3.82520325203252
			7.19918699186992	-3.82113821138211
			7.20325203252033	-3.82113821138211
			7.20731707317073	-3.81707317073171
			7.21138211382114	-3.81707317073171
			7.21544715447155	-3.8130081300813
			7.21951219512195	-3.8130081300813
			7.22357723577236	-3.80894308943089
			7.22764227642277	-3.80894308943089
			7.23170731707317	-3.80487804878049
			7.23577235772358	-3.80487804878049
			7.23983739837398	-3.80081300813008
			7.24390243902439	-3.80081300813008
			7.2479674796748	-3.79674796747968
			7.2520325203252	-3.79674796747968
			7.25609756097561	-3.79268292682927
			7.26016260162602	-3.79268292682927
			7.26422764227642	-3.78861788617886
			7.26829268292683	-3.78861788617886
			7.27235772357724	-3.78455284552846
			7.27642276422764	-3.78455284552846
			7.28048780487805	-3.78048780487805
			7.28455284552846	-3.78048780487805
			7.28861788617886	-3.77642276422764
			7.29268292682927	-3.77642276422764
			7.29674796747968	-3.77235772357724
			7.30081300813008	-3.77235772357724
			7.30487804878049	-3.76829268292683
			7.30894308943089	-3.76829268292683
			7.3130081300813	-3.76422764227642
			7.31707317073171	-3.76422764227642
			7.32113821138211	-3.76016260162602
			7.32520325203252	-3.76016260162602
			7.32926829268293	-3.75609756097561
			7.33333333333333	-3.75609756097561
			7.33739837398374	-3.7520325203252
			7.34146341463415	-3.7520325203252
			7.34552845528455	-3.7479674796748
			7.34959349593496	-3.7479674796748
			7.35365853658537	-3.74390243902439
			7.35772357723577	-3.74390243902439
			7.36178861788618	-3.74390243902439
			7.36585365853659	-3.73983739837398
			7.36991869918699	-3.73983739837398
			7.3739837398374	-3.73577235772358
			7.37804878048781	-3.73577235772358
			7.38211382113821	-3.73170731707317
			7.38617886178862	-3.73170731707317
			7.39024390243902	-3.72764227642276
			7.39430894308943	-3.72764227642276
			7.39837398373984	-3.72764227642276
			7.40243902439024	-3.72357723577236
			7.40650406504065	-3.72357723577236
			7.41056910569106	-3.71951219512195
			7.41463414634146	-3.71951219512195
			7.41869918699187	-3.71951219512195
			7.42276422764228	-3.71544715447155
			7.42682926829268	-3.71544715447155
			7.43089430894309	-3.71138211382114
			7.4349593495935	-3.71138211382114
			7.4390243902439	-3.71138211382114
			7.44308943089431	-3.70731707317073
			7.44715447154472	-3.70731707317073
			7.45121951219512	-3.70325203252033
			7.45528455284553	-3.70325203252033
			7.45934959349594	-3.70325203252033
			7.46341463414634	-3.69918699186992
			7.46747967479675	-3.69918699186992
			7.47154471544716	-3.69918699186992
			7.47560975609756	-3.69512195121951
			7.47967479674797	-3.69512195121951
			7.48373983739837	-3.69512195121951
			7.48780487804878	-3.69105691056911
			7.49186991869919	-3.69105691056911
			7.49593495934959	-3.6869918699187
			7.5	-3.6869918699187
			7.50406504065041	-3.6869918699187
			7.50813008130081	-3.68292682926829
			7.51219512195122	-3.68292682926829
			7.51626016260163	-3.67886178861789
			7.52032520325203	-3.67886178861789
			7.52439024390244	-3.67886178861789
			7.52845528455285	-3.67886178861789
			7.52845528455285	-3.67479674796748
			7.53252032520325	-3.67479674796748
			7.53658536585366	-3.67479674796748
			7.54065040650407	-3.67073170731707
			7.54471544715447	-3.67073170731707
			7.54878048780488	-3.67073170731707
			7.55284552845529	-3.66666666666667
			7.55691056910569	-3.66666666666667
			7.5609756097561	-3.66666666666667
			7.56504065040651	-3.66260162601626
			7.56910569105691	-3.66260162601626
			7.57317073170732	-3.66260162601626
			7.57723577235772	-3.65853658536585
			7.58130081300813	-3.65853658536585
			7.58536585365854	-3.65853658536585
			7.58943089430894	-3.65447154471545
			7.59349593495935	-3.65447154471545
			7.59756097560976	-3.65447154471545
			7.60162601626016	-3.65447154471545
			7.60569105691057	-3.65040650406504
			7.60975609756098	-3.65040650406504
			7.61382113821138	-3.65040650406504
			7.61788617886179	-3.64634146341463
			7.6219512195122	-3.64634146341463
			7.6260162601626	-3.64634146341463
			7.63008130081301	-3.64227642276423
			7.63414634146342	-3.64227642276423
			7.63821138211382	-3.64227642276423
			7.64227642276423	-3.64227642276423
			7.64634146341464	-3.63821138211382
			7.65040650406504	-3.63821138211382
			7.65447154471545	-3.63821138211382
			7.65853658536585	-3.63414634146342
			7.66260162601626	-3.63414634146342
			7.66666666666667	-3.63414634146342
			7.67073170731707	-3.63414634146342
			7.67479674796748	-3.63008130081301
			7.67886178861789	-3.63008130081301
			7.68292682926829	-3.63008130081301
			7.6869918699187	-3.6260162601626
			7.69105691056911	-3.6260162601626
			7.69512195121951	-3.6260162601626
			7.69918699186992	-3.6219512195122
			7.70325203252033	-3.6219512195122
			7.70731707317073	-3.6219512195122
			7.71138211382114	-3.6219512195122
			7.71544715447155	-3.61788617886179
			7.71951219512195	-3.61788617886179
			7.72357723577236	-3.61788617886179
			7.72764227642277	-3.61788617886179
			7.73170731707317	-3.61382113821138
			7.73577235772358	-3.61382113821138
			7.73983739837398	-3.61382113821138
			7.74390243902439	-3.60975609756098
			7.7479674796748	-3.60975609756098
			7.7520325203252	-3.60975609756098
			7.75609756097561	-3.60975609756098
			7.76016260162602	-3.60569105691057
			7.76422764227642	-3.60569105691057
			7.76829268292683	-3.60569105691057
			7.77235772357724	-3.60569105691057
			7.77642276422764	-3.60569105691057
			7.78048780487805	-3.60162601626016
			7.78455284552846	-3.60162601626016
			7.78861788617886	-3.60162601626016
			7.79268292682927	-3.59756097560976
			7.79674796747968	-3.59756097560976
			7.80081300813008	-3.59756097560976
			7.80487804878049	-3.59756097560976
			7.80894308943089	-3.59756097560976
			7.8130081300813	-3.59349593495935
			7.81707317073171	-3.59349593495935
			7.82113821138211	-3.59349593495935
			7.82520325203252	-3.59349593495935
			7.82926829268293	-3.59349593495935
			7.83333333333333	-3.58943089430894
			7.83739837398374	-3.58943089430894
			7.84146341463415	-3.58943089430894
			7.84552845528455	-3.58536585365854
			7.84959349593496	-3.58536585365854
			7.85365853658537	-3.58536585365854
			7.85772357723577	-3.58536585365854
			7.86178861788618	-3.58536585365854
			7.86585365853659	-3.58130081300813
			7.86991869918699	-3.58130081300813
			7.8739837398374	-3.58130081300813
			7.87804878048781	-3.58130081300813
			7.88211382113821	-3.58130081300813
			7.88617886178862	-3.57723577235772
			7.89024390243903	-3.57723577235772
			7.89430894308943	-3.57723577235772
			7.89837398373984	-3.57723577235772
			7.90243902439024	-3.57723577235772
			7.90650406504065	-3.57317073170732
			7.91056910569106	-3.57317073170732
			7.91463414634146	-3.57317073170732
			7.91869918699187	-3.57317073170732
			7.92276422764228	-3.57317073170732
			7.92682926829268	-3.56910569105691
			7.93089430894309	-3.56910569105691
			7.9349593495935	-3.56910569105691
			7.9390243902439	-3.56910569105691
			7.94308943089431	-3.56910569105691
			7.94308943089431	-3.5650406504065
			7.94715447154472	-3.5650406504065
			7.95121951219512	-3.5650406504065
			7.95528455284553	-3.5650406504065
			7.95528455284553	-3.5609756097561
			7.95934959349594	-3.5609756097561
			7.96341463414634	-3.5609756097561
			7.96747967479675	-3.5609756097561
			7.97154471544716	-3.5609756097561
			7.97154471544716	-3.55691056910569
			7.97560975609756	-3.55691056910569
			7.97967479674797	-3.55691056910569
			7.98373983739837	-3.55691056910569
			7.98780487804878	-3.55691056910569
			7.98780487804878	-3.55284552845528
			7.99186991869919	-3.55284552845528
			7.99593495934959	-3.55284552845528
			8	-3.55284552845528
			8.00406504065041	-3.54878048780488
			8.00813008130081	-3.54878048780488
			8.01219512195122	-3.54878048780488
			8.01626016260163	-3.54878048780488
			8.02032520325203	-3.54471544715447
			8.02439024390244	-3.54471544715447
			8.02845528455285	-3.54471544715447
			8.03252032520325	-3.54471544715447
			8.03658536585366	-3.54065040650407
			8.04065040650407	-3.54065040650407
			8.04471544715447	-3.54065040650407
			8.04878048780488	-3.54065040650407
			8.05284552845529	-3.53658536585366
			8.05691056910569	-3.53658536585366
			8.0609756097561	-3.53658536585366
			8.06504065040651	-3.53658536585366
			8.06910569105691	-3.53252032520325
			8.07317073170732	-3.53252032520325
			8.07723577235772	-3.53252032520325
			8.08130081300813	-3.53252032520325
			8.08536585365854	-3.52845528455285
			8.08943089430894	-3.52845528455285
			8.09349593495935	-3.52845528455285
			8.09756097560976	-3.52845528455285
			8.10162601626016	-3.52439024390244
			8.10569105691057	-3.52439024390244
			8.10975609756098	-3.52439024390244
			8.11382113821138	-3.52439024390244
			8.11788617886179	-3.52032520325203
			8.1219512195122	-3.52032520325203
			8.1260162601626	-3.52032520325203
			8.13008130081301	-3.52032520325203
			8.13414634146342	-3.52032520325203
			8.13821138211382	-3.51626016260163
			8.14227642276423	-3.51626016260163
			8.14634146341463	-3.51626016260163
			8.15040650406504	-3.51626016260163
			8.15447154471545	-3.51626016260163
			8.15853658536586	-3.51219512195122
			8.16260162601626	-3.51219512195122
			8.16666666666667	-3.51219512195122
			8.17073170731707	-3.51219512195122
			8.17479674796748	-3.50813008130081
			8.17886178861789	-3.50813008130081
			8.18292682926829	-3.50813008130081
			8.1869918699187	-3.50813008130081
			8.19105691056911	-3.50813008130081
			8.19512195121951	-3.50406504065041
			8.19918699186992	-3.50406504065041
			8.20325203252033	-3.50406504065041
			8.20731707317073	-3.50406504065041
			8.21138211382114	-3.50406504065041
			8.21544715447155	-3.5
			8.21951219512195	-3.5
			8.22357723577236	-3.5
			8.22764227642277	-3.5
			8.23170731707317	-3.5
			8.23577235772358	-3.5
			8.23983739837398	-3.49593495934959
			8.24390243902439	-3.49593495934959
			8.2479674796748	-3.49593495934959
			8.2520325203252	-3.49593495934959
			8.25609756097561	-3.49593495934959
			8.26016260162602	-3.49186991869919
			8.26422764227642	-3.49186991869919
			8.26829268292683	-3.49186991869919
			8.27235772357724	-3.49186991869919
			8.27642276422764	-3.49186991869919
			8.28048780487805	-3.49186991869919
			8.28455284552846	-3.48780487804878
			8.28861788617886	-3.48780487804878
			8.29268292682927	-3.48780487804878
			8.29674796747967	-3.48780487804878
			8.30081300813008	-3.48780487804878
			8.30487804878049	-3.48780487804878
			8.3089430894309	-3.48373983739837
			8.3130081300813	-3.48373983739837
			8.31707317073171	-3.48373983739837
			8.32113821138211	-3.48373983739837
			8.32520325203252	-3.48373983739837
			8.32926829268293	-3.48373983739837
			8.33333333333333	-3.48373983739837
			8.33739837398374	-3.47967479674797
			8.34146341463415	-3.47967479674797
			8.34552845528455	-3.47967479674797
			8.34959349593496	-3.47967479674797
			8.35365853658537	-3.47967479674797
			8.35772357723577	-3.47967479674797
			8.36178861788618	-3.47967479674797
			8.36178861788618	-3.47560975609756
			8.36585365853659	-3.47560975609756
			8.36991869918699	-3.47560975609756
			8.3739837398374	-3.47560975609756
			8.37804878048781	-3.47560975609756
			8.38211382113821	-3.47560975609756
			8.38617886178862	-3.47560975609756
			8.39024390243902	-3.47560975609756
			8.39430894308943	-3.47154471544716
			8.39837398373984	-3.47154471544716
			8.40243902439025	-3.47154471544716
			8.40650406504065	-3.47154471544716
			8.41056910569106	-3.47154471544716
			8.41463414634146	-3.47154471544716
			8.41869918699187	-3.47154471544716
			8.42276422764228	-3.47154471544716
			8.42682926829268	-3.46747967479675
			8.43089430894309	-3.46747967479675
			8.4349593495935	-3.46747967479675
			8.4390243902439	-3.46747967479675
			8.44308943089431	-3.46747967479675
			8.44715447154472	-3.46747967479675
			8.45121951219512	-3.46747967479675
			8.45528455284553	-3.46341463414634
			8.45934959349594	-3.46341463414634
			8.46341463414634	-3.46341463414634
			8.46747967479675	-3.46341463414634
			8.47154471544716	-3.46341463414634
			8.47560975609756	-3.46341463414634
			8.47967479674797	-3.46341463414634
			8.48373983739837	-3.46341463414634
			8.48780487804878	-3.46341463414634
			8.49186991869919	-3.46341463414634
			8.49593495934959	-3.45934959349594
			8.5	-3.45934959349594
			8.50406504065041	-3.45934959349594
			8.50813008130081	-3.45934959349594
			8.51219512195122	-3.45934959349594
			8.51626016260163	-3.45934959349594
			8.52032520325203	-3.45934959349594
			8.52439024390244	-3.45934959349594
			8.52845528455285	-3.45934959349594
			8.53252032520325	-3.45934959349594
			8.53658536585366	-3.45528455284553
			8.54065040650407	-3.45528455284553
			8.54471544715447	-3.45528455284553
			8.54878048780488	-3.45528455284553
			8.55284552845529	-3.45528455284553
			8.55691056910569	-3.45528455284553
			8.5609756097561	-3.45528455284553
			8.56504065040651	-3.45528455284553
			8.56910569105691	-3.45528455284553
			8.57317073170732	-3.45528455284553
			8.57723577235772	-3.45528455284553
			8.58130081300813	-3.45528455284553
			8.58536585365854	-3.45121951219512
			8.58943089430894	-3.45121951219512
			8.59349593495935	-3.45121951219512
			8.59756097560976	-3.45121951219512
			8.60162601626016	-3.45121951219512
			8.60569105691057	-3.45121951219512
			8.60975609756098	-3.45121951219512
			8.61382113821138	-3.45121951219512
			8.61788617886179	-3.45121951219512
			8.6219512195122	-3.44715447154472
			8.6260162601626	-3.44715447154472
			8.63008130081301	-3.44715447154472
			8.63414634146342	-3.44715447154472
			8.63821138211382	-3.44715447154472
			8.64227642276423	-3.44715447154472
			8.64634146341463	-3.44308943089431
			8.65040650406504	-3.44308943089431
			8.65447154471545	-3.44308943089431
			8.65853658536586	-3.44308943089431
			8.66260162601626	-3.44308943089431
			8.66666666666667	-3.44308943089431
			8.67073170731707	-3.4390243902439
			8.67479674796748	-3.4390243902439
			8.67886178861789	-3.4390243902439
			8.68292682926829	-3.4390243902439
			8.6869918699187	-3.4390243902439
			8.69105691056911	-3.4390243902439
			8.69512195121951	-3.4390243902439
			8.69918699186992	-3.4349593495935
			8.70325203252033	-3.4349593495935
			8.70731707317073	-3.4349593495935
			8.71138211382114	-3.4349593495935
			8.71544715447155	-3.4349593495935
			8.71951219512195	-3.4349593495935
			8.72357723577236	-3.4349593495935
			8.72764227642277	-3.4349593495935
			8.73170731707317	-3.43089430894309
			8.73577235772358	-3.43089430894309
			8.73983739837398	-3.43089430894309
			8.74390243902439	-3.43089430894309
			8.7479674796748	-3.43089430894309
			8.7520325203252	-3.43089430894309
			8.75609756097561	-3.43089430894309
			8.76016260162602	-3.42682926829268
			8.76422764227642	-3.42682926829268
			8.76829268292683	-3.42682926829268
			8.77235772357724	-3.42682926829268
			8.77642276422764	-3.42682926829268
			8.78048780487805	-3.42682926829268
			8.78455284552846	-3.42682926829268
			8.78861788617886	-3.42682926829268
			8.79268292682927	-3.42682926829268
			8.79674796747967	-3.42682926829268
			8.79674796747967	-3.42276422764228
			8.80081300813008	-3.42276422764228
			8.80487804878049	-3.42276422764228
			8.8089430894309	-3.42276422764228
			8.8130081300813	-3.42276422764228
			8.81707317073171	-3.42276422764228
			8.82113821138211	-3.42276422764228
			8.82520325203252	-3.42276422764228
			8.82926829268293	-3.42276422764228
			8.83333333333333	-3.41869918699187
			8.83739837398374	-3.41869918699187
			8.84146341463415	-3.41869918699187
			8.84552845528455	-3.41869918699187
			8.84959349593496	-3.41869918699187
			8.85365853658537	-3.41869918699187
			8.85772357723577	-3.41869918699187
			8.86178861788618	-3.41869918699187
			8.86585365853659	-3.41869918699187
			8.86991869918699	-3.41869918699187
			8.8739837398374	-3.41463414634146
			8.87804878048781	-3.41463414634146
			8.88211382113821	-3.41463414634146
			8.88617886178862	-3.41463414634146
			8.89024390243902	-3.41463414634146
			8.89430894308943	-3.41463414634146
			8.89837398373984	-3.41463414634146
			8.90243902439025	-3.41463414634146
			8.90650406504065	-3.41463414634146
			8.91056910569106	-3.41463414634146
			8.91463414634146	-3.41056910569106
			8.91869918699187	-3.41056910569106
			8.92276422764228	-3.41056910569106
			8.92682926829268	-3.41056910569106
			8.93089430894309	-3.41056910569106
			8.9349593495935	-3.41056910569106
			8.9390243902439	-3.41056910569106
			8.94308943089431	-3.41056910569106
			8.94715447154472	-3.41056910569106
			8.95121951219512	-3.41056910569106
			8.95528455284553	-3.40650406504065
			8.95934959349594	-3.40650406504065
			8.96341463414634	-3.40650406504065
			8.96747967479675	-3.40650406504065
			8.97154471544716	-3.40650406504065
			8.97560975609756	-3.40650406504065
			8.97967479674797	-3.40650406504065
			8.98373983739837	-3.40650406504065
			8.98780487804878	-3.40650406504065
			8.99186991869919	-3.40650406504065
			8.99593495934959	-3.40650406504065
			9	-3.40243902439024
			9.00406504065041	-3.40243902439024
			9.00813008130081	-3.40243902439024
			9.01219512195122	-3.40243902439024
			9.01626016260163	-3.40243902439024
			9.02032520325203	-3.40243902439024
			9.02439024390244	-3.40243902439024
			9.02845528455285	-3.40243902439024
			9.03252032520325	-3.40243902439024
			9.03658536585366	-3.40243902439024
			9.04065040650407	-3.40243902439024
			9.04471544715447	-3.40243902439024
			9.04878048780488	-3.39837398373984
			9.05284552845529	-3.39837398373984
			9.05691056910569	-3.39837398373984
			9.0609756097561	-3.39837398373984
			9.06504065040651	-3.39837398373984
			9.06910569105691	-3.39837398373984
			9.07317073170732	-3.39837398373984
			9.07723577235772	-3.39837398373984
			9.08130081300813	-3.39837398373984
			9.08536585365854	-3.39837398373984
			9.08943089430894	-3.39837398373984
			9.09349593495935	-3.39430894308943
			9.09756097560976	-3.39430894308943
			9.10162601626016	-3.39430894308943
			9.10569105691057	-3.39430894308943
			9.10975609756098	-3.39430894308943
			9.11382113821138	-3.39430894308943
			9.11788617886179	-3.39430894308943
			9.1219512195122	-3.39430894308943
			9.1260162601626	-3.39430894308943
			9.13008130081301	-3.39430894308943
			9.13414634146342	-3.39430894308943
			9.13821138211382	-3.39430894308943
			9.14227642276423	-3.39430894308943
			9.14634146341463	-3.39024390243902
			9.15040650406504	-3.39024390243902
			9.15447154471545	-3.39024390243902
			9.15853658536586	-3.39024390243902
			9.16260162601626	-3.39024390243902
			9.16666666666667	-3.39024390243902
			9.17073170731707	-3.39024390243902
			9.17479674796748	-3.39024390243902
			9.17886178861789	-3.39024390243902
			9.18292682926829	-3.39024390243902
			9.1869918699187	-3.39024390243902
			9.19105691056911	-3.39024390243902
			9.19512195121951	-3.39024390243902
			9.19918699186992	-3.38617886178862
			9.20325203252033	-3.38617886178862
			9.20731707317073	-3.38617886178862
			9.21138211382114	-3.38617886178862
			9.21544715447155	-3.38617886178862
			9.21951219512195	-3.38617886178862
			9.22357723577236	-3.38617886178862
			9.22764227642277	-3.38617886178862
			9.23170731707317	-3.38617886178862
			9.23577235772358	-3.38617886178862
			9.23983739837398	-3.38617886178862
			9.24390243902439	-3.38617886178862
			9.2479674796748	-3.38617886178862
			9.2520325203252	-3.38617886178862
			9.25609756097561	-3.38211382113821
			9.26016260162602	-3.38211382113821
			9.26422764227642	-3.38211382113821
			9.26829268292683	-3.38211382113821
			9.27235772357724	-3.38211382113821
			9.27642276422764	-3.38211382113821
			9.28048780487805	-3.38211382113821
			9.28455284552846	-3.38211382113821
			9.28861788617886	-3.38211382113821
			9.29268292682927	-3.38211382113821
			9.29674796747967	-3.38211382113821
			9.30081300813008	-3.38211382113821
			9.30487804878049	-3.38211382113821
			9.3089430894309	-3.37804878048781
			9.3130081300813	-3.37804878048781
			9.31707317073171	-3.37804878048781
			9.32113821138211	-3.37804878048781
			9.32520325203252	-3.37804878048781
			9.32926829268293	-3.37804878048781
			9.33333333333333	-3.37804878048781
			9.33739837398374	-3.37804878048781
			9.34146341463415	-3.37804878048781
			9.34552845528455	-3.37804878048781
			9.34959349593496	-3.37804878048781
			9.35365853658537	-3.37804878048781
			9.35772357723577	-3.37804878048781
			9.36178861788618	-3.37804878048781
			9.36585365853659	-3.3739837398374
			9.36991869918699	-3.3739837398374
			9.3739837398374	-3.3739837398374
			9.37804878048781	-3.3739837398374
			9.38211382113821	-3.3739837398374
			9.38617886178862	-3.3739837398374
			9.39024390243902	-3.3739837398374
			9.39430894308943	-3.3739837398374
			9.39837398373984	-3.3739837398374
			9.40243902439025	-3.3739837398374
			9.40650406504065	-3.3739837398374
			9.41056910569106	-3.3739837398374
			9.41463414634146	-3.3739837398374
			9.41869918699187	-3.3739837398374
			9.42276422764228	-3.3739837398374
			9.42682926829268	-3.36991869918699
			9.43089430894309	-3.36991869918699
			9.4349593495935	-3.36991869918699
			9.4390243902439	-3.36991869918699
			9.44308943089431	-3.36991869918699
			9.44715447154472	-3.36991869918699
			9.45121951219512	-3.36991869918699
			9.45528455284553	-3.36991869918699
			9.45934959349594	-3.36991869918699
			9.46341463414634	-3.36991869918699
			9.46747967479675	-3.36991869918699
			9.47154471544716	-3.36991869918699
			9.47560975609756	-3.36991869918699
			9.47967479674797	-3.36991869918699
			9.48373983739837	-3.36991869918699
			9.48780487804878	-3.36585365853659
			9.49186991869919	-3.36585365853659
			9.49593495934959	-3.36585365853659
			9.5	-3.36585365853659
			9.50406504065041	-3.36585365853659
			9.50813008130081	-3.36585365853659
			9.51219512195122	-3.36585365853659
			9.51626016260163	-3.36585365853659
			9.52032520325203	-3.36585365853659
			9.52439024390244	-3.36585365853659
			9.52845528455285	-3.36585365853659
			9.53252032520325	-3.36585365853659
			9.53658536585366	-3.36585365853659
			9.54065040650407	-3.36585365853659
			9.54471544715447	-3.36585365853659
			9.54878048780488	-3.36585365853659
			9.55284552845529	-3.36178861788618
			9.55691056910569	-3.36178861788618
			9.5609756097561	-3.36178861788618
			9.56504065040651	-3.36178861788618
			9.56910569105691	-3.36178861788618
			9.57317073170732	-3.36178861788618
			9.57723577235772	-3.36178861788618
			9.58130081300813	-3.36178861788618
			9.58536585365854	-3.36178861788618
			9.58943089430894	-3.36178861788618
			9.59349593495935	-3.36178861788618
			9.59756097560976	-3.36178861788618
			9.60162601626016	-3.36178861788618
			9.60569105691057	-3.36178861788618
			9.60975609756098	-3.36178861788618
			9.61382113821138	-3.35772357723577
			9.61788617886179	-3.35772357723577
			9.6219512195122	-3.35772357723577
			9.6260162601626	-3.35772357723577
			9.63008130081301	-3.35772357723577
			9.63414634146342	-3.35772357723577
			9.63821138211382	-3.35772357723577
			9.64227642276423	-3.35772357723577
			9.64634146341464	-3.35772357723577
			9.65040650406504	-3.35772357723577
			9.65447154471545	-3.35772357723577
			9.65853658536586	-3.35772357723577
			9.66260162601626	-3.35772357723577
			9.66666666666667	-3.35772357723577
			9.67073170731707	-3.35772357723577
			9.67479674796748	-3.35772357723577
			9.67886178861789	-3.35772357723577
			9.68292682926829	-3.35365853658537
			9.6869918699187	-3.35365853658537
			9.69105691056911	-3.35365853658537
			9.69512195121951	-3.35365853658537
			9.69918699186992	-3.35365853658537
			9.70325203252033	-3.35365853658537
			9.70731707317073	-3.35365853658537
			9.71138211382114	-3.35365853658537
			9.71544715447155	-3.35365853658537
			9.71951219512195	-3.35365853658537
			9.72357723577236	-3.35365853658537
			9.72764227642277	-3.35365853658537
			9.73170731707317	-3.35365853658537
			9.73577235772358	-3.35365853658537
			9.73983739837398	-3.35365853658537
			9.74390243902439	-3.35365853658537
			9.7479674796748	-3.35365853658537
			9.7520325203252	-3.34959349593496
			9.75609756097561	-3.34959349593496
			9.76016260162602	-3.34959349593496
			9.76422764227642	-3.34959349593496
			9.76829268292683	-3.34959349593496
			9.77235772357724	-3.34959349593496
			9.77642276422764	-3.34959349593496
			9.78048780487805	-3.34959349593496
			9.78455284552846	-3.34959349593496
		</body_ant>
		<body_post type=matrix rownames=FALSE colnames=FALSE nrow=682 ncol=2 as.numeric=TRUE >
			10.7479674796748	-3.59349593495935
			10.7520325203252	-3.59349593495935
			10.7560975609756	-3.59349593495935
			10.760162601626	-3.59349593495935
			10.7642276422764	-3.59756097560976
			10.7682926829268	-3.59756097560976
			10.7723577235772	-3.59756097560976
			10.7764227642276	-3.59756097560976
			10.780487804878	-3.59756097560976
			10.7845528455285	-3.59756097560976
			10.7886178861789	-3.60162601626016
			10.7926829268293	-3.60162601626016
			10.7967479674797	-3.60162601626016
			10.8008130081301	-3.60162601626016
			10.8048780487805	-3.60162601626016
			10.8089430894309	-3.60162601626016
			10.8130081300813	-3.60162601626016
			10.8170731707317	-3.60569105691057
			10.8211382113821	-3.60569105691057
			10.8252032520325	-3.60569105691057
			10.8292682926829	-3.60569105691057
			10.8333333333333	-3.60569105691057
			10.8373983739837	-3.60569105691057
			10.8414634146341	-3.60569105691057
			10.8455284552846	-3.60975609756098
			10.849593495935	-3.60975609756098
			10.8536585365854	-3.60975609756098
			10.8577235772358	-3.60975609756098
			10.8617886178862	-3.60975609756098
			10.8658536585366	-3.60975609756098
			10.869918699187	-3.60975609756098
			10.8739837398374	-3.61382113821138
			10.8780487804878	-3.61382113821138
			10.8821138211382	-3.61382113821138
			10.8861788617886	-3.61382113821138
			10.890243902439	-3.61382113821138
			10.8943089430894	-3.61382113821138
			10.8983739837398	-3.61382113821138
			10.9024390243902	-3.61788617886179
			10.9065040650407	-3.61788617886179
			10.9105691056911	-3.61788617886179
			10.9146341463415	-3.61788617886179
			10.9186991869919	-3.61788617886179
			10.9227642276423	-3.61788617886179
			10.9268292682927	-3.6219512195122
			10.9308943089431	-3.6219512195122
			10.9349593495935	-3.6219512195122
			10.9390243902439	-3.6219512195122
			10.9430894308943	-3.6219512195122
			10.9471544715447	-3.6219512195122
			10.9512195121951	-3.6219512195122
			10.9552845528455	-3.6219512195122
			10.9593495934959	-3.6260162601626
			10.9634146341463	-3.6260162601626
			10.9674796747967	-3.6260162601626
			10.9715447154472	-3.6260162601626
			10.9756097560976	-3.6260162601626
			10.979674796748	-3.6260162601626
			10.9837398373984	-3.6260162601626
			10.9878048780488	-3.63008130081301
			10.9918699186992	-3.63008130081301
			10.9959349593496	-3.63008130081301
			11	-3.63008130081301
			11.0040650406504	-3.63008130081301
			11.0081300813008	-3.63008130081301
			11.0121951219512	-3.63008130081301
			11.0162601626016	-3.63414634146342
			11.020325203252	-3.63414634146342
			11.0243902439024	-3.63414634146342
			11.0284552845528	-3.63414634146342
			11.0325203252033	-3.63414634146342
			11.0365853658537	-3.63414634146342
			11.0406504065041	-3.63414634146342
			11.0447154471545	-3.63414634146342
			11.0487804878049	-3.63821138211382
			11.0528455284553	-3.63821138211382
			11.0569105691057	-3.63821138211382
			11.0609756097561	-3.63821138211382
			11.0650406504065	-3.63821138211382
			11.0691056910569	-3.63821138211382
			11.0731707317073	-3.63821138211382
			11.0772357723577	-3.63821138211382
			11.0813008130081	-3.64227642276423
			11.0853658536585	-3.64227642276423
			11.0894308943089	-3.64227642276423
			11.0934959349594	-3.64227642276423
			11.0975609756098	-3.64227642276423
			11.1016260162602	-3.64227642276423
			11.1056910569106	-3.64227642276423
			11.109756097561	-3.64227642276423
			11.109756097561	-3.64634146341463
			11.1138211382114	-3.64634146341463
			11.1178861788618	-3.64634146341463
			11.1219512195122	-3.64634146341463
			11.1260162601626	-3.64634146341463
			11.130081300813	-3.64634146341463
			11.1341463414634	-3.64634146341463
			11.1382113821138	-3.64634146341463
			11.1422764227642	-3.64634146341463
			11.1463414634146	-3.65040650406504
			11.150406504065	-3.65040650406504
			11.1544715447154	-3.65040650406504
			11.1585365853659	-3.65040650406504
			11.1626016260163	-3.65040650406504
			11.1666666666667	-3.65040650406504
			11.1707317073171	-3.65040650406504
			11.1747967479675	-3.65040650406504
			11.1788617886179	-3.65447154471545
			11.1829268292683	-3.65447154471545
			11.1869918699187	-3.65447154471545
			11.1910569105691	-3.65447154471545
			11.1951219512195	-3.65447154471545
			11.1991869918699	-3.65447154471545
			11.2032520325203	-3.65447154471545
			11.2073170731707	-3.65447154471545
			11.2113821138211	-3.65853658536585
			11.2154471544715	-3.65853658536585
			11.219512195122	-3.65853658536585
			11.2235772357724	-3.65853658536585
			11.2276422764228	-3.65853658536585
			11.2317073170732	-3.65853658536585
			11.2357723577236	-3.65853658536585
			11.239837398374	-3.65853658536585
			11.2439024390244	-3.66260162601626
			11.2479674796748	-3.66260162601626
			11.2520325203252	-3.66260162601626
			11.2560975609756	-3.66260162601626
			11.260162601626	-3.66260162601626
			11.2642276422764	-3.66260162601626
			11.2682926829268	-3.66260162601626
			11.2723577235772	-3.66260162601626
			11.2764227642276	-3.66260162601626
			11.280487804878	-3.66666666666667
			11.2845528455285	-3.66666666666667
			11.2886178861789	-3.66666666666667
			11.2926829268293	-3.66666666666667
			11.2967479674797	-3.66666666666667
			11.3008130081301	-3.66666666666667
			11.3048780487805	-3.66666666666667
			11.3089430894309	-3.66666666666667
			11.3130081300813	-3.67073170731707
			11.3170731707317	-3.67073170731707
			11.3211382113821	-3.67073170731707
			11.3252032520325	-3.67073170731707
			11.3292682926829	-3.67073170731707
			11.3333333333333	-3.67073170731707
			11.3373983739837	-3.67073170731707
			11.3414634146341	-3.67073170731707
			11.3455284552846	-3.67073170731707
			11.349593495935	-3.67479674796748
			11.3536585365854	-3.67479674796748
			11.3577235772358	-3.67479674796748
			11.3617886178862	-3.67479674796748
			11.3658536585366	-3.67479674796748
			11.369918699187	-3.67479674796748
			11.3739837398374	-3.67479674796748
			11.3780487804878	-3.67479674796748
			11.3821138211382	-3.67479674796748
			11.3861788617886	-3.67886178861789
			11.390243902439	-3.67886178861789
			11.3943089430894	-3.67886178861789
			11.3983739837398	-3.67886178861789
			11.4024390243902	-3.67886178861789
			11.4065040650407	-3.67886178861789
			11.4105691056911	-3.67886178861789
			11.4146341463415	-3.67886178861789
			11.4186991869919	-3.67886178861789
			11.4227642276423	-3.67886178861789
			11.4268292682927	-3.68292682926829
			11.4308943089431	-3.68292682926829
			11.4349593495935	-3.68292682926829
			11.4390243902439	-3.68292682926829
			11.4430894308943	-3.68292682926829
			11.4471544715447	-3.68292682926829
			11.4512195121951	-3.68292682926829
			11.4552845528455	-3.68292682926829
			11.4593495934959	-3.68292682926829
			11.4634146341463	-3.6869918699187
			11.4674796747967	-3.6869918699187
			11.4715447154472	-3.6869918699187
			11.4756097560976	-3.6869918699187
			11.479674796748	-3.6869918699187
			11.4837398373984	-3.6869918699187
			11.4878048780488	-3.6869918699187
			11.4918699186992	-3.6869918699187
			11.4959349593496	-3.6869918699187
			11.5	-3.6869918699187
			11.5040650406504	-3.69105691056911
			11.5081300813008	-3.69105691056911
			11.5121951219512	-3.69105691056911
			11.5162601626016	-3.69105691056911
			11.520325203252	-3.69105691056911
			11.5243902439024	-3.69105691056911
			11.5284552845528	-3.69105691056911
			11.5325203252033	-3.69105691056911
			11.5365853658537	-3.69105691056911
			11.5406504065041	-3.69105691056911
			11.5447154471545	-3.69512195121951
			11.5487804878049	-3.69512195121951
			11.5528455284553	-3.69512195121951
			11.5569105691057	-3.69512195121951
			11.5609756097561	-3.69512195121951
			11.5650406504065	-3.69512195121951
			11.5691056910569	-3.69512195121951
			11.5731707317073	-3.69512195121951
			11.5772357723577	-3.69512195121951
			11.5813008130081	-3.69512195121951
			11.5853658536585	-3.69918699186992
			11.5894308943089	-3.69918699186992
			11.5934959349594	-3.69918699186992
			11.5975609756098	-3.69918699186992
			11.6016260162602	-3.69918699186992
			11.6056910569106	-3.69918699186992
			11.609756097561	-3.69918699186992
			11.6138211382114	-3.69918699186992
			11.6178861788618	-3.69918699186992
			11.6219512195122	-3.69918699186992
			11.6260162601626	-3.69918699186992
			11.630081300813	-3.70325203252033
			11.6341463414634	-3.70325203252033
			11.6382113821138	-3.70325203252033
			11.6422764227642	-3.70325203252033
			11.6463414634146	-3.70325203252033
			11.650406504065	-3.70325203252033
			11.6544715447154	-3.70325203252033
			11.6585365853659	-3.70325203252033
			11.6626016260163	-3.70325203252033
			11.6666666666667	-3.70325203252033
			11.6707317073171	-3.70731707317073
			11.6747967479675	-3.70731707317073
			11.6788617886179	-3.70731707317073
			11.6829268292683	-3.70731707317073
			11.6869918699187	-3.70731707317073
			11.6910569105691	-3.70731707317073
			11.6951219512195	-3.70731707317073
			11.6991869918699	-3.70731707317073
			11.7032520325203	-3.70731707317073
			11.7073170731707	-3.70731707317073
			11.7113821138211	-3.70731707317073
			11.7154471544715	-3.71138211382114
			11.719512195122	-3.71138211382114
			11.7235772357724	-3.71138211382114
			11.7276422764228	-3.71138211382114
			11.7317073170732	-3.71138211382114
			11.7357723577236	-3.71138211382114
			11.739837398374	-3.71138211382114
			11.7439024390244	-3.71138211382114
			11.7479674796748	-3.71138211382114
			11.7520325203252	-3.71138211382114
			11.7560975609756	-3.71138211382114
			11.760162601626	-3.71544715447155
			11.7642276422764	-3.71544715447155
			11.7682926829268	-3.71544715447155
			11.7723577235772	-3.71544715447155
			11.7764227642276	-3.71544715447155
			11.780487804878	-3.71544715447155
			11.7845528455285	-3.71544715447155
			11.7886178861789	-3.71544715447155
			11.7926829268293	-3.71544715447155
			11.7967479674797	-3.71544715447155
			11.8008130081301	-3.71544715447155
			11.8048780487805	-3.71544715447155
			11.8089430894309	-3.71951219512195
			11.8130081300813	-3.71951219512195
			11.8170731707317	-3.71951219512195
			11.8211382113821	-3.71951219512195
			11.8252032520325	-3.71951219512195
			11.8292682926829	-3.71951219512195
			11.8333333333333	-3.71951219512195
			11.8373983739837	-3.71951219512195
			11.8414634146341	-3.71951219512195
			11.8455284552846	-3.71951219512195
			11.849593495935	-3.71951219512195
			11.8536585365854	-3.71951219512195
			11.8577235772358	-3.72357723577236
			11.8617886178862	-3.72357723577236
			11.8658536585366	-3.72357723577236
			11.869918699187	-3.72357723577236
			11.8739837398374	-3.72357723577236
			11.8780487804878	-3.72357723577236
			11.8821138211382	-3.72357723577236
			11.8861788617886	-3.72357723577236
			11.890243902439	-3.72357723577236
			11.8943089430894	-3.72357723577236
			11.8983739837398	-3.72357723577236
			11.9024390243902	-3.72357723577236
			11.9065040650407	-3.72764227642276
			11.9105691056911	-3.72764227642276
			11.9146341463415	-3.72764227642276
			11.9186991869919	-3.72764227642276
			11.9227642276423	-3.72764227642276
			11.9268292682927	-3.72764227642276
			11.9308943089431	-3.72764227642276
			11.9349593495935	-3.72764227642276
			11.9390243902439	-3.72764227642276
			11.9430894308943	-3.72764227642276
			11.9471544715447	-3.72764227642276
			11.9512195121951	-3.72764227642276
			11.9552845528455	-3.73170731707317
			11.9593495934959	-3.73170731707317
			11.9634146341463	-3.73170731707317
			11.9674796747967	-3.73170731707317
			11.9715447154472	-3.73170731707317
			11.9756097560976	-3.73170731707317
			11.979674796748	-3.73170731707317
			11.9837398373984	-3.73170731707317
			11.9878048780488	-3.73170731707317
			11.9918699186992	-3.73170731707317
			11.9959349593496	-3.73170731707317
			12	-3.73170731707317
			12.0040650406504	-3.73170731707317
			12.0081300813008	-3.73577235772358
			12.0121951219512	-3.73577235772358
			12.0162601626016	-3.73577235772358
			12.020325203252	-3.73577235772358
			12.0243902439024	-3.73577235772358
			12.0284552845528	-3.73577235772358
			12.0325203252033	-3.73577235772358
			12.0365853658537	-3.73577235772358
			12.0406504065041	-3.73577235772358
			12.0447154471545	-3.73577235772358
			12.0487804878049	-3.73577235772358
			12.0528455284553	-3.73577235772358
			12.0569105691057	-3.73577235772358
			12.0609756097561	-3.73983739837398
			12.0650406504065	-3.73983739837398
			12.0691056910569	-3.73983739837398
			12.0731707317073	-3.73983739837398
			12.0772357723577	-3.73983739837398
			12.0813008130081	-3.73983739837398
			12.0853658536585	-3.73983739837398
			12.0894308943089	-3.73983739837398
			12.0934959349594	-3.73983739837398
			12.0975609756098	-3.73983739837398
			12.1016260162602	-3.73983739837398
			12.1056910569106	-3.73983739837398
			12.109756097561	-3.73983739837398
			12.1138211382114	-3.73983739837398
			12.1178861788618	-3.74390243902439
			12.1219512195122	-3.74390243902439
			12.1260162601626	-3.74390243902439
			12.130081300813	-3.74390243902439
			12.1341463414634	-3.74390243902439
			12.1382113821138	-3.74390243902439
			12.1422764227642	-3.74390243902439
			12.1463414634146	-3.74390243902439
			12.150406504065	-3.74390243902439
			12.1544715447154	-3.74390243902439
			12.1585365853659	-3.74390243902439
			12.1626016260163	-3.74390243902439
			12.1666666666667	-3.74390243902439
			12.1707317073171	-3.74390243902439
			12.1747967479675	-3.74390243902439
			12.1788617886179	-3.7479674796748
			12.1829268292683	-3.7479674796748
			12.1869918699187	-3.7479674796748
			12.1910569105691	-3.7479674796748
			12.1951219512195	-3.7479674796748
			12.1991869918699	-3.7479674796748
			12.2032520325203	-3.7479674796748
			12.2073170731707	-3.7479674796748
			12.2113821138211	-3.7479674796748
			12.2154471544715	-3.7479674796748
			12.219512195122	-3.7479674796748
			12.2235772357724	-3.7479674796748
			12.2276422764228	-3.7479674796748
			12.2317073170732	-3.7479674796748
			12.2357723577236	-3.7479674796748
			12.239837398374	-3.7520325203252
			12.2439024390244	-3.7520325203252
			12.2479674796748	-3.7520325203252
			12.2520325203252	-3.7520325203252
			12.2560975609756	-3.7520325203252
			12.260162601626	-3.7520325203252
			12.2642276422764	-3.7520325203252
			12.2682926829268	-3.7520325203252
			12.2723577235772	-3.7520325203252
			12.2764227642276	-3.7520325203252
			12.280487804878	-3.7520325203252
			12.2845528455285	-3.7520325203252
			12.2886178861789	-3.7520325203252
			12.2926829268293	-3.7520325203252
			12.2967479674797	-3.7520325203252
			12.3008130081301	-3.75609756097561
			12.3048780487805	-3.75609756097561
			12.3089430894309	-3.75609756097561
			12.3130081300813	-3.75609756097561
			12.3170731707317	-3.75609756097561
			12.3211382113821	-3.75609756097561
			12.3252032520325	-3.75609756097561
			12.3292682926829	-3.75609756097561
			12.3333333333333	-3.75609756097561
			12.3373983739837	-3.75609756097561
			12.3414634146341	-3.75609756097561
			12.3455284552846	-3.75609756097561
			12.349593495935	-3.75609756097561
			12.3536585365854	-3.75609756097561
			12.3577235772358	-3.75609756097561
			12.3617886178862	-3.75609756097561
			12.3658536585366	-3.75609756097561
			12.369918699187	-3.76016260162602
			12.3739837398374	-3.76016260162602
			12.3780487804878	-3.76016260162602
			12.3821138211382	-3.76016260162602
			12.3861788617886	-3.76016260162602
			12.390243902439	-3.76016260162602
			12.3943089430894	-3.76016260162602
			12.3983739837398	-3.76016260162602
			12.4024390243902	-3.76016260162602
			12.4065040650407	-3.76016260162602
			12.4105691056911	-3.76016260162602
			12.4146341463415	-3.76016260162602
			12.4186991869919	-3.76016260162602
			12.4227642276423	-3.76016260162602
			12.4268292682927	-3.76016260162602
			12.4308943089431	-3.76016260162602
			12.4349593495935	-3.76016260162602
			12.4390243902439	-3.76422764227642
			12.4430894308943	-3.76422764227642
			12.4471544715447	-3.76422764227642
			12.4512195121951	-3.76422764227642
			12.4552845528455	-3.76422764227642
			12.4593495934959	-3.76422764227642
			12.4634146341463	-3.76422764227642
			12.4674796747967	-3.76422764227642
			12.4715447154472	-3.76422764227642
			12.4756097560976	-3.76422764227642
			12.479674796748	-3.76422764227642
			12.4837398373984	-3.76422764227642
			12.4878048780488	-3.76422764227642
			12.4918699186992	-3.76422764227642
			12.4959349593496	-3.76422764227642
			12.5	-3.76422764227642
			12.5040650406504	-3.76422764227642
			12.5081300813008	-3.76829268292683
			12.5121951219512	-3.76829268292683
			12.5162601626016	-3.76829268292683
			12.520325203252	-3.76829268292683
			12.5243902439024	-3.76829268292683
			12.5284552845528	-3.76829268292683
			12.5325203252033	-3.76829268292683
			12.5365853658537	-3.76829268292683
			12.5406504065041	-3.76829268292683
			12.5447154471545	-3.76829268292683
			12.5487804878049	-3.76829268292683
			12.5528455284553	-3.76829268292683
			12.5569105691057	-3.76829268292683
			12.5609756097561	-3.76829268292683
			12.5650406504065	-3.76829268292683
			12.5691056910569	-3.76829268292683
			12.5731707317073	-3.76829268292683
			12.5772357723577	-3.76829268292683
			12.5813008130081	-3.76829268292683
			12.5853658536585	-3.77235772357724
			12.5894308943089	-3.77235772357724
			12.5934959349594	-3.77235772357724
			12.5975609756098	-3.77235772357724
			12.6016260162602	-3.77235772357724
			12.6056910569106	-3.77235772357724
			12.609756097561	-3.77235772357724
			12.6138211382114	-3.77235772357724
			12.6178861788618	-3.77235772357724
			12.6219512195122	-3.77235772357724
			12.6260162601626	-3.77235772357724
			12.630081300813	-3.77235772357724
			12.6341463414634	-3.77235772357724
			12.6382113821138	-3.77235772357724
			12.6422764227642	-3.77235772357724
			12.6463414634146	-3.77235772357724
			12.650406504065	-3.77235772357724
			12.6544715447154	-3.77235772357724
			12.6585365853659	-3.77235772357724
			12.6626016260163	-3.77235772357724
			12.6666666666667	-3.77235772357724
			12.6666666666667	-3.77642276422764
			12.6707317073171	-3.77642276422764
			12.6747967479675	-3.77642276422764
			12.6788617886179	-3.77642276422764
			12.6829268292683	-3.77642276422764
			12.6869918699187	-3.77642276422764
			12.6910569105691	-3.77642276422764
			12.6951219512195	-3.77642276422764
			12.6991869918699	-3.77642276422764
			12.7032520325203	-3.77642276422764
			12.7073170731707	-3.77642276422764
			12.7113821138211	-3.77642276422764
			12.7154471544715	-3.77642276422764
			12.719512195122	-3.77642276422764
			12.7235772357724	-3.77642276422764
			12.7276422764228	-3.77642276422764
			12.7317073170732	-3.77642276422764
			12.7357723577236	-3.77642276422764
			12.739837398374	-3.77642276422764
			12.7439024390244	-3.77642276422764
			12.7479674796748	-3.77642276422764
			12.7520325203252	-3.77642276422764
			12.7560975609756	-3.78048780487805
			12.760162601626	-3.78048780487805
			12.7642276422764	-3.78048780487805
			12.7682926829268	-3.78048780487805
			12.7723577235772	-3.78048780487805
			12.7764227642276	-3.78048780487805
			12.780487804878	-3.78048780487805
			12.7845528455285	-3.78048780487805
			12.7886178861789	-3.78048780487805
			12.7926829268293	-3.78048780487805
			12.7967479674797	-3.78048780487805
			12.8008130081301	-3.78048780487805
			12.8048780487805	-3.78048780487805
			12.8089430894309	-3.78048780487805
			12.8130081300813	-3.78048780487805
			12.8170731707317	-3.78048780487805
			12.8211382113821	-3.78048780487805
			12.8252032520325	-3.78048780487805
			12.8292682926829	-3.78048780487805
			12.8333333333333	-3.78048780487805
			12.8373983739837	-3.78048780487805
			12.8414634146341	-3.78048780487805
			12.8455284552846	-3.78048780487805
			12.849593495935	-3.78048780487805
			12.8536585365854	-3.78455284552846
			12.8577235772358	-3.78455284552846
			12.8617886178862	-3.78455284552846
			12.8658536585366	-3.78455284552846
			12.869918699187	-3.78455284552846
			12.8739837398374	-3.78455284552846
			12.8780487804878	-3.78455284552846
			12.8821138211382	-3.78455284552846
			12.8861788617886	-3.78455284552846
			12.890243902439	-3.78455284552846
			12.8943089430894	-3.78455284552846
			12.8983739837398	-3.78455284552846
			12.9024390243902	-3.78455284552846
			12.9065040650407	-3.78455284552846
			12.9105691056911	-3.78455284552846
			12.9146341463415	-3.78048780487805
			12.9186991869919	-3.78048780487805
			12.9227642276423	-3.78048780487805
			12.9268292682927	-3.78048780487805
			12.9308943089431	-3.78048780487805
			12.9349593495935	-3.78048780487805
			12.9390243902439	-3.78048780487805
			12.9430894308943	-3.77642276422764
			12.9471544715447	-3.77642276422764
			12.9512195121951	-3.77642276422764
			12.9552845528455	-3.77642276422764
			12.9593495934959	-3.77642276422764
			12.9634146341463	-3.77642276422764
			12.9674796747967	-3.77642276422764
			12.9715447154472	-3.77642276422764
			12.9756097560976	-3.77235772357724
			12.979674796748	-3.77235772357724
			12.9837398373984	-3.77235772357724
			12.9878048780488	-3.77235772357724
			12.9918699186992	-3.77235772357724
			12.9959349593496	-3.77235772357724
			13	-3.77235772357724
			13.0040650406504	-3.76829268292683
			13.0081300813008	-3.76829268292683
			13.0121951219512	-3.76829268292683
			13.0162601626016	-3.76829268292683
			13.020325203252	-3.76829268292683
			13.0243902439024	-3.76829268292683
			13.0284552845528	-3.76829268292683
			13.0284552845528	-3.76422764227642
			13.0325203252033	-3.76422764227642
			13.0365853658537	-3.76422764227642
			13.0406504065041	-3.76422764227642
			13.0447154471545	-3.76422764227642
			13.0487804878049	-3.76422764227642
			13.0528455284553	-3.76422764227642
			13.0569105691057	-3.76422764227642
			13.0609756097561	-3.76016260162602
			13.0650406504065	-3.76016260162602
			13.0691056910569	-3.76016260162602
			13.0731707317073	-3.76016260162602
			13.0772357723577	-3.76016260162602
			13.0813008130081	-3.76016260162602
			13.0853658536585	-3.75609756097561
			13.0894308943089	-3.75609756097561
			13.0934959349594	-3.75609756097561
			13.0975609756098	-3.75609756097561
			13.1016260162602	-3.75609756097561
			13.1056910569106	-3.75609756097561
			13.109756097561	-3.75609756097561
			13.1138211382114	-3.75609756097561
			13.1178861788618	-3.7520325203252
			13.1219512195122	-3.7520325203252
			13.1260162601626	-3.7520325203252
			13.130081300813	-3.7520325203252
			13.1341463414634	-3.7520325203252
			13.1382113821138	-3.7520325203252
			13.1422764227642	-3.7520325203252
			13.1463414634146	-3.7479674796748
			13.150406504065	-3.7479674796748
			13.1544715447154	-3.7479674796748
			13.1585365853659	-3.7479674796748
			13.1626016260163	-3.7479674796748
			13.1666666666667	-3.7479674796748
			13.1707317073171	-3.7479674796748
			13.1747967479675	-3.74390243902439
			13.1788617886179	-3.74390243902439
			13.1829268292683	-3.74390243902439
			13.1869918699187	-3.74390243902439
			13.1910569105691	-3.74390243902439
			13.1951219512195	-3.74390243902439
			13.1991869918699	-3.74390243902439
			13.2032520325203	-3.73983739837398
			13.2073170731707	-3.73983739837398
			13.2113821138211	-3.73983739837398
			13.2154471544715	-3.73983739837398
			13.219512195122	-3.73983739837398
			13.2235772357724	-3.73983739837398
			13.2276422764228	-3.73983739837398
			13.2317073170732	-3.73577235772358
			13.2357723577236	-3.73577235772358
			13.239837398374	-3.73577235772358
			13.2439024390244	-3.73577235772358
			13.2479674796748	-3.73577235772358
			13.2520325203252	-3.73577235772358
			13.2560975609756	-3.73577235772358
			13.260162601626	-3.73170731707317
			13.2642276422764	-3.73170731707317
			13.2682926829268	-3.73170731707317
			13.2723577235772	-3.73170731707317
			13.2764227642276	-3.73170731707317
			13.280487804878	-3.73170731707317
			13.2845528455285	-3.73170731707317
			13.2886178861789	-3.72764227642276
			13.2926829268293	-3.72764227642276
			13.2967479674797	-3.72764227642276
			13.3008130081301	-3.72764227642276
			13.3048780487805	-3.72764227642276
			13.3089430894309	-3.72764227642276
			13.3130081300813	-3.72764227642276
			13.3170731707317	-3.72357723577236
			13.3211382113821	-3.72357723577236
			13.3252032520325	-3.72357723577236
			13.3292682926829	-3.72357723577236
			13.3333333333333	-3.72357723577236
			13.3373983739837	-3.72357723577236
			13.3414634146341	-3.72357723577236
			13.3455284552846	-3.72357723577236
			13.349593495935	-3.71951219512195
			13.3536585365854	-3.71951219512195
			13.3577235772358	-3.71951219512195
			13.3617886178862	-3.71951219512195
			13.3658536585366	-3.71951219512195
			13.369918699187	-3.71951219512195
			13.3739837398374	-3.71951219512195
			13.3780487804878	-3.71544715447155
			13.3821138211382	-3.71544715447155
			13.3861788617886	-3.71544715447155
			13.390243902439	-3.71544715447155
			13.3943089430894	-3.71544715447155
			13.3983739837398	-3.71544715447155
			13.4024390243902	-3.71544715447155
			13.4065040650407	-3.71138211382114
			13.4105691056911	-3.71138211382114
			13.4146341463415	-3.71138211382114
			13.4186991869919	-3.71138211382114
			13.4227642276423	-3.71138211382114
			13.4268292682927	-3.71138211382114
			13.4308943089431	-3.71138211382114
			13.4349593495935	-3.70731707317073
			13.4390243902439	-3.70731707317073
			13.4430894308943	-3.70731707317073
			13.4471544715447	-3.70731707317073
			13.4512195121951	-3.70731707317073
			13.4552845528455	-3.70731707317073
			13.4593495934959	-3.70731707317073
			13.4634146341463	-3.70325203252033
			13.4674796747967	-3.70325203252033
			13.4715447154472	-3.70325203252033
			13.4756097560976	-3.70325203252033
			13.479674796748	-3.70325203252033
			13.4837398373984	-3.70325203252033
			13.4878048780488	-3.70325203252033
			13.4918699186992	-3.69918699186992
			13.4959349593496	-3.69918699186992
			13.5	-3.69918699186992
			13.5040650406504	-3.69918699186992
		</body_post>
		<opercle type=matrix rownames=FALSE colnames=FALSE nrow=213 ncol=2 as.numeric=TRUE >
			8.17073170731707	-4.70325203252033
			8.17479674796748	-4.69918699186992
			8.17886178861789	-4.69512195121951
			8.18292682926829	-4.69105691056911
			8.1869918699187	-4.69105691056911
			8.19105691056911	-4.6869918699187
			8.19105691056911	-4.68292682926829
			8.19512195121951	-4.67886178861789
			8.19918699186992	-4.67479674796748
			8.20325203252033	-4.67479674796748
			8.20731707317073	-4.67073170731707
			8.20731707317073	-4.66666666666667
			8.21138211382114	-4.66260162601626
			8.21544715447155	-4.65853658536585
			8.21951219512195	-4.65853658536585
			8.21951219512195	-4.65447154471545
			8.22357723577236	-4.65040650406504
			8.22764227642277	-4.64634146341463
			8.22764227642277	-4.64227642276423
			8.23170731707317	-4.64227642276423
			8.23577235772358	-4.63821138211382
			8.23577235772358	-4.63414634146342
			8.23983739837398	-4.63008130081301
			8.24390243902439	-4.6260162601626
			8.24390243902439	-4.6219512195122
			8.2479674796748	-4.6219512195122
			8.2479674796748	-4.61788617886179
			8.2520325203252	-4.61382113821138
			8.25609756097561	-4.60975609756098
			8.25609756097561	-4.60569105691057
			8.26016260162602	-4.60162601626016
			8.26016260162602	-4.59756097560976
			8.26422764227642	-4.59756097560976
			8.26422764227642	-4.59349593495935
			8.26829268292683	-4.58943089430894
			8.26829268292683	-4.58536585365854
			8.27235772357724	-4.58130081300813
			8.27235772357724	-4.57723577235772
			8.27642276422764	-4.57317073170732
			8.27642276422764	-4.56910569105691
			8.28048780487805	-4.5650406504065
			8.28455284552846	-4.5609756097561
			8.28455284552846	-4.55691056910569
			8.28861788617886	-4.55284552845529
			8.28861788617886	-4.54878048780488
			8.29268292682927	-4.54471544715447
			8.29268292682927	-4.54065040650407
			8.29268292682927	-4.53658536585366
			8.29674796747967	-4.53252032520325
			8.29674796747967	-4.52845528455285
			8.29674796747967	-4.52439024390244
			8.30081300813008	-4.52032520325203
			8.30081300813008	-4.51626016260163
			8.30487804878049	-4.51219512195122
			8.30487804878049	-4.50813008130081
			8.30487804878049	-4.50406504065041
			8.3089430894309	-4.5
			8.3089430894309	-4.49593495934959
			8.3089430894309	-4.49186991869919
			8.3089430894309	-4.48780487804878
			8.3130081300813	-4.48373983739837
			8.3130081300813	-4.47967479674797
			8.3130081300813	-4.47560975609756
			8.3130081300813	-4.47154471544715
			8.31707317073171	-4.46747967479675
			8.31707317073171	-4.46341463414634
			8.31707317073171	-4.45934959349594
			8.31707317073171	-4.45528455284553
			8.31707317073171	-4.45121951219512
			8.31707317073171	-4.44715447154472
			8.32113821138211	-4.44308943089431
			8.32113821138211	-4.4390243902439
			8.32113821138211	-4.4349593495935
			8.32113821138211	-4.43089430894309
			8.32113821138211	-4.42682926829268
			8.32113821138211	-4.42276422764228
			8.32113821138211	-4.41869918699187
			8.32113821138211	-4.41463414634146
			8.32113821138211	-4.41056910569106
			8.32113821138211	-4.40650406504065
			8.32113821138211	-4.40243902439024
			8.32520325203252	-4.39837398373984
			8.32520325203252	-4.39430894308943
			8.32520325203252	-4.39024390243902
			8.32520325203252	-4.38617886178862
			8.32520325203252	-4.38211382113821
			8.32520325203252	-4.37804878048781
			8.32520325203252	-4.3739837398374
			8.32520325203252	-4.36991869918699
			8.32520325203252	-4.36585365853659
			8.32520325203252	-4.36178861788618
			8.32113821138211	-4.35772357723577
			8.32113821138211	-4.35365853658537
			8.32113821138211	-4.34959349593496
			8.32113821138211	-4.34552845528455
			8.32113821138211	-4.34146341463415
			8.32113821138211	-4.33739837398374
			8.32113821138211	-4.33333333333333
			8.32113821138211	-4.32926829268293
			8.32113821138211	-4.32520325203252
			8.32113821138211	-4.32113821138211
			8.32113821138211	-4.31707317073171
			8.31707317073171	-4.3130081300813
			8.31707317073171	-4.30894308943089
			8.31707317073171	-4.30487804878049
			8.31707317073171	-4.30081300813008
			8.31707317073171	-4.29674796747967
			8.31707317073171	-4.29268292682927
			8.3130081300813	-4.28861788617886
			8.3130081300813	-4.28455284552846
			8.3130081300813	-4.28048780487805
			8.3130081300813	-4.27642276422764
			8.3130081300813	-4.27235772357724
			8.3089430894309	-4.26829268292683
			8.3089430894309	-4.26422764227642
			8.3089430894309	-4.26016260162602
			8.3089430894309	-4.25609756097561
			8.3089430894309	-4.2520325203252
			8.30487804878049	-4.2520325203252
			8.30487804878049	-4.2479674796748
			8.30487804878049	-4.24390243902439
			8.30487804878049	-4.23983739837398
			8.30487804878049	-4.23577235772358
			8.30081300813008	-4.23577235772358
			8.30081300813008	-4.23170731707317
			8.30081300813008	-4.22764227642277
			8.30081300813008	-4.22357723577236
			8.29674796747967	-4.21951219512195
			8.29674796747967	-4.21544715447155
			8.29674796747967	-4.21138211382114
			8.29268292682927	-4.20731707317073
			8.29268292682927	-4.20325203252033
			8.29268292682927	-4.19918699186992
			8.28861788617886	-4.19512195121951
			8.28861788617886	-4.19105691056911
			8.28861788617886	-4.1869918699187
			8.28455284552846	-4.18292682926829
			8.28455284552846	-4.17886178861789
			8.28455284552846	-4.17479674796748
			8.28048780487805	-4.17073170731707
			8.28048780487805	-4.16666666666667
			8.28048780487805	-4.16260162601626
			8.27642276422764	-4.15853658536585
			8.27642276422764	-4.15447154471545
			8.27235772357724	-4.15040650406504
			8.27235772357724	-4.14634146341463
			8.27235772357724	-4.14227642276423
			8.26829268292683	-4.13821138211382
			8.26829268292683	-4.13414634146342
			8.26422764227642	-4.13008130081301
			8.26422764227642	-4.1260162601626
			8.26422764227642	-4.1219512195122
			8.26016260162602	-4.11788617886179
			8.26016260162602	-4.11382113821138
			8.25609756097561	-4.10975609756098
			8.25609756097561	-4.10569105691057
			8.2520325203252	-4.10162601626016
			8.2520325203252	-4.09756097560976
			8.2479674796748	-4.09349593495935
			8.2479674796748	-4.08943089430894
			8.24390243902439	-4.08536585365854
			8.24390243902439	-4.08130081300813
			8.23983739837398	-4.07723577235772
			8.23983739837398	-4.07317073170732
			8.23577235772358	-4.06910569105691
			8.23577235772358	-4.0650406504065
			8.23170731707317	-4.0609756097561
			8.23170731707317	-4.05691056910569
			8.22764227642277	-4.05284552845529
			8.22764227642277	-4.04878048780488
			8.22357723577236	-4.04471544715447
			8.21951219512195	-4.04065040650407
			8.21951219512195	-4.03658536585366
			8.21951219512195	-4.03252032520325
			8.21544715447155	-4.03252032520325
			8.21544715447155	-4.02845528455285
			8.21544715447155	-4.02439024390244
			8.21138211382114	-4.02439024390244
			8.21138211382114	-4.02032520325203
			8.21138211382114	-4.01626016260163
			8.20731707317073	-4.01626016260163
			8.20731707317073	-4.01219512195122
			8.20731707317073	-4.00813008130081
			8.20325203252033	-4.00813008130081
			8.20325203252033	-4.00406504065041
			8.19918699186992	-4.00406504065041
			8.19918699186992	-4
			8.19918699186992	-3.99593495934959
			8.19512195121951	-3.99593495934959
			8.19512195121951	-3.99186991869919
			8.19512195121951	-3.98780487804878
			8.19105691056911	-3.98780487804878
			8.19105691056911	-3.98373983739837
			8.1869918699187	-3.97967479674797
			8.1869918699187	-3.97560975609756
			8.18292682926829	-3.97154471544716
			8.17886178861789	-3.96747967479675
			8.17886178861789	-3.96341463414634
			8.17479674796748	-3.95934959349594
			8.17073170731707	-3.95528455284553
			8.17073170731707	-3.95121951219512
			8.16666666666667	-3.94715447154472
			8.16666666666667	-3.94308943089431
			8.16260162601626	-3.9390243902439
			8.15853658536586	-3.9349593495935
			8.15853658536586	-3.93089430894309
			8.15447154471545	-3.92682926829268
			8.15040650406504	-3.92276422764228
			8.15040650406504	-3.91869918699187
			8.14634146341463	-3.91463414634146
			8.14634146341463	-3.91056910569106
			8.14227642276423	-3.90650406504065
			8.13821138211382	-3.90243902439024
		</opercle>
	</curves.scaled>
	<ruler.points type=matrix rownames=TRUE colnames=FALSE nrow=2 ncol=2 as.numeric=TRUE >
		Ruler point 1	2440	2206
		Ruler point 2	2686	2206
	</ruler.points>
</shapes>

