<shapes type=list>
	<ruler.pixel type=vector names=FALSE length=1 as.numeric=TRUE >253.017785936088</ruler.pixel>
	<ruler.interval type=vector names=FALSE length=1 as.numeric=TRUE >1</ruler.interval>
	<scaling.units type=vector names=FALSE length=1 as.numeric=FALSE >cm</scaling.units>
	<scaling type=vector names=FALSE length=1 as.numeric=TRUE >0.00395229132331669</scaling>
	<image.name type=vector names=FALSE length=1 as.numeric=FALSE >TU202138_14_L.JPG</image.name>
	<landmarks.pixel type=matrix rownames=TRUE colnames=FALSE nrow=20 ncol=2 as.numeric=TRUE >
		snout_tip	1834	1211
		dorsal_ant	2640	970
		dorsal_post	2924	1043
		caud_upper	3616	1094
		caud_lower	3644	1323
		anal_post	3322	1327
		anal_ant	3170	1370
		pelv_1	2743	1394
		pect_1	2242	1327
		lower_operc	2214	1323
		upper_operc	2190	1092
		eye_center	2001	1156
		eye_1_ant	1946	1161
		eye_2	1958	1119
		eye_3_dors	2002	1092
		eye_4	2047	1107
		eye_5_post	2060	1150
		eye_6	2045	1189
		eye_7_vent	2004	1214
		eye_8	1959	1193
	</landmarks.pixel>
	<landmarks.scaled type=matrix rownames=TRUE colnames=FALSE nrow=20 ncol=2 as.numeric=TRUE >
		snout_tip	7.24850228696281	-4.78622479253651
		dorsal_ant	10.4340490935561	-3.83372258361719
		dorsal_post	11.556499829378	-4.12223985021931
		caud_upper	14.2914854251132	-4.32380670770846
		caud_lower	14.402149582166	-5.22888142074798
		anal_post	13.129511776058	-5.24469058604125
		anal_ant	12.5287634949139	-5.41463911294387
		pelv_1	10.8411350998577	-5.50949410470347
		pect_1	8.86103714687602	-5.24469058604125
		lower_operc	8.75037298982315	-5.22888142074798
		upper_operc	8.65551799806355	-4.31590212506183
		eye_center	7.9085349379567	-4.56884876975409
		eye_1_ant	7.69115891517428	-4.58861022637068
		eye_2	7.73858641105408	-4.42261399079138
		eye_3_dors	7.91248722928001	-4.31590212506183
		eye_4	8.09034033882926	-4.37518649491158
		eye_5_post	8.14172012603238	-4.54513502181419
		eye_6	8.08243575618263	-4.69927438342355
		eye_7_vent	7.92039181192665	-4.79808166650646
		eye_8	7.7425387023774	-4.71508354871681
	</landmarks.scaled>
	<curves.control type=list>
		<body_ant type=matrix rownames=FALSE colnames=FALSE nrow=7 ncol=2 as.numeric=TRUE >
			1834	1211
			1908	1073
			2155	1030
			2242	1007
			2453	982
			2570	976
			2640	970
		</body_ant>
		<body_post type=matrix rownames=FALSE colnames=FALSE nrow=5 ncol=2 as.numeric=TRUE >
			2924	1043
			3255	1112
			3487	1113
			3561	1107
			3616	1094
		</body_post>
		<opercle type=matrix rownames=FALSE colnames=FALSE nrow=3 ncol=2 as.numeric=TRUE >
			2214	1323
			2264	1247
			2190	1092
		</opercle>
	</curves.control>
	<curves.pixel type=list>
		<body_ant type=matrix rownames=FALSE colnames=FALSE nrow=843 ncol=2 as.numeric=TRUE >
			1834	1211
			1835	1210
			1835	1209
			1836	1208
			1836	1207
			1837	1206
			1837	1205
			1838	1204
			1838	1203
			1839	1203
			1839	1202
			1840	1201
			1840	1200
			1841	1199
			1842	1198
			1842	1197
			1843	1196
			1843	1195
			1844	1194
			1844	1193
			1845	1192
			1846	1192
			1846	1191
			1847	1190
			1847	1189
			1848	1188
			1849	1187
			1849	1186
			1850	1185
			1851	1184
			1851	1183
			1852	1183
			1852	1182
			1853	1181
			1854	1180
			1854	1179
			1855	1178
			1856	1177
			1856	1176
			1857	1176
			1858	1175
			1858	1174
			1859	1173
			1860	1172
			1860	1171
			1861	1170
			1862	1170
			1863	1169
			1863	1168
			1864	1167
			1865	1166
			1865	1165
			1866	1165
			1867	1164
			1868	1163
			1868	1162
			1869	1161
			1870	1160
			1871	1159
			1872	1158
			1873	1157
			1874	1156
			1875	1155
			1876	1154
			1877	1153
			1878	1152
			1879	1151
			1880	1150
			1881	1149
			1882	1148
			1882	1147
			1883	1146
			1884	1145
			1885	1144
			1886	1144
			1887	1143
			1888	1142
			1889	1141
			1890	1140
			1891	1139
			1892	1138
			1893	1138
			1893	1137
			1894	1137
			1895	1136
			1896	1135
			1897	1134
			1898	1133
			1899	1132
			1900	1132
			1901	1131
			1901	1130
			1902	1130
			1903	1129
			1904	1129
			1905	1128
			1905	1127
			1906	1127
			1907	1126
			1908	1125
			1909	1125
			1909	1124
			1910	1124
			1911	1123
			1912	1122
			1913	1122
			1914	1121
			1914	1120
			1915	1120
			1916	1119
			1917	1119
			1918	1118
			1919	1117
			1920	1116
			1921	1116
			1922	1115
			1923	1114
			1924	1113
			1925	1113
			1926	1112
			1927	1111
			1928	1111
			1929	1110
			1930	1110
			1931	1109
			1932	1108
			1933	1108
			1934	1107
			1935	1106
			1936	1106
			1937	1105
			1938	1105
			1939	1104
			1940	1103
			1941	1103
			1942	1102
			1943	1102
			1944	1101
			1945	1101
			1946	1100
			1947	1099
			1948	1099
			1949	1098
			1950	1098
			1951	1097
			1952	1097
			1953	1096
			1954	1095
			1955	1095
			1956	1094
			1957	1094
			1958	1093
			1959	1093
			1960	1092
			1961	1092
			1962	1091
			1963	1091
			1964	1090
			1965	1089
			1966	1089
			1967	1088
			1968	1088
			1969	1087
			1970	1087
			1971	1086
			1972	1086
			1973	1085
			1974	1085
			1975	1084
			1976	1084
			1977	1083
			1978	1083
			1979	1082
			1980	1082
			1981	1081
			1982	1081
			1983	1080
			1984	1080
			1985	1080
			1986	1079
			1987	1079
			1988	1078
			1989	1078
			1990	1077
			1991	1077
			1992	1077
			1993	1076
			1994	1076
			1995	1075
			1996	1075
			1997	1074
			1998	1074
			1999	1074
			2000	1073
			2001	1073
			2002	1072
			2003	1072
			2004	1072
			2005	1071
			2006	1071
			2007	1070
			2008	1070
			2009	1070
			2010	1069
			2011	1069
			2012	1068
			2013	1068
			2014	1068
			2015	1067
			2016	1067
			2017	1066
			2018	1066
			2019	1066
			2020	1065
			2021	1065
			2022	1064
			2023	1064
			2024	1064
			2025	1063
			2026	1063
			2027	1063
			2028	1062
			2029	1062
			2030	1061
			2031	1061
			2032	1061
			2033	1061
			2034	1060
			2035	1060
			2036	1059
			2037	1059
			2038	1059
			2039	1059
			2039	1058
			2040	1058
			2041	1058
			2042	1058
			2043	1057
			2044	1057
			2045	1057
			2046	1056
			2047	1056
			2048	1056
			2049	1055
			2050	1055
			2051	1055
			2052	1054
			2053	1054
			2054	1054
			2055	1054
			2056	1053
			2057	1053
			2058	1052
			2059	1052
			2060	1052
			2061	1052
			2062	1051
			2063	1051
			2064	1051
			2065	1050
			2066	1050
			2067	1050
			2068	1050
			2068	1049
			2069	1049
			2070	1049
			2071	1049
			2072	1048
			2073	1048
			2074	1048
			2075	1048
			2076	1047
			2077	1047
			2078	1047
			2079	1047
			2080	1046
			2081	1046
			2082	1046
			2083	1046
			2084	1045
			2085	1045
			2086	1045
			2087	1044
			2088	1044
			2089	1044
			2090	1044
			2091	1044
			2092	1043
			2093	1043
			2094	1043
			2095	1043
			2095	1042
			2096	1042
			2097	1042
			2098	1042
			2099	1041
			2100	1041
			2101	1041
			2102	1041
			2103	1041
			2103	1040
			2104	1040
			2105	1040
			2106	1040
			2107	1040
			2108	1039
			2109	1039
			2110	1039
			2111	1039
			2112	1038
			2113	1038
			2114	1038
			2115	1038
			2116	1038
			2117	1037
			2118	1037
			2119	1037
			2120	1037
			2121	1037
			2122	1036
			2123	1036
			2124	1036
			2125	1036
			2126	1035
			2127	1035
			2128	1035
			2129	1035
			2130	1035
			2131	1034
			2132	1034
			2133	1034
			2134	1034
			2135	1034
			2136	1033
			2137	1033
			2138	1033
			2139	1033
			2140	1033
			2141	1033
			2142	1032
			2143	1032
			2144	1032
			2145	1032
			2146	1032
			2147	1031
			2148	1031
			2149	1031
			2150	1031
			2151	1031
			2152	1031
			2153	1030
			2154	1030
			2155	1030
			2156	1030
			2157	1029
			2158	1029
			2159	1029
			2160	1029
			2161	1028
			2162	1028
			2163	1028
			2164	1028
			2165	1027
			2166	1027
			2167	1027
			2168	1027
			2169	1026
			2170	1026
			2171	1026
			2172	1026
			2173	1025
			2174	1025
			2175	1025
			2176	1025
			2177	1025
			2178	1024
			2179	1024
			2180	1024
			2181	1024
			2182	1023
			2183	1023
			2184	1023
			2185	1023
			2186	1023
			2187	1022
			2188	1022
			2189	1022
			2190	1022
			2191	1021
			2192	1021
			2193	1021
			2194	1021
			2195	1021
			2196	1020
			2197	1020
			2198	1020
			2199	1020
			2200	1020
			2201	1019
			2202	1019
			2203	1019
			2204	1019
			2205	1019
			2206	1018
			2207	1018
			2208	1018
			2209	1018
			2210	1018
			2211	1017
			2212	1017
			2213	1017
			2214	1017
			2215	1017
			2216	1016
			2217	1016
			2218	1016
			2219	1016
			2220	1016
			2221	1016
			2222	1015
			2223	1015
			2224	1015
			2225	1015
			2226	1015
			2227	1014
			2228	1014
			2229	1014
			2230	1014
			2231	1014
			2232	1013
			2233	1013
			2234	1013
			2235	1013
			2236	1013
			2237	1013
			2238	1012
			2239	1012
			2240	1012
			2241	1012
			2242	1012
			2243	1012
			2244	1011
			2245	1011
			2246	1011
			2247	1011
			2248	1011
			2249	1010
			2250	1010
			2251	1010
			2252	1010
			2253	1010
			2254	1010
			2255	1009
			2256	1009
			2257	1009
			2258	1009
			2259	1009
			2260	1009
			2261	1009
			2262	1008
			2263	1008
			2264	1008
			2265	1008
			2266	1008
			2267	1008
			2268	1007
			2269	1007
			2270	1007
			2271	1007
			2272	1007
			2273	1007
			2274	1006
			2275	1006
			2276	1006
			2277	1006
			2278	1006
			2279	1006
			2280	1005
			2281	1005
			2282	1005
			2283	1005
			2284	1005
			2285	1005
			2286	1004
			2287	1004
			2288	1004
			2289	1004
			2290	1004
			2291	1004
			2292	1003
			2293	1003
			2294	1003
			2295	1003
			2296	1003
			2297	1003
			2298	1003
			2299	1002
			2300	1002
			2301	1002
			2302	1002
			2303	1002
			2304	1002
			2305	1002
			2306	1001
			2307	1001
			2308	1001
			2309	1001
			2310	1001
			2311	1001
			2312	1001
			2312	1000
			2313	1000
			2314	1000
			2315	1000
			2316	1000
			2317	1000
			2318	1000
			2319	999
			2320	999
			2321	999
			2322	999
			2323	999
			2324	999
			2325	999
			2326	998
			2327	998
			2328	998
			2329	998
			2330	998
			2331	998
			2332	998
			2333	997
			2334	997
			2335	997
			2336	997
			2337	997
			2338	997
			2339	997
			2340	996
			2341	996
			2342	996
			2343	996
			2344	996
			2345	996
			2346	996
			2347	996
			2348	995
			2349	995
			2350	995
			2351	995
			2352	995
			2353	995
			2354	995
			2354	994
			2355	994
			2356	994
			2357	994
			2358	994
			2359	994
			2360	994
			2361	994
			2362	994
			2362	993
			2363	993
			2364	993
			2365	993
			2366	993
			2367	993
			2368	993
			2369	993
			2370	992
			2371	992
			2372	992
			2373	992
			2374	992
			2375	992
			2376	992
			2377	991
			2378	991
			2379	991
			2380	991
			2381	991
			2382	991
			2383	991
			2384	991
			2385	990
			2386	990
			2387	990
			2388	990
			2389	990
			2390	990
			2391	990
			2392	989
			2393	989
			2394	989
			2395	989
			2396	989
			2397	989
			2398	989
			2399	989
			2400	988
			2401	988
			2402	988
			2403	988
			2404	988
			2405	988
			2406	988
			2407	988
			2408	988
			2409	987
			2410	987
			2411	987
			2412	987
			2413	987
			2414	987
			2415	987
			2416	987
			2416	986
			2417	986
			2418	986
			2419	986
			2420	986
			2421	986
			2422	986
			2423	986
			2424	986
			2425	985
			2426	985
			2427	985
			2428	985
			2429	985
			2430	985
			2431	985
			2432	985
			2433	984
			2434	984
			2435	984
			2436	984
			2437	984
			2438	984
			2439	984
			2440	984
			2441	983
			2442	983
			2443	983
			2444	983
			2445	983
			2446	983
			2447	983
			2448	983
			2449	982
			2450	982
			2451	982
			2452	982
			2453	982
			2454	982
			2455	982
			2456	982
			2457	982
			2458	982
			2459	982
			2460	982
			2461	982
			2462	982
			2463	981
			2464	981
			2465	981
			2466	981
			2467	981
			2468	981
			2469	981
			2470	981
			2471	981
			2472	981
			2473	981
			2474	981
			2475	981
			2476	981
			2477	981
			2478	981
			2479	981
			2480	981
			2481	981
			2482	980
			2483	980
			2484	980
			2485	980
			2486	980
			2487	980
			2488	980
			2489	980
			2490	980
			2491	980
			2492	980
			2493	980
			2494	980
			2495	980
			2496	980
			2497	980
			2498	980
			2499	980
			2500	979
			2501	979
			2502	979
			2503	979
			2504	979
			2505	979
			2506	979
			2507	979
			2508	979
			2509	979
			2510	979
			2511	979
			2512	979
			2513	979
			2514	979
			2515	979
			2516	979
			2517	978
			2518	978
			2519	978
			2520	978
			2521	978
			2522	978
			2523	978
			2524	978
			2525	978
			2526	978
			2527	978
			2528	978
			2529	978
			2530	978
			2531	978
			2532	978
			2533	978
			2534	978
			2535	977
			2536	977
			2537	977
			2538	977
			2539	977
			2540	977
			2541	977
			2542	977
			2543	977
			2544	977
			2545	977
			2546	977
			2547	977
			2548	977
			2549	977
			2550	977
			2551	976
			2552	976
			2553	976
			2554	976
			2555	976
			2556	976
			2557	976
			2558	976
			2559	976
			2560	976
			2561	976
			2562	976
			2563	976
			2564	976
			2565	976
			2566	976
			2567	975
			2568	975
			2569	975
			2570	975
			2571	975
			2572	975
			2573	975
			2574	975
			2575	975
			2576	975
			2577	975
			2578	975
			2579	975
			2580	975
			2581	975
			2582	974
			2583	974
			2584	974
			2585	974
			2586	974
			2587	974
			2588	974
			2589	974
			2590	974
			2591	974
			2592	974
			2593	974
			2594	974
			2595	974
			2596	973
			2597	973
			2598	973
			2599	973
			2600	973
			2601	973
			2602	973
			2603	973
			2604	973
			2605	973
			2606	973
			2607	973
			2608	973
			2609	972
			2610	972
			2611	972
			2612	972
			2613	972
			2614	972
			2615	972
			2616	972
			2617	972
			2618	972
			2619	972
			2620	972
			2621	972
			2622	971
			2623	971
			2624	971
			2625	971
			2626	971
			2627	971
			2628	971
			2629	971
			2630	971
			2631	971
			2632	971
			2633	971
			2634	971
			2634	970
			2635	970
			2636	970
			2637	970
			2638	970
			2639	970
			2640	970
		</body_ant>
		<body_post type=matrix rownames=FALSE colnames=FALSE nrow=696 ncol=2 as.numeric=TRUE >
			2924	1043
			2925	1043
			2926	1043
			2927	1044
			2928	1044
			2929	1044
			2930	1044
			2931	1045
			2932	1045
			2933	1045
			2934	1045
			2935	1045
			2936	1045
			2936	1046
			2937	1046
			2938	1046
			2939	1046
			2940	1046
			2941	1047
			2942	1047
			2943	1047
			2944	1047
			2945	1047
			2946	1048
			2947	1048
			2948	1048
			2949	1048
			2950	1048
			2951	1049
			2952	1049
			2953	1049
			2954	1049
			2955	1049
			2956	1050
			2957	1050
			2958	1050
			2959	1050
			2960	1050
			2961	1050
			2962	1051
			2963	1051
			2964	1051
			2965	1051
			2966	1052
			2967	1052
			2968	1052
			2969	1052
			2970	1052
			2971	1053
			2972	1053
			2973	1053
			2974	1053
			2975	1053
			2976	1054
			2977	1054
			2978	1054
			2979	1054
			2980	1054
			2981	1055
			2982	1055
			2983	1055
			2984	1055
			2985	1055
			2986	1056
			2987	1056
			2988	1056
			2989	1056
			2990	1056
			2991	1056
			2992	1057
			2993	1057
			2994	1057
			2995	1057
			2996	1057
			2997	1058
			2998	1058
			2999	1058
			3000	1058
			3001	1058
			3002	1059
			3003	1059
			3004	1059
			3005	1059
			3006	1059
			3007	1060
			3008	1060
			3009	1060
			3010	1060
			3011	1060
			3012	1060
			3013	1061
			3014	1061
			3015	1061
			3016	1061
			3017	1061
			3018	1062
			3019	1062
			3020	1062
			3021	1062
			3022	1062
			3023	1063
			3024	1063
			3025	1063
			3026	1063
			3027	1063
			3028	1064
			3029	1064
			3030	1064
			3031	1064
			3032	1064
			3033	1064
			3034	1065
			3035	1065
			3036	1065
			3037	1065
			3038	1065
			3039	1065
			3040	1066
			3041	1066
			3042	1066
			3043	1066
			3044	1066
			3045	1067
			3046	1067
			3047	1067
			3048	1067
			3049	1067
			3050	1067
			3051	1068
			3052	1068
			3053	1068
			3054	1068
			3055	1068
			3056	1069
			3057	1069
			3058	1069
			3059	1069
			3060	1069
			3061	1069
			3062	1070
			3063	1070
			3064	1070
			3065	1070
			3066	1070
			3067	1070
			3068	1071
			3069	1071
			3070	1071
			3071	1071
			3072	1071
			3073	1071
			3074	1072
			3075	1072
			3076	1072
			3077	1072
			3078	1072
			3079	1072
			3080	1073
			3081	1073
			3082	1073
			3083	1073
			3084	1073
			3085	1073
			3086	1074
			3087	1074
			3088	1074
			3089	1074
			3090	1074
			3091	1075
			3092	1075
			3093	1075
			3094	1075
			3095	1075
			3096	1075
			3097	1076
			3098	1076
			3099	1076
			3100	1076
			3101	1076
			3102	1076
			3103	1077
			3104	1077
			3105	1077
			3106	1077
			3107	1077
			3108	1077
			3109	1078
			3110	1078
			3111	1078
			3112	1078
			3113	1078
			3114	1078
			3115	1079
			3116	1079
			3117	1079
			3118	1079
			3119	1079
			3120	1079
			3121	1079
			3122	1080
			3123	1080
			3124	1080
			3125	1080
			3126	1080
			3127	1080
			3128	1081
			3129	1081
			3130	1081
			3131	1081
			3132	1081
			3133	1081
			3134	1081
			3135	1082
			3136	1082
			3137	1082
			3138	1082
			3139	1082
			3140	1082
			3141	1083
			3142	1083
			3143	1083
			3144	1083
			3145	1083
			3146	1083
			3147	1083
			3148	1084
			3149	1084
			3150	1084
			3151	1084
			3152	1084
			3153	1084
			3154	1084
			3155	1085
			3156	1085
			3157	1085
			3158	1085
			3159	1085
			3160	1085
			3161	1086
			3162	1086
			3163	1086
			3164	1086
			3165	1086
			3166	1086
			3167	1086
			3168	1087
			3169	1087
			3170	1087
			3171	1087
			3172	1087
			3173	1087
			3174	1087
			3175	1088
			3176	1088
			3177	1088
			3178	1088
			3179	1088
			3180	1088
			3181	1088
			3182	1089
			3183	1089
			3184	1089
			3185	1089
			3186	1089
			3187	1089
			3188	1089
			3189	1090
			3190	1090
			3191	1090
			3192	1090
			3193	1090
			3194	1090
			3195	1090
			3196	1091
			3197	1091
			3198	1091
			3199	1091
			3200	1091
			3201	1091
			3202	1091
			3203	1091
			3204	1092
			3205	1092
			3206	1092
			3207	1092
			3208	1092
			3209	1092
			3210	1092
			3211	1093
			3212	1093
			3213	1093
			3214	1093
			3215	1093
			3216	1093
			3217	1093
			3218	1093
			3219	1094
			3220	1094
			3221	1094
			3222	1094
			3223	1094
			3224	1094
			3225	1094
			3226	1095
			3227	1095
			3228	1095
			3229	1095
			3230	1095
			3231	1095
			3232	1095
			3233	1095
			3234	1095
			3235	1096
			3236	1096
			3237	1096
			3238	1096
			3239	1096
			3240	1096
			3241	1096
			3242	1096
			3243	1097
			3244	1097
			3245	1097
			3246	1097
			3247	1097
			3248	1097
			3249	1097
			3250	1097
			3251	1098
			3252	1098
			3253	1098
			3254	1098
			3255	1098
			3256	1098
			3257	1098
			3258	1098
			3259	1098
			3260	1099
			3261	1099
			3262	1099
			3263	1099
			3264	1099
			3265	1099
			3266	1099
			3267	1099
			3268	1099
			3269	1100
			3270	1100
			3271	1100
			3272	1100
			3273	1100
			3274	1100
			3275	1100
			3276	1100
			3277	1100
			3278	1100
			3278	1101
			3279	1101
			3280	1101
			3281	1101
			3282	1101
			3283	1101
			3284	1101
			3285	1101
			3286	1101
			3287	1101
			3288	1102
			3289	1102
			3290	1102
			3291	1102
			3292	1102
			3293	1102
			3294	1102
			3295	1102
			3296	1102
			3297	1102
			3298	1103
			3299	1103
			3300	1103
			3301	1103
			3302	1103
			3303	1103
			3304	1103
			3305	1103
			3306	1103
			3307	1103
			3308	1104
			3309	1104
			3310	1104
			3311	1104
			3312	1104
			3313	1104
			3314	1104
			3315	1104
			3316	1104
			3317	1104
			3318	1104
			3319	1105
			3320	1105
			3321	1105
			3322	1105
			3323	1105
			3324	1105
			3325	1105
			3326	1105
			3327	1105
			3328	1105
			3329	1105
			3330	1106
			3331	1106
			3332	1106
			3333	1106
			3334	1106
			3335	1106
			3336	1106
			3337	1106
			3338	1106
			3339	1106
			3340	1106
			3341	1106
			3342	1107
			3343	1107
			3344	1107
			3345	1107
			3346	1107
			3347	1107
			3348	1107
			3349	1107
			3350	1107
			3351	1107
			3352	1107
			3353	1107
			3354	1107
			3355	1108
			3356	1108
			3357	1108
			3358	1108
			3359	1108
			3360	1108
			3361	1108
			3362	1108
			3363	1108
			3364	1108
			3365	1108
			3366	1108
			3367	1108
			3368	1108
			3369	1109
			3370	1109
			3371	1109
			3372	1109
			3373	1109
			3374	1109
			3375	1109
			3376	1109
			3377	1109
			3378	1109
			3379	1109
			3380	1109
			3381	1109
			3382	1109
			3383	1109
			3384	1109
			3385	1110
			3386	1110
			3387	1110
			3388	1110
			3389	1110
			3390	1110
			3391	1110
			3392	1110
			3393	1110
			3394	1110
			3395	1110
			3396	1110
			3397	1110
			3398	1110
			3399	1110
			3400	1110
			3401	1110
			3402	1111
			3403	1111
			3404	1111
			3405	1111
			3406	1111
			3407	1111
			3408	1111
			3409	1111
			3410	1111
			3411	1111
			3412	1111
			3413	1111
			3414	1111
			3415	1111
			3416	1111
			3417	1111
			3418	1111
			3419	1111
			3420	1111
			3421	1111
			3422	1111
			3423	1112
			3424	1112
			3425	1112
			3426	1112
			3427	1112
			3428	1112
			3429	1112
			3430	1112
			3431	1112
			3432	1112
			3433	1112
			3434	1112
			3435	1112
			3436	1112
			3437	1112
			3438	1112
			3439	1112
			3440	1112
			3441	1112
			3442	1112
			3443	1112
			3444	1112
			3445	1112
			3446	1112
			3447	1112
			3448	1112
			3449	1112
			3450	1112
			3451	1112
			3452	1112
			3453	1113
			3454	1113
			3455	1113
			3456	1113
			3457	1113
			3458	1113
			3459	1113
			3460	1113
			3461	1113
			3462	1113
			3463	1113
			3464	1113
			3465	1113
			3466	1113
			3467	1113
			3468	1113
			3469	1113
			3470	1113
			3471	1113
			3472	1113
			3473	1113
			3474	1113
			3475	1113
			3476	1113
			3477	1113
			3478	1113
			3479	1113
			3480	1113
			3481	1113
			3482	1113
			3483	1113
			3484	1113
			3485	1113
			3486	1113
			3487	1113
			3488	1113
			3489	1113
			3490	1113
			3491	1113
			3492	1113
			3493	1112
			3494	1112
			3495	1112
			3496	1112
			3497	1112
			3498	1112
			3499	1112
			3500	1112
			3501	1112
			3502	1112
			3503	1112
			3504	1111
			3505	1111
			3506	1111
			3507	1111
			3508	1111
			3509	1111
			3510	1111
			3511	1111
			3512	1111
			3513	1111
			3514	1110
			3515	1110
			3516	1110
			3517	1110
			3518	1110
			3519	1110
			3520	1110
			3521	1110
			3522	1110
			3523	1110
			3524	1109
			3525	1109
			3526	1109
			3527	1109
			3528	1109
			3529	1109
			3530	1109
			3531	1109
			3532	1108
			3533	1108
			3534	1108
			3535	1108
			3536	1108
			3537	1108
			3538	1108
			3539	1108
			3540	1108
			3541	1107
			3542	1107
			3543	1107
			3544	1107
			3545	1107
			3546	1107
			3547	1107
			3548	1106
			3549	1106
			3550	1106
			3551	1106
			3552	1106
			3553	1106
			3554	1106
			3555	1105
			3556	1105
			3557	1105
			3558	1105
			3559	1105
			3560	1105
			3561	1105
			3562	1104
			3563	1104
			3564	1104
			3565	1104
			3566	1104
			3567	1104
			3568	1103
			3569	1103
			3570	1103
			3571	1103
			3572	1103
			3573	1103
			3574	1102
			3575	1102
			3576	1102
			3577	1102
			3578	1102
			3579	1102
			3580	1101
			3581	1101
			3582	1101
			3583	1101
			3584	1101
			3585	1101
			3586	1100
			3587	1100
			3588	1100
			3589	1100
			3590	1100
			3590	1099
			3591	1099
			3592	1099
			3593	1099
			3594	1099
			3595	1099
			3596	1098
			3597	1098
			3598	1098
			3599	1098
			3600	1098
			3601	1097
			3602	1097
			3603	1097
			3604	1097
			3605	1096
			3606	1096
			3607	1096
			3608	1096
			3609	1096
			3610	1095
			3611	1095
			3612	1095
			3613	1095
			3614	1094
			3615	1094
			3616	1094
		</body_post>
		<opercle type=matrix rownames=FALSE colnames=FALSE nrow=240 ncol=2 as.numeric=TRUE >
			2214	1323
			2214	1322
			2215	1322
			2215	1321
			2216	1320
			2216	1319
			2217	1318
			2218	1317
			2218	1316
			2219	1315
			2219	1314
			2220	1313
			2220	1312
			2221	1311
			2221	1310
			2222	1309
			2222	1308
			2223	1307
			2223	1306
			2224	1305
			2224	1304
			2225	1303
			2225	1302
			2225	1301
			2226	1300
			2226	1299
			2226	1298
			2227	1297
			2227	1296
			2227	1295
			2228	1294
			2228	1293
			2228	1292
			2229	1291
			2229	1290
			2229	1289
			2229	1288
			2230	1287
			2230	1286
			2230	1285
			2230	1284
			2231	1283
			2231	1282
			2231	1281
			2231	1280
			2231	1279
			2232	1278
			2232	1277
			2232	1276
			2232	1275
			2232	1274
			2232	1273
			2233	1272
			2233	1271
			2233	1270
			2233	1269
			2233	1268
			2233	1267
			2233	1266
			2233	1265
			2234	1264
			2234	1263
			2234	1262
			2234	1261
			2234	1260
			2234	1259
			2234	1258
			2234	1257
			2234	1256
			2234	1255
			2234	1254
			2234	1253
			2234	1252
			2234	1251
			2234	1250
			2234	1249
			2234	1248
			2234	1247
			2234	1246
			2234	1245
			2234	1244
			2234	1243
			2234	1242
			2234	1241
			2234	1240
			2234	1239
			2234	1238
			2234	1237
			2234	1236
			2234	1235
			2234	1234
			2234	1233
			2233	1232
			2233	1231
			2233	1230
			2233	1229
			2233	1228
			2233	1227
			2233	1226
			2233	1225
			2233	1224
			2233	1223
			2232	1222
			2232	1221
			2232	1220
			2232	1219
			2232	1218
			2232	1217
			2232	1216
			2231	1215
			2231	1214
			2231	1213
			2231	1212
			2231	1211
			2231	1210
			2230	1209
			2230	1208
			2230	1207
			2230	1206
			2230	1205
			2229	1204
			2229	1203
			2229	1202
			2229	1201
			2229	1200
			2229	1199
			2228	1198
			2228	1197
			2228	1196
			2228	1195
			2227	1194
			2227	1193
			2227	1192
			2227	1191
			2227	1190
			2226	1190
			2226	1189
			2226	1188
			2226	1187
			2225	1186
			2225	1185
			2225	1184
			2225	1183
			2224	1182
			2224	1181
			2224	1180
			2223	1179
			2223	1178
			2223	1177
			2223	1176
			2222	1175
			2222	1174
			2222	1173
			2222	1172
			2221	1171
			2221	1170
			2221	1169
			2220	1168
			2220	1167
			2220	1166
			2220	1165
			2219	1165
			2219	1164
			2219	1163
			2219	1162
			2218	1162
			2218	1161
			2218	1160
			2218	1159
			2217	1159
			2217	1158
			2217	1157
			2217	1156
			2216	1156
			2216	1155
			2216	1154
			2215	1153
			2215	1152
			2215	1151
			2214	1150
			2214	1149
			2214	1148
			2213	1147
			2213	1146
			2213	1145
			2212	1144
			2212	1143
			2212	1142
			2211	1142
			2211	1141
			2211	1140
			2210	1139
			2210	1138
			2209	1137
			2209	1136
			2209	1135
			2208	1134
			2208	1133
			2208	1132
			2207	1131
			2207	1130
			2206	1129
			2206	1128
			2206	1127
			2205	1126
			2205	1125
			2204	1124
			2204	1123
			2204	1122
			2203	1121
			2203	1120
			2202	1119
			2202	1118
			2202	1117
			2201	1116
			2201	1115
			2200	1115
			2200	1114
			2199	1113
			2199	1112
			2199	1111
			2198	1110
			2198	1109
			2197	1108
			2197	1107
			2196	1106
			2196	1105
			2195	1104
			2195	1103
			2194	1102
			2194	1101
			2194	1100
			2193	1099
			2193	1098
			2192	1097
			2192	1096
			2192	1095
			2191	1094
			2190	1093
			2190	1092
		</opercle>
	</curves.pixel>
	<curves.scaled type=list>
		<body_ant type=matrix rownames=FALSE colnames=FALSE nrow=843 ncol=2 as.numeric=TRUE >
			7.24850228696281	-4.78622479253651
			7.25245457828613	-4.7822725012132
			7.25245457828613	-4.77832020988988
			7.25640686960944	-4.77436791856656
			7.25640686960944	-4.77041562724325
			7.26035916093276	-4.76646333591993
			7.26035916093276	-4.76251104459661
			7.26431145225608	-4.7585587532733
			7.26431145225608	-4.75460646194998
			7.26826374357939	-4.75460646194998
			7.26826374357939	-4.75065417062666
			7.27221603490271	-4.74670187930335
			7.27221603490271	-4.74274958798003
			7.27616832622603	-4.73879729665671
			7.28012061754934	-4.7348450053334
			7.28012061754934	-4.73089271401008
			7.28407290887266	-4.72694042268676
			7.28407290887266	-4.72298813136345
			7.28802520019598	-4.71903584004013
			7.28802520019598	-4.71508354871681
			7.29197749151929	-4.71113125739349
			7.29592978284261	-4.71113125739349
			7.29592978284261	-4.70717896607018
			7.29988207416593	-4.70322667474686
			7.29988207416593	-4.69927438342355
			7.30383436548924	-4.69532209210023
			7.30778665681256	-4.69136980077691
			7.30778665681256	-4.68741750945359
			7.31173894813588	-4.68346521813028
			7.31569123945919	-4.67951292680696
			7.31569123945919	-4.67556063548364
			7.31964353078251	-4.67556063548364
			7.31964353078251	-4.67160834416033
			7.32359582210583	-4.66765605283701
			7.32754811342914	-4.66370376151369
			7.32754811342914	-4.65975147019038
			7.33150040475246	-4.65579917886706
			7.33545269607578	-4.65184688754374
			7.33545269607578	-4.64789459622043
			7.33940498739909	-4.64789459622043
			7.34335727872241	-4.64394230489711
			7.34335727872241	-4.63999001357379
			7.34730957004573	-4.63603772225048
			7.35126186136904	-4.63208543092716
			7.35126186136904	-4.62813313960384
			7.35521415269236	-4.62418084828053
			7.35916644401568	-4.62418084828053
			7.36311873533899	-4.62022855695721
			7.36311873533899	-4.61627626563389
			7.36707102666231	-4.61232397431058
			7.37102331798563	-4.60837168298726
			7.37102331798563	-4.60441939166394
			7.37497560930894	-4.60441939166394
			7.37892790063226	-4.60046710034063
			7.38288019195558	-4.59651480901731
			7.38288019195558	-4.59256251769399
			7.38683248327889	-4.58861022637068
			7.39078477460221	-4.58465793504736
			7.39473706592553	-4.58070564372404
			7.39868935724884	-4.57675335240073
			7.40264164857216	-4.57280106107741
			7.40659393989548	-4.56884876975409
			7.41054623121879	-4.56489647843078
			7.41449852254211	-4.56094418710746
			7.41845081386543	-4.55699189578414
			7.42240310518874	-4.55303960446083
			7.42635539651206	-4.54908731313751
			7.43030768783538	-4.54513502181419
			7.43425997915869	-4.54118273049088
			7.43821227048201	-4.53723043916756
			7.43821227048201	-4.53327814784424
			7.44216456180533	-4.52932585652093
			7.44611685312865	-4.52537356519761
			7.45006914445196	-4.52142127387429
			7.45402143577528	-4.52142127387429
			7.45797372709859	-4.51746898255098
			7.46192601842191	-4.51351669122766
			7.46587830974523	-4.50956439990434
			7.46983060106855	-4.50561210858103
			7.47378289239186	-4.50165981725771
			7.47773518371518	-4.49770752593439
			7.48168747503849	-4.49770752593439
			7.48168747503849	-4.49375523461108
			7.48563976636181	-4.49375523461108
			7.48959205768513	-4.48980294328776
			7.49354434900845	-4.48585065196444
			7.49749664033176	-4.48189836064113
			7.50144893165508	-4.47794606931781
			7.50540122297839	-4.47399377799449
			7.50935351430171	-4.47399377799449
			7.51330580562503	-4.47004148667118
			7.51330580562503	-4.46608919534786
			7.51725809694835	-4.46608919534786
			7.52121038827166	-4.46213690402454
			7.52516267959498	-4.46213690402454
			7.52911497091829	-4.45818461270123
			7.52911497091829	-4.45423232137791
			7.53306726224161	-4.45423232137791
			7.53701955356493	-4.45028003005459
			7.54097184488825	-4.44632773873128
			7.54492413621156	-4.44632773873128
			7.54492413621156	-4.44237544740796
			7.54887642753488	-4.44237544740796
			7.5528287188582	-4.43842315608464
			7.55678101018151	-4.43447086476133
			7.56073330150483	-4.43447086476133
			7.56468559282815	-4.43051857343801
			7.56468559282815	-4.42656628211469
			7.56863788415146	-4.42656628211469
			7.57259017547478	-4.42261399079138
			7.5765424667981	-4.42261399079138
			7.58049475812141	-4.41866169946806
			7.58444704944473	-4.41470940814474
			7.58839934076805	-4.41075711682143
			7.59235163209136	-4.41075711682143
			7.59630392341468	-4.40680482549811
			7.600256214738	-4.40285253417479
			7.60420850606131	-4.39890024285148
			7.60816079738463	-4.39890024285148
			7.61211308870795	-4.39494795152816
			7.61606538003126	-4.39099566020484
			7.62001767135458	-4.39099566020484
			7.6239699626779	-4.38704336888153
			7.62792225400121	-4.38704336888153
			7.63187454532453	-4.38309107755821
			7.63582683664785	-4.37913878623489
			7.63977912797116	-4.37913878623489
			7.64373141929448	-4.37518649491158
			7.6476837106178	-4.37123420358826
			7.65163600194111	-4.37123420358826
			7.65558829326443	-4.36728191226494
			7.65954058458775	-4.36728191226494
			7.66349287591106	-4.36332962094163
			7.66744516723438	-4.35937732961831
			7.6713974585577	-4.35937732961831
			7.67534974988101	-4.35542503829499
			7.67930204120433	-4.35542503829499
			7.68325433252765	-4.35147274697168
			7.68720662385096	-4.35147274697168
			7.69115891517428	-4.34752045564836
			7.6951112064976	-4.34356816432504
			7.69906349782091	-4.34356816432504
			7.70301578914423	-4.33961587300173
			7.70696808046755	-4.33961587300173
			7.71092037179086	-4.33566358167841
			7.71487266311418	-4.33566358167841
			7.7188249544375	-4.33171129035509
			7.72277724576081	-4.32775899903178
			7.72672953708413	-4.32775899903178
			7.73068182840745	-4.32380670770846
			7.73463411973076	-4.32380670770846
			7.73858641105408	-4.31985441638514
			7.7425387023774	-4.31985441638514
			7.74649099370071	-4.31590212506183
			7.75044328502403	-4.31590212506183
			7.75439557634735	-4.31194983373851
			7.75834786767066	-4.31194983373851
			7.76230015899398	-4.30799754241519
			7.7662524503173	-4.30404525109188
			7.77020474164061	-4.30404525109188
			7.77415703296393	-4.30009295976856
			7.77810932428725	-4.30009295976856
			7.78206161561056	-4.29614066844524
			7.78601390693388	-4.29614066844524
			7.7899661982572	-4.29218837712193
			7.79391848958051	-4.29218837712193
			7.79787078090383	-4.28823608579861
			7.80182307222715	-4.28823608579861
			7.80577536355046	-4.28428379447529
			7.80972765487378	-4.28428379447529
			7.8136799461971	-4.28033150315198
			7.81763223752041	-4.28033150315198
			7.82158452884373	-4.27637921182866
			7.82553682016705	-4.27637921182866
			7.82948911149036	-4.27242692050534
			7.83344140281368	-4.27242692050534
			7.837393694137	-4.26847462918203
			7.84134598546031	-4.26847462918203
			7.84529827678363	-4.26847462918203
			7.84925056810695	-4.26452233785871
			7.85320285943026	-4.26452233785871
			7.85715515075358	-4.26057004653539
			7.8611074420769	-4.26057004653539
			7.86505973340021	-4.25661775521208
			7.86901202472353	-4.25661775521208
			7.87296431604685	-4.25661775521208
			7.87691660737016	-4.25266546388876
			7.88086889869348	-4.25266546388876
			7.8848211900168	-4.24871317256544
			7.88877348134011	-4.24871317256544
			7.89272577266343	-4.24476088124213
			7.89667806398675	-4.24476088124213
			7.90063035531006	-4.24476088124213
			7.90458264663338	-4.24080858991881
			7.9085349379567	-4.24080858991881
			7.91248722928001	-4.23685629859549
			7.91643952060333	-4.23685629859549
			7.92039181192665	-4.23685629859549
			7.92434410324996	-4.23290400727218
			7.92829639457328	-4.23290400727218
			7.9322486858966	-4.22895171594886
			7.93620097721991	-4.22895171594886
			7.94015326854323	-4.22895171594886
			7.94410555986655	-4.22499942462554
			7.94805785118986	-4.22499942462554
			7.95201014251318	-4.22104713330223
			7.9559624338365	-4.22104713330223
			7.95991472515981	-4.22104713330223
			7.96386701648313	-4.21709484197891
			7.96781930780645	-4.21709484197891
			7.97177159912976	-4.21314255065559
			7.97572389045308	-4.21314255065559
			7.9796761817764	-4.21314255065559
			7.98362847309971	-4.20919025933228
			7.98758076442303	-4.20919025933228
			7.99153305574635	-4.20523796800896
			7.99548534706966	-4.20523796800896
			7.99943763839298	-4.20523796800896
			8.0033899297163	-4.20128567668564
			8.00734222103961	-4.20128567668564
			8.01129451236293	-4.20128567668564
			8.01524680368625	-4.19733338536233
			8.01919909500957	-4.19733338536233
			8.02315138633288	-4.19338109403901
			8.0271036776562	-4.19338109403901
			8.03105596897952	-4.19338109403901
			8.03500826030283	-4.19338109403901
			8.03896055162615	-4.18942880271569
			8.04291284294946	-4.18942880271569
			8.04686513427278	-4.18547651139238
			8.0508174255961	-4.18547651139238
			8.05476971691941	-4.18547651139238
			8.05872200824273	-4.18547651139238
			8.05872200824273	-4.18152422006906
			8.06267429956605	-4.18152422006906
			8.06662659088937	-4.18152422006906
			8.07057888221268	-4.18152422006906
			8.074531173536	-4.17757192874574
			8.07848346485932	-4.17757192874574
			8.08243575618263	-4.17757192874574
			8.08638804750595	-4.17361963742243
			8.09034033882926	-4.17361963742243
			8.09429263015258	-4.17361963742243
			8.0982449214759	-4.16966734609911
			8.10219721279922	-4.16966734609911
			8.10614950412253	-4.16966734609911
			8.11010179544585	-4.16571505477579
			8.11405408676917	-4.16571505477579
			8.11800637809248	-4.16571505477579
			8.1219586694158	-4.16571505477579
			8.12591096073912	-4.16176276345247
			8.12986325206243	-4.16176276345247
			8.13381554338575	-4.15781047212916
			8.13776783470906	-4.15781047212916
			8.14172012603238	-4.15781047212916
			8.1456724173557	-4.15781047212916
			8.14962470867902	-4.15385818080584
			8.15357700000233	-4.15385818080584
			8.15752929132565	-4.15385818080584
			8.16148158264897	-4.14990588948252
			8.16543387397228	-4.14990588948252
			8.1693861652956	-4.14990588948252
			8.17333845661892	-4.14990588948252
			8.17333845661892	-4.14595359815921
			8.17729074794223	-4.14595359815921
			8.18124303926555	-4.14595359815921
			8.18519533058886	-4.14595359815921
			8.18914762191218	-4.14200130683589
			8.1930999132355	-4.14200130683589
			8.19705220455882	-4.14200130683589
			8.20100449588213	-4.14200130683589
			8.20495678720545	-4.13804901551257
			8.20890907852877	-4.13804901551257
			8.21286136985208	-4.13804901551257
			8.2168136611754	-4.13804901551257
			8.22076595249872	-4.13409672418926
			8.22471824382203	-4.13409672418926
			8.22867053514535	-4.13409672418926
			8.23262282646867	-4.13409672418926
			8.23657511779198	-4.13014443286594
			8.2405274091153	-4.13014443286594
			8.24447970043862	-4.13014443286594
			8.24843199176193	-4.12619214154262
			8.25238428308525	-4.12619214154262
			8.25633657440857	-4.12619214154262
			8.26028886573188	-4.12619214154262
			8.2642411570552	-4.12619214154262
			8.26819344837852	-4.12223985021931
			8.27214573970183	-4.12223985021931
			8.27609803102515	-4.12223985021931
			8.28005032234847	-4.12223985021931
			8.28005032234847	-4.11828755889599
			8.28400261367178	-4.11828755889599
			8.2879549049951	-4.11828755889599
			8.29190719631842	-4.11828755889599
			8.29585948764173	-4.11433526757267
			8.29981177896505	-4.11433526757267
			8.30376407028837	-4.11433526757267
			8.30771636161168	-4.11433526757267
			8.311668652935	-4.11433526757267
			8.311668652935	-4.11038297624936
			8.31562094425832	-4.11038297624936
			8.31957323558163	-4.11038297624936
			8.32352552690495	-4.11038297624936
			8.32747781822827	-4.11038297624936
			8.33143010955158	-4.10643068492604
			8.3353824008749	-4.10643068492604
			8.33933469219822	-4.10643068492604
			8.34328698352153	-4.10643068492604
			8.34723927484485	-4.10247839360272
			8.35119156616817	-4.10247839360272
			8.35514385749148	-4.10247839360272
			8.3590961488148	-4.10247839360272
			8.36304844013812	-4.10247839360272
			8.36700073146143	-4.09852610227941
			8.37095302278475	-4.09852610227941
			8.37490531410807	-4.09852610227941
			8.37885760543138	-4.09852610227941
			8.3828098967547	-4.09852610227941
			8.38676218807802	-4.09457381095609
			8.39071447940133	-4.09457381095609
			8.39466677072465	-4.09457381095609
			8.39861906204797	-4.09457381095609
			8.40257135337128	-4.09062151963277
			8.4065236446946	-4.09062151963277
			8.41047593601792	-4.09062151963277
			8.41442822734123	-4.09062151963277
			8.41838051866455	-4.09062151963277
			8.42233280998787	-4.08666922830946
			8.42628510131118	-4.08666922830946
			8.4302373926345	-4.08666922830946
			8.43418968395782	-4.08666922830946
			8.43814197528113	-4.08666922830946
			8.44209426660445	-4.08271693698614
			8.44604655792777	-4.08271693698614
			8.44999884925108	-4.08271693698614
			8.4539511405744	-4.08271693698614
			8.45790343189772	-4.08271693698614
			8.46185572322103	-4.08271693698614
			8.46580801454435	-4.07876464566282
			8.46976030586767	-4.07876464566282
			8.47371259719098	-4.07876464566282
			8.4776648885143	-4.07876464566282
			8.48161717983762	-4.07876464566282
			8.48556947116093	-4.07481235433951
			8.48952176248425	-4.07481235433951
			8.49347405380757	-4.07481235433951
			8.49742634513088	-4.07481235433951
			8.5013786364542	-4.07481235433951
			8.50533092777752	-4.07481235433951
			8.50928321910084	-4.07086006301619
			8.51323551042415	-4.07086006301619
			8.51718780174747	-4.07086006301619
			8.52114009307078	-4.07086006301619
			8.5250923843941	-4.06690777169287
			8.52904467571742	-4.06690777169287
			8.53299696704073	-4.06690777169287
			8.53694925836405	-4.06690777169287
			8.54090154968737	-4.06295548036956
			8.54485384101068	-4.06295548036956
			8.548806132334	-4.06295548036956
			8.55275842365732	-4.06295548036956
			8.55671071498064	-4.05900318904624
			8.56066300630395	-4.05900318904624
			8.56461529762727	-4.05900318904624
			8.56856758895058	-4.05900318904624
			8.5725198802739	-4.05505089772292
			8.57647217159722	-4.05505089772292
			8.58042446292053	-4.05505089772292
			8.58437675424385	-4.05505089772292
			8.58832904556717	-4.05109860639961
			8.59228133689049	-4.05109860639961
			8.5962336282138	-4.05109860639961
			8.60018591953712	-4.05109860639961
			8.60413821086044	-4.05109860639961
			8.60809050218375	-4.04714631507629
			8.61204279350707	-4.04714631507629
			8.61599508483038	-4.04714631507629
			8.6199473761537	-4.04714631507629
			8.62389966747702	-4.04319402375297
			8.62785195880033	-4.04319402375297
			8.63180425012365	-4.04319402375297
			8.63575654144697	-4.04319402375297
			8.63970883277029	-4.04319402375297
			8.6436611240936	-4.03924173242966
			8.64761341541692	-4.03924173242966
			8.65156570674024	-4.03924173242966
			8.65551799806355	-4.03924173242966
			8.65947028938687	-4.03528944110634
			8.66342258071018	-4.03528944110634
			8.6673748720335	-4.03528944110634
			8.67132716335682	-4.03528944110634
			8.67527945468014	-4.03528944110634
			8.67923174600345	-4.03133714978302
			8.68318403732677	-4.03133714978302
			8.68713632865009	-4.03133714978302
			8.6910886199734	-4.03133714978302
			8.69504091129672	-4.03133714978302
			8.69899320262004	-4.02738485845971
			8.70294549394335	-4.02738485845971
			8.70689778526667	-4.02738485845971
			8.71085007658998	-4.02738485845971
			8.7148023679133	-4.02738485845971
			8.71875465923662	-4.02343256713639
			8.72270695055994	-4.02343256713639
			8.72665924188325	-4.02343256713639
			8.73061153320657	-4.02343256713639
			8.73456382452989	-4.02343256713639
			8.7385161158532	-4.01948027581307
			8.74246840717652	-4.01948027581307
			8.74642069849984	-4.01948027581307
			8.75037298982315	-4.01948027581307
			8.75432528114647	-4.01948027581307
			8.75827757246979	-4.01552798448976
			8.7622298637931	-4.01552798448976
			8.76618215511642	-4.01552798448976
			8.77013444643974	-4.01552798448976
			8.77408673776305	-4.01552798448976
			8.77803902908637	-4.01552798448976
			8.78199132040969	-4.01157569316644
			8.785943611733	-4.01157569316644
			8.78989590305632	-4.01157569316644
			8.79384819437964	-4.01157569316644
			8.79780048570295	-4.01157569316644
			8.80175277702627	-4.00762340184312
			8.80570506834959	-4.00762340184312
			8.8096573596729	-4.00762340184312
			8.81360965099622	-4.00762340184312
			8.81756194231954	-4.00762340184312
			8.82151423364285	-4.00367111051981
			8.82546652496617	-4.00367111051981
			8.82941881628949	-4.00367111051981
			8.8333711076128	-4.00367111051981
			8.83732339893612	-4.00367111051981
			8.84127569025944	-4.00367111051981
			8.84522798158275	-3.99971881919649
			8.84918027290607	-3.99971881919649
			8.85313256422939	-3.99971881919649
			8.8570848555527	-3.99971881919649
			8.86103714687602	-3.99971881919649
			8.86498943819934	-3.99971881919649
			8.86894172952265	-3.99576652787317
			8.87289402084597	-3.99576652787317
			8.87684631216929	-3.99576652787317
			8.8807986034926	-3.99576652787317
			8.88475089481592	-3.99576652787317
			8.88870318613924	-3.99181423654986
			8.89265547746255	-3.99181423654986
			8.89660776878587	-3.99181423654986
			8.90056006010919	-3.99181423654986
			8.9045123514325	-3.99181423654986
			8.90846464275582	-3.99181423654986
			8.91241693407914	-3.98786194522654
			8.91636922540245	-3.98786194522654
			8.92032151672577	-3.98786194522654
			8.92427380804909	-3.98786194522654
			8.9282260993724	-3.98786194522654
			8.93217839069572	-3.98786194522654
			8.93613068201904	-3.98786194522654
			8.94008297334235	-3.98390965390322
			8.94403526466567	-3.98390965390322
			8.94798755598899	-3.98390965390322
			8.9519398473123	-3.98390965390322
			8.95589213863562	-3.98390965390322
			8.95984442995894	-3.98390965390322
			8.96379672128225	-3.97995736257991
			8.96774901260557	-3.97995736257991
			8.97170130392889	-3.97995736257991
			8.9756535952522	-3.97995736257991
			8.97960588657552	-3.97995736257991
			8.98355817789884	-3.97995736257991
			8.98751046922215	-3.97600507125659
			8.99146276054547	-3.97600507125659
			8.99541505186879	-3.97600507125659
			8.9993673431921	-3.97600507125659
			9.00331963451542	-3.97600507125659
			9.00727192583874	-3.97600507125659
			9.01122421716205	-3.97205277993327
			9.01517650848537	-3.97205277993327
			9.01912879980869	-3.97205277993327
			9.023081091132	-3.97205277993327
			9.02703338245532	-3.97205277993327
			9.03098567377864	-3.97205277993327
			9.03493796510196	-3.96810048860996
			9.03889025642527	-3.96810048860996
			9.04284254774859	-3.96810048860996
			9.0467948390719	-3.96810048860996
			9.05074713039522	-3.96810048860996
			9.05469942171854	-3.96810048860996
			9.05865171304185	-3.96414819728664
			9.06260400436517	-3.96414819728664
			9.06655629568849	-3.96414819728664
			9.0705085870118	-3.96414819728664
			9.07446087833512	-3.96414819728664
			9.07841316965844	-3.96414819728664
			9.08236546098176	-3.96414819728664
			9.08631775230507	-3.96019590596332
			9.09027004362839	-3.96019590596332
			9.0942223349517	-3.96019590596332
			9.09817462627502	-3.96019590596332
			9.10212691759834	-3.96019590596332
			9.10607920892165	-3.96019590596332
			9.11003150024497	-3.96019590596332
			9.11398379156829	-3.95624361464001
			9.1179360828916	-3.95624361464001
			9.12188837421492	-3.95624361464001
			9.12584066553824	-3.95624361464001
			9.12979295686156	-3.95624361464001
			9.13374524818487	-3.95624361464001
			9.13769753950819	-3.95624361464001
			9.13769753950819	-3.95229132331669
			9.1416498308315	-3.95229132331669
			9.14560212215482	-3.95229132331669
			9.14955441347814	-3.95229132331669
			9.15350670480145	-3.95229132331669
			9.15745899612477	-3.95229132331669
			9.16141128744809	-3.95229132331669
			9.16536357877141	-3.94833903199337
			9.16931587009472	-3.94833903199337
			9.17326816141804	-3.94833903199337
			9.17722045274136	-3.94833903199337
			9.18117274406467	-3.94833903199337
			9.18512503538799	-3.94833903199337
			9.1890773267113	-3.94833903199337
			9.19302961803462	-3.94438674067006
			9.19698190935794	-3.94438674067006
			9.20093420068125	-3.94438674067006
			9.20488649200457	-3.94438674067006
			9.20883878332789	-3.94438674067006
			9.21279107465121	-3.94438674067006
			9.21674336597452	-3.94438674067006
			9.22069565729784	-3.94043444934674
			9.22464794862116	-3.94043444934674
			9.22860023994447	-3.94043444934674
			9.23255253126779	-3.94043444934674
			9.2365048225911	-3.94043444934674
			9.24045711391442	-3.94043444934674
			9.24440940523774	-3.94043444934674
			9.24836169656106	-3.93648215802342
			9.25231398788437	-3.93648215802342
			9.25626627920769	-3.93648215802342
			9.26021857053101	-3.93648215802342
			9.26417086185432	-3.93648215802342
			9.26812315317764	-3.93648215802342
			9.27207544450096	-3.93648215802342
			9.27602773582427	-3.93648215802342
			9.27998002714759	-3.93252986670011
			9.28393231847091	-3.93252986670011
			9.28788460979422	-3.93252986670011
			9.29183690111754	-3.93252986670011
			9.29578919244086	-3.93252986670011
			9.29974148376417	-3.93252986670011
			9.30369377508749	-3.93252986670011
			9.30369377508749	-3.92857757537679
			9.30764606641081	-3.92857757537679
			9.31159835773412	-3.92857757537679
			9.31555064905744	-3.92857757537679
			9.31950294038076	-3.92857757537679
			9.32345523170407	-3.92857757537679
			9.32740752302739	-3.92857757537679
			9.33135981435071	-3.92857757537679
			9.33531210567402	-3.92857757537679
			9.33531210567402	-3.92462528405347
			9.33926439699734	-3.92462528405347
			9.34321668832066	-3.92462528405347
			9.34716897964397	-3.92462528405347
			9.35112127096729	-3.92462528405347
			9.35507356229061	-3.92462528405347
			9.35902585361392	-3.92462528405347
			9.36297814493724	-3.92462528405347
			9.36693043626056	-3.92067299273016
			9.37088272758387	-3.92067299273016
			9.37483501890719	-3.92067299273016
			9.37878731023051	-3.92067299273016
			9.38273960155382	-3.92067299273016
			9.38669189287714	-3.92067299273016
			9.39064418420046	-3.92067299273016
			9.39459647552377	-3.91672070140684
			9.39854876684709	-3.91672070140684
			9.40250105817041	-3.91672070140684
			9.40645334949372	-3.91672070140684
			9.41040564081704	-3.91672070140684
			9.41435793214036	-3.91672070140684
			9.41831022346367	-3.91672070140684
			9.42226251478699	-3.91672070140684
			9.42621480611031	-3.91276841008352
			9.43016709743362	-3.91276841008352
			9.43411938875694	-3.91276841008352
			9.43807168008026	-3.91276841008352
			9.44202397140357	-3.91276841008352
			9.44597626272689	-3.91276841008352
			9.44992855405021	-3.91276841008352
			9.45388084537352	-3.90881611876021
			9.45783313669684	-3.90881611876021
			9.46178542802016	-3.90881611876021
			9.46573771934347	-3.90881611876021
			9.46969001066679	-3.90881611876021
			9.47364230199011	-3.90881611876021
			9.47759459331342	-3.90881611876021
			9.48154688463674	-3.90881611876021
			9.48549917596006	-3.90486382743689
			9.48945146728337	-3.90486382743689
			9.49340375860669	-3.90486382743689
			9.49735604993001	-3.90486382743689
			9.50130834125332	-3.90486382743689
			9.50526063257664	-3.90486382743689
			9.50921292389996	-3.90486382743689
			9.51316521522327	-3.90486382743689
			9.51711750654659	-3.90486382743689
			9.52106979786991	-3.90091153611357
			9.52502208919322	-3.90091153611357
			9.52897438051654	-3.90091153611357
			9.53292667183986	-3.90091153611357
			9.53687896316317	-3.90091153611357
			9.54083125448649	-3.90091153611357
			9.54478354580981	-3.90091153611357
			9.54873583713312	-3.90091153611357
			9.54873583713312	-3.89695924479026
			9.55268812845644	-3.89695924479026
			9.55664041977976	-3.89695924479026
			9.56059271110307	-3.89695924479026
			9.56454500242639	-3.89695924479026
			9.56849729374971	-3.89695924479026
			9.57244958507302	-3.89695924479026
			9.57640187639634	-3.89695924479026
			9.58035416771966	-3.89695924479026
			9.58430645904297	-3.89300695346694
			9.58825875036629	-3.89300695346694
			9.59221104168961	-3.89300695346694
			9.59616333301292	-3.89300695346694
			9.60011562433624	-3.89300695346694
			9.60406791565956	-3.89300695346694
			9.60802020698288	-3.89300695346694
			9.61197249830619	-3.89300695346694
			9.61592478962951	-3.88905466214362
			9.61987708095282	-3.88905466214362
			9.62382937227614	-3.88905466214362
			9.62778166359946	-3.88905466214362
			9.63173395492277	-3.88905466214362
			9.63568624624609	-3.88905466214362
			9.63963853756941	-3.88905466214362
			9.64359082889272	-3.88905466214362
			9.64754312021604	-3.88510237082031
			9.65149541153936	-3.88510237082031
			9.65544770286268	-3.88510237082031
			9.65939999418599	-3.88510237082031
			9.66335228550931	-3.88510237082031
			9.66730457683262	-3.88510237082031
			9.67125686815594	-3.88510237082031
			9.67520915947926	-3.88510237082031
			9.67916145080257	-3.88115007949699
			9.68311374212589	-3.88115007949699
			9.68706603344921	-3.88115007949699
			9.69101832477253	-3.88115007949699
			9.69497061609584	-3.88115007949699
			9.69892290741916	-3.88115007949699
			9.70287519874248	-3.88115007949699
			9.70682749006579	-3.88115007949699
			9.71077978138911	-3.88115007949699
			9.71473207271242	-3.88115007949699
			9.71868436403574	-3.88115007949699
			9.72263665535906	-3.88115007949699
			9.72658894668237	-3.88115007949699
			9.73054123800569	-3.88115007949699
			9.73449352932901	-3.87719778817367
			9.73844582065233	-3.87719778817367
			9.74239811197564	-3.87719778817367
			9.74635040329896	-3.87719778817367
			9.75030269462228	-3.87719778817367
			9.75425498594559	-3.87719778817367
			9.75820727726891	-3.87719778817367
			9.76215956859222	-3.87719778817367
			9.76611185991554	-3.87719778817367
			9.77006415123886	-3.87719778817367
			9.77401644256217	-3.87719778817367
			9.77796873388549	-3.87719778817367
			9.78192102520881	-3.87719778817367
			9.78587331653213	-3.87719778817367
			9.78982560785544	-3.87719778817367
			9.79377789917876	-3.87719778817367
			9.79773019050208	-3.87719778817367
			9.80168248182539	-3.87719778817367
			9.80563477314871	-3.87719778817367
			9.80958706447203	-3.87324549685036
			9.81353935579534	-3.87324549685036
			9.81749164711866	-3.87324549685036
			9.82144393844198	-3.87324549685036
			9.82539622976529	-3.87324549685036
			9.82934852108861	-3.87324549685036
			9.83330081241193	-3.87324549685036
			9.83725310373524	-3.87324549685036
			9.84120539505856	-3.87324549685036
			9.84515768638188	-3.87324549685036
			9.84910997770519	-3.87324549685036
			9.85306226902851	-3.87324549685036
			9.85701456035183	-3.87324549685036
			9.86096685167514	-3.87324549685036
			9.86491914299846	-3.87324549685036
			9.86887143432178	-3.87324549685036
			9.87282372564509	-3.87324549685036
			9.87677601696841	-3.87324549685036
			9.88072830829173	-3.86929320552704
			9.88468059961504	-3.86929320552704
			9.88863289093836	-3.86929320552704
			9.89258518226168	-3.86929320552704
			9.89653747358499	-3.86929320552704
			9.90048976490831	-3.86929320552704
			9.90444205623163	-3.86929320552704
			9.90839434755494	-3.86929320552704
			9.91234663887826	-3.86929320552704
			9.91629893020158	-3.86929320552704
			9.92025122152489	-3.86929320552704
			9.92420351284821	-3.86929320552704
			9.92815580417153	-3.86929320552704
			9.93210809549484	-3.86929320552704
			9.93606038681816	-3.86929320552704
			9.94001267814148	-3.86929320552704
			9.94396496946479	-3.86929320552704
			9.94791726078811	-3.86534091420372
			9.95186955211143	-3.86534091420372
			9.95582184343474	-3.86534091420372
			9.95977413475806	-3.86534091420372
			9.96372642608138	-3.86534091420372
			9.96767871740469	-3.86534091420372
			9.97163100872801	-3.86534091420372
			9.97558330005133	-3.86534091420372
			9.97953559137464	-3.86534091420372
			9.98348788269796	-3.86534091420372
			9.98744017402128	-3.86534091420372
			9.99139246534459	-3.86534091420372
			9.99534475666791	-3.86534091420372
			9.99929704799123	-3.86534091420372
			10.0032493393145	-3.86534091420372
			10.0072016306379	-3.86534091420372
			10.0111539219612	-3.86534091420372
			10.0151062132845	-3.86534091420372
			10.0190585046078	-3.86138862288041
			10.0230107959311	-3.86138862288041
			10.0269630872544	-3.86138862288041
			10.0309153785778	-3.86138862288041
			10.0348676699011	-3.86138862288041
			10.0388199612244	-3.86138862288041
			10.0427722525477	-3.86138862288041
			10.046724543871	-3.86138862288041
			10.0506768351943	-3.86138862288041
			10.0546291265177	-3.86138862288041
			10.058581417841	-3.86138862288041
			10.0625337091643	-3.86138862288041
			10.0664860004876	-3.86138862288041
			10.0704382918109	-3.86138862288041
			10.0743905831342	-3.86138862288041
			10.0783428744576	-3.86138862288041
			10.0822951657809	-3.85743633155709
			10.0862474571042	-3.85743633155709
			10.0901997484275	-3.85743633155709
			10.0941520397508	-3.85743633155709
			10.0981043310741	-3.85743633155709
			10.1020566223975	-3.85743633155709
			10.1060089137208	-3.85743633155709
			10.1099612050441	-3.85743633155709
			10.1139134963674	-3.85743633155709
			10.1178657876907	-3.85743633155709
			10.121818079014	-3.85743633155709
			10.1257703703374	-3.85743633155709
			10.1297226616607	-3.85743633155709
			10.133674952984	-3.85743633155709
			10.1376272443073	-3.85743633155709
			10.1415795356306	-3.85743633155709
			10.1455318269539	-3.85348404023377
			10.1494841182773	-3.85348404023377
			10.1534364096006	-3.85348404023377
			10.1573887009239	-3.85348404023377
			10.1613409922472	-3.85348404023377
			10.1652932835705	-3.85348404023377
			10.1692455748938	-3.85348404023377
			10.1731978662172	-3.85348404023377
			10.1771501575405	-3.85348404023377
			10.1811024488638	-3.85348404023377
			10.1850547401871	-3.85348404023377
			10.1890070315104	-3.85348404023377
			10.1929593228337	-3.85348404023377
			10.1969116141571	-3.85348404023377
			10.2008639054804	-3.85348404023377
			10.2048161968037	-3.84953174891046
			10.208768488127	-3.84953174891046
			10.2127207794503	-3.84953174891046
			10.2166730707736	-3.84953174891046
			10.220625362097	-3.84953174891046
			10.2245776534203	-3.84953174891046
			10.2285299447436	-3.84953174891046
			10.2324822360669	-3.84953174891046
			10.2364345273902	-3.84953174891046
			10.2403868187135	-3.84953174891046
			10.2443391100369	-3.84953174891046
			10.2482914013602	-3.84953174891046
			10.2522436926835	-3.84953174891046
			10.2561959840068	-3.84953174891046
			10.2601482753301	-3.84557945758714
			10.2641005666534	-3.84557945758714
			10.2680528579768	-3.84557945758714
			10.2720051493001	-3.84557945758714
			10.2759574406234	-3.84557945758714
			10.2799097319467	-3.84557945758714
			10.28386202327	-3.84557945758714
			10.2878143145933	-3.84557945758714
			10.2917666059167	-3.84557945758714
			10.29571889724	-3.84557945758714
			10.2996711885633	-3.84557945758714
			10.3036234798866	-3.84557945758714
			10.3075757712099	-3.84557945758714
			10.3115280625332	-3.84162716626382
			10.3154803538566	-3.84162716626382
			10.3194326451799	-3.84162716626382
			10.3233849365032	-3.84162716626382
			10.3273372278265	-3.84162716626382
			10.3312895191498	-3.84162716626382
			10.3352418104731	-3.84162716626382
			10.3391941017965	-3.84162716626382
			10.3431463931198	-3.84162716626382
			10.3470986844431	-3.84162716626382
			10.3510509757664	-3.84162716626382
			10.3550032670897	-3.84162716626382
			10.358955558413	-3.84162716626382
			10.3629078497364	-3.83767487494051
			10.3668601410597	-3.83767487494051
			10.370812432383	-3.83767487494051
			10.3747647237063	-3.83767487494051
			10.3787170150296	-3.83767487494051
			10.3826693063529	-3.83767487494051
			10.3866215976763	-3.83767487494051
			10.3905738889996	-3.83767487494051
			10.3945261803229	-3.83767487494051
			10.3984784716462	-3.83767487494051
			10.4024307629695	-3.83767487494051
			10.4063830542928	-3.83767487494051
			10.4103353456162	-3.83767487494051
			10.4103353456162	-3.83372258361719
			10.4142876369395	-3.83372258361719
			10.4182399282628	-3.83372258361719
			10.4221922195861	-3.83372258361719
			10.4261445109094	-3.83372258361719
			10.4300968022327	-3.83372258361719
			10.4340490935561	-3.83372258361719
		</body_ant>
		<body_post type=matrix rownames=FALSE colnames=FALSE nrow=696 ncol=2 as.numeric=TRUE >
			11.556499829378	-4.12223985021931
			11.5604521207013	-4.12223985021931
			11.5644044120246	-4.12223985021931
			11.568356703348	-4.12619214154262
			11.5723089946713	-4.12619214154262
			11.5762612859946	-4.12619214154262
			11.5802135773179	-4.12619214154262
			11.5841658686412	-4.13014443286594
			11.5881181599645	-4.13014443286594
			11.5920704512879	-4.13014443286594
			11.5960227426112	-4.13014443286594
			11.5999750339345	-4.13014443286594
			11.6039273252578	-4.13014443286594
			11.6039273252578	-4.13409672418926
			11.6078796165811	-4.13409672418926
			11.6118319079044	-4.13409672418926
			11.6157841992278	-4.13409672418926
			11.6197364905511	-4.13409672418926
			11.6236887818744	-4.13804901551257
			11.6276410731977	-4.13804901551257
			11.631593364521	-4.13804901551257
			11.6355456558443	-4.13804901551257
			11.6394979471677	-4.13804901551257
			11.643450238491	-4.14200130683589
			11.6474025298143	-4.14200130683589
			11.6513548211376	-4.14200130683589
			11.6553071124609	-4.14200130683589
			11.6592594037842	-4.14200130683589
			11.6632116951076	-4.14595359815921
			11.6671639864309	-4.14595359815921
			11.6711162777542	-4.14595359815921
			11.6750685690775	-4.14595359815921
			11.6790208604008	-4.14595359815921
			11.6829731517241	-4.14990588948252
			11.6869254430475	-4.14990588948252
			11.6908777343708	-4.14990588948252
			11.6948300256941	-4.14990588948252
			11.6987823170174	-4.14990588948252
			11.7027346083407	-4.14990588948252
			11.706686899664	-4.15385818080584
			11.7106391909874	-4.15385818080584
			11.7145914823107	-4.15385818080584
			11.718543773634	-4.15385818080584
			11.7224960649573	-4.15781047212916
			11.7264483562806	-4.15781047212916
			11.7304006476039	-4.15781047212916
			11.7343529389273	-4.15781047212916
			11.7383052302506	-4.15781047212916
			11.7422575215739	-4.16176276345247
			11.7462098128972	-4.16176276345247
			11.7501621042205	-4.16176276345247
			11.7541143955438	-4.16176276345247
			11.7580666868672	-4.16176276345247
			11.7620189781905	-4.16571505477579
			11.7659712695138	-4.16571505477579
			11.7699235608371	-4.16571505477579
			11.7738758521604	-4.16571505477579
			11.7778281434837	-4.16571505477579
			11.7817804348071	-4.16966734609911
			11.7857327261304	-4.16966734609911
			11.7896850174537	-4.16966734609911
			11.793637308777	-4.16966734609911
			11.7975896001003	-4.16966734609911
			11.8015418914236	-4.17361963742243
			11.805494182747	-4.17361963742243
			11.8094464740703	-4.17361963742243
			11.8133987653936	-4.17361963742243
			11.8173510567169	-4.17361963742243
			11.8213033480402	-4.17361963742243
			11.8252556393635	-4.17757192874574
			11.8292079306869	-4.17757192874574
			11.8331602220102	-4.17757192874574
			11.8371125133335	-4.17757192874574
			11.8410648046568	-4.17757192874574
			11.8450170959801	-4.18152422006906
			11.8489693873034	-4.18152422006906
			11.8529216786268	-4.18152422006906
			11.8568739699501	-4.18152422006906
			11.8608262612734	-4.18152422006906
			11.8647785525967	-4.18547651139238
			11.86873084392	-4.18547651139238
			11.8726831352433	-4.18547651139238
			11.8766354265667	-4.18547651139238
			11.88058771789	-4.18547651139238
			11.8845400092133	-4.18942880271569
			11.8884923005366	-4.18942880271569
			11.8924445918599	-4.18942880271569
			11.8963968831832	-4.18942880271569
			11.9003491745066	-4.18942880271569
			11.9043014658299	-4.18942880271569
			11.9082537571532	-4.19338109403901
			11.9122060484765	-4.19338109403901
			11.9161583397998	-4.19338109403901
			11.9201106311231	-4.19338109403901
			11.9240629224465	-4.19338109403901
			11.9280152137698	-4.19733338536233
			11.9319675050931	-4.19733338536233
			11.9359197964164	-4.19733338536233
			11.9398720877397	-4.19733338536233
			11.943824379063	-4.19733338536233
			11.9477766703864	-4.20128567668564
			11.9517289617097	-4.20128567668564
			11.955681253033	-4.20128567668564
			11.9596335443563	-4.20128567668564
			11.9635858356796	-4.20128567668564
			11.9675381270029	-4.20523796800896
			11.9714904183263	-4.20523796800896
			11.9754427096496	-4.20523796800896
			11.9793950009729	-4.20523796800896
			11.9833472922962	-4.20523796800896
			11.9872995836195	-4.20523796800896
			11.9912518749428	-4.20919025933228
			11.9952041662662	-4.20919025933228
			11.9991564575895	-4.20919025933228
			12.0031087489128	-4.20919025933228
			12.0070610402361	-4.20919025933228
			12.0110133315594	-4.20919025933228
			12.0149656228827	-4.21314255065559
			12.0189179142061	-4.21314255065559
			12.0228702055294	-4.21314255065559
			12.0268224968527	-4.21314255065559
			12.030774788176	-4.21314255065559
			12.0347270794993	-4.21709484197891
			12.0386793708226	-4.21709484197891
			12.042631662146	-4.21709484197891
			12.0465839534693	-4.21709484197891
			12.0505362447926	-4.21709484197891
			12.0544885361159	-4.21709484197891
			12.0584408274392	-4.22104713330223
			12.0623931187625	-4.22104713330223
			12.0663454100859	-4.22104713330223
			12.0702977014092	-4.22104713330223
			12.0742499927325	-4.22104713330223
			12.0782022840558	-4.22499942462554
			12.0821545753791	-4.22499942462554
			12.0861068667024	-4.22499942462554
			12.0900591580258	-4.22499942462554
			12.0940114493491	-4.22499942462554
			12.0979637406724	-4.22499942462554
			12.1019160319957	-4.22895171594886
			12.105868323319	-4.22895171594886
			12.1098206146423	-4.22895171594886
			12.1137729059657	-4.22895171594886
			12.117725197289	-4.22895171594886
			12.1216774886123	-4.22895171594886
			12.1256297799356	-4.23290400727218
			12.1295820712589	-4.23290400727218
			12.1335343625822	-4.23290400727218
			12.1374866539056	-4.23290400727218
			12.1414389452289	-4.23290400727218
			12.1453912365522	-4.23290400727218
			12.1493435278755	-4.23685629859549
			12.1532958191988	-4.23685629859549
			12.1572481105221	-4.23685629859549
			12.1612004018455	-4.23685629859549
			12.1651526931688	-4.23685629859549
			12.1691049844921	-4.23685629859549
			12.1730572758154	-4.24080858991881
			12.1770095671387	-4.24080858991881
			12.180961858462	-4.24080858991881
			12.1849141497854	-4.24080858991881
			12.1888664411087	-4.24080858991881
			12.192818732432	-4.24080858991881
			12.1967710237553	-4.24476088124213
			12.2007233150786	-4.24476088124213
			12.2046756064019	-4.24476088124213
			12.2086278977253	-4.24476088124213
			12.2125801890486	-4.24476088124213
			12.2165324803719	-4.24871317256544
			12.2204847716952	-4.24871317256544
			12.2244370630185	-4.24871317256544
			12.2283893543418	-4.24871317256544
			12.2323416456652	-4.24871317256544
			12.2362939369885	-4.24871317256544
			12.2402462283118	-4.25266546388876
			12.2441985196351	-4.25266546388876
			12.2481508109584	-4.25266546388876
			12.2521031022817	-4.25266546388876
			12.2560553936051	-4.25266546388876
			12.2600076849284	-4.25266546388876
			12.2639599762517	-4.25661775521208
			12.267912267575	-4.25661775521208
			12.2718645588983	-4.25661775521208
			12.2758168502216	-4.25661775521208
			12.279769141545	-4.25661775521208
			12.2837214328683	-4.25661775521208
			12.2876737241916	-4.26057004653539
			12.2916260155149	-4.26057004653539
			12.2955783068382	-4.26057004653539
			12.2995305981615	-4.26057004653539
			12.3034828894849	-4.26057004653539
			12.3074351808082	-4.26057004653539
			12.3113874721315	-4.26452233785871
			12.3153397634548	-4.26452233785871
			12.3192920547781	-4.26452233785871
			12.3232443461014	-4.26452233785871
			12.3271966374248	-4.26452233785871
			12.3311489287481	-4.26452233785871
			12.3351012200714	-4.26452233785871
			12.3390535113947	-4.26847462918203
			12.343005802718	-4.26847462918203
			12.3469580940413	-4.26847462918203
			12.3509103853647	-4.26847462918203
			12.354862676688	-4.26847462918203
			12.3588149680113	-4.26847462918203
			12.3627672593346	-4.27242692050534
			12.3667195506579	-4.27242692050534
			12.3706718419812	-4.27242692050534
			12.3746241333046	-4.27242692050534
			12.3785764246279	-4.27242692050534
			12.3825287159512	-4.27242692050534
			12.3864810072745	-4.27242692050534
			12.3904332985978	-4.27637921182866
			12.3943855899211	-4.27637921182866
			12.3983378812445	-4.27637921182866
			12.4022901725678	-4.27637921182866
			12.4062424638911	-4.27637921182866
			12.4101947552144	-4.27637921182866
			12.4141470465377	-4.28033150315198
			12.418099337861	-4.28033150315198
			12.4220516291844	-4.28033150315198
			12.4260039205077	-4.28033150315198
			12.429956211831	-4.28033150315198
			12.4339085031543	-4.28033150315198
			12.4378607944776	-4.28033150315198
			12.4418130858009	-4.28428379447529
			12.4457653771243	-4.28428379447529
			12.4497176684476	-4.28428379447529
			12.4536699597709	-4.28428379447529
			12.4576222510942	-4.28428379447529
			12.4615745424175	-4.28428379447529
			12.4655268337408	-4.28428379447529
			12.4694791250642	-4.28823608579861
			12.4734314163875	-4.28823608579861
			12.4773837077108	-4.28823608579861
			12.4813359990341	-4.28823608579861
			12.4852882903574	-4.28823608579861
			12.4892405816807	-4.28823608579861
			12.4931928730041	-4.29218837712193
			12.4971451643274	-4.29218837712193
			12.5010974556507	-4.29218837712193
			12.505049746974	-4.29218837712193
			12.5090020382973	-4.29218837712193
			12.5129543296206	-4.29218837712193
			12.516906620944	-4.29218837712193
			12.5208589122673	-4.29614066844524
			12.5248112035906	-4.29614066844524
			12.5287634949139	-4.29614066844524
			12.5327157862372	-4.29614066844524
			12.5366680775605	-4.29614066844524
			12.5406203688839	-4.29614066844524
			12.5445726602072	-4.29614066844524
			12.5485249515305	-4.30009295976856
			12.5524772428538	-4.30009295976856
			12.5564295341771	-4.30009295976856
			12.5603818255004	-4.30009295976856
			12.5643341168238	-4.30009295976856
			12.5682864081471	-4.30009295976856
			12.5722386994704	-4.30009295976856
			12.5761909907937	-4.30404525109188
			12.580143282117	-4.30404525109188
			12.5840955734403	-4.30404525109188
			12.5880478647637	-4.30404525109188
			12.592000156087	-4.30404525109188
			12.5959524474103	-4.30404525109188
			12.5999047387336	-4.30404525109188
			12.6038570300569	-4.30799754241519
			12.6078093213802	-4.30799754241519
			12.6117616127036	-4.30799754241519
			12.6157139040269	-4.30799754241519
			12.6196661953502	-4.30799754241519
			12.6236184866735	-4.30799754241519
			12.6275707779968	-4.30799754241519
			12.6315230693201	-4.31194983373851
			12.6354753606435	-4.31194983373851
			12.6394276519668	-4.31194983373851
			12.6433799432901	-4.31194983373851
			12.6473322346134	-4.31194983373851
			12.6512845259367	-4.31194983373851
			12.65523681726	-4.31194983373851
			12.6591891085834	-4.31194983373851
			12.6631413999067	-4.31590212506183
			12.66709369123	-4.31590212506183
			12.6710459825533	-4.31590212506183
			12.6749982738766	-4.31590212506183
			12.6789505651999	-4.31590212506183
			12.6829028565233	-4.31590212506183
			12.6868551478466	-4.31590212506183
			12.6908074391699	-4.31985441638514
			12.6947597304932	-4.31985441638514
			12.6987120218165	-4.31985441638514
			12.7026643131398	-4.31985441638514
			12.7066166044632	-4.31985441638514
			12.7105688957865	-4.31985441638514
			12.7145211871098	-4.31985441638514
			12.7184734784331	-4.31985441638514
			12.7224257697564	-4.32380670770846
			12.7263780610797	-4.32380670770846
			12.7303303524031	-4.32380670770846
			12.7342826437264	-4.32380670770846
			12.7382349350497	-4.32380670770846
			12.742187226373	-4.32380670770846
			12.7461395176963	-4.32380670770846
			12.7500918090196	-4.32775899903178
			12.754044100343	-4.32775899903178
			12.7579963916663	-4.32775899903178
			12.7619486829896	-4.32775899903178
			12.7659009743129	-4.32775899903178
			12.7698532656362	-4.32775899903178
			12.7738055569595	-4.32775899903178
			12.7777578482829	-4.32775899903178
			12.7817101396062	-4.32775899903178
			12.7856624309295	-4.33171129035509
			12.7896147222528	-4.33171129035509
			12.7935670135761	-4.33171129035509
			12.7975193048994	-4.33171129035509
			12.8014715962228	-4.33171129035509
			12.8054238875461	-4.33171129035509
			12.8093761788694	-4.33171129035509
			12.8133284701927	-4.33171129035509
			12.817280761516	-4.33566358167841
			12.8212330528393	-4.33566358167841
			12.8251853441627	-4.33566358167841
			12.829137635486	-4.33566358167841
			12.8330899268093	-4.33566358167841
			12.8370422181326	-4.33566358167841
			12.8409945094559	-4.33566358167841
			12.8449468007792	-4.33566358167841
			12.8488990921026	-4.33961587300173
			12.8528513834259	-4.33961587300173
			12.8568036747492	-4.33961587300173
			12.8607559660725	-4.33961587300173
			12.8647082573958	-4.33961587300173
			12.8686605487191	-4.33961587300173
			12.8726128400425	-4.33961587300173
			12.8765651313658	-4.33961587300173
			12.8805174226891	-4.33961587300173
			12.8844697140124	-4.34356816432504
			12.8884220053357	-4.34356816432504
			12.892374296659	-4.34356816432504
			12.8963265879824	-4.34356816432504
			12.9002788793057	-4.34356816432504
			12.904231170629	-4.34356816432504
			12.9081834619523	-4.34356816432504
			12.9121357532756	-4.34356816432504
			12.9160880445989	-4.34356816432504
			12.9200403359223	-4.34752045564836
			12.9239926272456	-4.34752045564836
			12.9279449185689	-4.34752045564836
			12.9318972098922	-4.34752045564836
			12.9358495012155	-4.34752045564836
			12.9398017925388	-4.34752045564836
			12.9437540838622	-4.34752045564836
			12.9477063751855	-4.34752045564836
			12.9516586665088	-4.34752045564836
			12.9556109578321	-4.34752045564836
			12.9556109578321	-4.35147274697168
			12.9595632491554	-4.35147274697168
			12.9635155404787	-4.35147274697168
			12.9674678318021	-4.35147274697168
			12.9714201231254	-4.35147274697168
			12.9753724144487	-4.35147274697168
			12.979324705772	-4.35147274697168
			12.9832769970953	-4.35147274697168
			12.9872292884186	-4.35147274697168
			12.991181579742	-4.35147274697168
			12.9951338710653	-4.35542503829499
			12.9990861623886	-4.35542503829499
			13.0030384537119	-4.35542503829499
			13.0069907450352	-4.35542503829499
			13.0109430363585	-4.35542503829499
			13.0148953276819	-4.35542503829499
			13.0188476190052	-4.35542503829499
			13.0227999103285	-4.35542503829499
			13.0267522016518	-4.35542503829499
			13.0307044929751	-4.35542503829499
			13.0346567842984	-4.35937732961831
			13.0386090756218	-4.35937732961831
			13.0425613669451	-4.35937732961831
			13.0465136582684	-4.35937732961831
			13.0504659495917	-4.35937732961831
			13.054418240915	-4.35937732961831
			13.0583705322383	-4.35937732961831
			13.0623228235617	-4.35937732961831
			13.066275114885	-4.35937732961831
			13.0702274062083	-4.35937732961831
			13.0741796975316	-4.36332962094163
			13.0781319888549	-4.36332962094163
			13.0820842801782	-4.36332962094163
			13.0860365715016	-4.36332962094163
			13.0899888628249	-4.36332962094163
			13.0939411541482	-4.36332962094163
			13.0978934454715	-4.36332962094163
			13.1018457367948	-4.36332962094163
			13.1057980281181	-4.36332962094163
			13.1097503194415	-4.36332962094163
			13.1137026107648	-4.36332962094163
			13.1176549020881	-4.36728191226494
			13.1216071934114	-4.36728191226494
			13.1255594847347	-4.36728191226494
			13.129511776058	-4.36728191226494
			13.1334640673814	-4.36728191226494
			13.1374163587047	-4.36728191226494
			13.141368650028	-4.36728191226494
			13.1453209413513	-4.36728191226494
			13.1492732326746	-4.36728191226494
			13.1532255239979	-4.36728191226494
			13.1571778153213	-4.36728191226494
			13.1611301066446	-4.37123420358826
			13.1650823979679	-4.37123420358826
			13.1690346892912	-4.37123420358826
			13.1729869806145	-4.37123420358826
			13.1769392719378	-4.37123420358826
			13.1808915632612	-4.37123420358826
			13.1848438545845	-4.37123420358826
			13.1887961459078	-4.37123420358826
			13.1927484372311	-4.37123420358826
			13.1967007285544	-4.37123420358826
			13.2006530198777	-4.37123420358826
			13.2046053112011	-4.37123420358826
			13.2085576025244	-4.37518649491158
			13.2125098938477	-4.37518649491158
			13.216462185171	-4.37518649491158
			13.2204144764943	-4.37518649491158
			13.2243667678176	-4.37518649491158
			13.228319059141	-4.37518649491158
			13.2322713504643	-4.37518649491158
			13.2362236417876	-4.37518649491158
			13.2401759331109	-4.37518649491158
			13.2441282244342	-4.37518649491158
			13.2480805157575	-4.37518649491158
			13.2520328070809	-4.37518649491158
			13.2559850984042	-4.37518649491158
			13.2599373897275	-4.37913878623489
			13.2638896810508	-4.37913878623489
			13.2678419723741	-4.37913878623489
			13.2717942636974	-4.37913878623489
			13.2757465550208	-4.37913878623489
			13.2796988463441	-4.37913878623489
			13.2836511376674	-4.37913878623489
			13.2876034289907	-4.37913878623489
			13.291555720314	-4.37913878623489
			13.2955080116373	-4.37913878623489
			13.2994603029607	-4.37913878623489
			13.303412594284	-4.37913878623489
			13.3073648856073	-4.37913878623489
			13.3113171769306	-4.37913878623489
			13.3152694682539	-4.38309107755821
			13.3192217595772	-4.38309107755821
			13.3231740509006	-4.38309107755821
			13.3271263422239	-4.38309107755821
			13.3310786335472	-4.38309107755821
			13.3350309248705	-4.38309107755821
			13.3389832161938	-4.38309107755821
			13.3429355075171	-4.38309107755821
			13.3468877988405	-4.38309107755821
			13.3508400901638	-4.38309107755821
			13.3547923814871	-4.38309107755821
			13.3587446728104	-4.38309107755821
			13.3626969641337	-4.38309107755821
			13.366649255457	-4.38309107755821
			13.3706015467804	-4.38309107755821
			13.3745538381037	-4.38309107755821
			13.378506129427	-4.38704336888153
			13.3824584207503	-4.38704336888153
			13.3864107120736	-4.38704336888153
			13.3903630033969	-4.38704336888153
			13.3943152947203	-4.38704336888153
			13.3982675860436	-4.38704336888153
			13.4022198773669	-4.38704336888153
			13.4061721686902	-4.38704336888153
			13.4101244600135	-4.38704336888153
			13.4140767513368	-4.38704336888153
			13.4180290426602	-4.38704336888153
			13.4219813339835	-4.38704336888153
			13.4259336253068	-4.38704336888153
			13.4298859166301	-4.38704336888153
			13.4338382079534	-4.38704336888153
			13.4377904992767	-4.38704336888153
			13.4417427906001	-4.38704336888153
			13.4456950819234	-4.39099566020484
			13.4496473732467	-4.39099566020484
			13.45359966457	-4.39099566020484
			13.4575519558933	-4.39099566020484
			13.4615042472166	-4.39099566020484
			13.46545653854	-4.39099566020484
			13.4694088298633	-4.39099566020484
			13.4733611211866	-4.39099566020484
			13.4773134125099	-4.39099566020484
			13.4812657038332	-4.39099566020484
			13.4852179951565	-4.39099566020484
			13.4891702864799	-4.39099566020484
			13.4931225778032	-4.39099566020484
			13.4970748691265	-4.39099566020484
			13.5010271604498	-4.39099566020484
			13.5049794517731	-4.39099566020484
			13.5089317430964	-4.39099566020484
			13.5128840344198	-4.39099566020484
			13.5168363257431	-4.39099566020484
			13.5207886170664	-4.39099566020484
			13.5247409083897	-4.39099566020484
			13.528693199713	-4.39494795152816
			13.5326454910363	-4.39494795152816
			13.5365977823597	-4.39494795152816
			13.540550073683	-4.39494795152816
			13.5445023650063	-4.39494795152816
			13.5484546563296	-4.39494795152816
			13.5524069476529	-4.39494795152816
			13.5563592389762	-4.39494795152816
			13.5603115302996	-4.39494795152816
			13.5642638216229	-4.39494795152816
			13.5682161129462	-4.39494795152816
			13.5721684042695	-4.39494795152816
			13.5761206955928	-4.39494795152816
			13.5800729869161	-4.39494795152816
			13.5840252782395	-4.39494795152816
			13.5879775695628	-4.39494795152816
			13.5919298608861	-4.39494795152816
			13.5958821522094	-4.39494795152816
			13.5998344435327	-4.39494795152816
			13.603786734856	-4.39494795152816
			13.6077390261794	-4.39494795152816
			13.6116913175027	-4.39494795152816
			13.615643608826	-4.39494795152816
			13.6195959001493	-4.39494795152816
			13.6235481914726	-4.39494795152816
			13.6275004827959	-4.39494795152816
			13.6314527741193	-4.39494795152816
			13.6354050654426	-4.39494795152816
			13.6393573567659	-4.39494795152816
			13.6433096480892	-4.39494795152816
			13.6472619394125	-4.39890024285148
			13.6512142307358	-4.39890024285148
			13.6551665220592	-4.39890024285148
			13.6591188133825	-4.39890024285148
			13.6630711047058	-4.39890024285148
			13.6670233960291	-4.39890024285148
			13.6709756873524	-4.39890024285148
			13.6749279786757	-4.39890024285148
			13.6788802699991	-4.39890024285148
			13.6828325613224	-4.39890024285148
			13.6867848526457	-4.39890024285148
			13.690737143969	-4.39890024285148
			13.6946894352923	-4.39890024285148
			13.6986417266156	-4.39890024285148
			13.702594017939	-4.39890024285148
			13.7065463092623	-4.39890024285148
			13.7104986005856	-4.39890024285148
			13.7144508919089	-4.39890024285148
			13.7184031832322	-4.39890024285148
			13.7223554745555	-4.39890024285148
			13.7263077658789	-4.39890024285148
			13.7302600572022	-4.39890024285148
			13.7342123485255	-4.39890024285148
			13.7381646398488	-4.39890024285148
			13.7421169311721	-4.39890024285148
			13.7460692224954	-4.39890024285148
			13.7500215138188	-4.39890024285148
			13.7539738051421	-4.39890024285148
			13.7579260964654	-4.39890024285148
			13.7618783877887	-4.39890024285148
			13.765830679112	-4.39890024285148
			13.7697829704353	-4.39890024285148
			13.7737352617587	-4.39890024285148
			13.777687553082	-4.39890024285148
			13.7816398444053	-4.39890024285148
			13.7855921357286	-4.39890024285148
			13.7895444270519	-4.39890024285148
			13.7934967183753	-4.39890024285148
			13.7974490096986	-4.39890024285148
			13.8014013010219	-4.39890024285148
			13.8053535923452	-4.39494795152816
			13.8093058836685	-4.39494795152816
			13.8132581749918	-4.39494795152816
			13.8172104663151	-4.39494795152816
			13.8211627576385	-4.39494795152816
			13.8251150489618	-4.39494795152816
			13.8290673402851	-4.39494795152816
			13.8330196316084	-4.39494795152816
			13.8369719229317	-4.39494795152816
			13.8409242142551	-4.39494795152816
			13.8448765055784	-4.39494795152816
			13.8488287969017	-4.39099566020484
			13.852781088225	-4.39099566020484
			13.8567333795483	-4.39099566020484
			13.8606856708716	-4.39099566020484
			13.8646379621949	-4.39099566020484
			13.8685902535183	-4.39099566020484
			13.8725425448416	-4.39099566020484
			13.8764948361649	-4.39099566020484
			13.8804471274882	-4.39099566020484
			13.8843994188115	-4.39099566020484
			13.8883517101349	-4.38704336888153
			13.8923040014582	-4.38704336888153
			13.8962562927815	-4.38704336888153
			13.9002085841048	-4.38704336888153
			13.9041608754281	-4.38704336888153
			13.9081131667514	-4.38704336888153
			13.9120654580747	-4.38704336888153
			13.9160177493981	-4.38704336888153
			13.9199700407214	-4.38704336888153
			13.9239223320447	-4.38704336888153
			13.927874623368	-4.38309107755821
			13.9318269146913	-4.38309107755821
			13.9357792060147	-4.38309107755821
			13.939731497338	-4.38309107755821
			13.9436837886613	-4.38309107755821
			13.9476360799846	-4.38309107755821
			13.9515883713079	-4.38309107755821
			13.9555406626312	-4.38309107755821
			13.9594929539546	-4.37913878623489
			13.9634452452779	-4.37913878623489
			13.9673975366012	-4.37913878623489
			13.9713498279245	-4.37913878623489
			13.9753021192478	-4.37913878623489
			13.9792544105711	-4.37913878623489
			13.9832067018945	-4.37913878623489
			13.9871589932178	-4.37913878623489
			13.9911112845411	-4.37913878623489
			13.9950635758644	-4.37518649491158
			13.9990158671877	-4.37518649491158
			14.002968158511	-4.37518649491158
			14.0069204498344	-4.37518649491158
			14.0108727411577	-4.37518649491158
			14.014825032481	-4.37518649491158
			14.0187773238043	-4.37518649491158
			14.0227296151276	-4.37123420358826
			14.0266819064509	-4.37123420358826
			14.0306341977743	-4.37123420358826
			14.0345864890976	-4.37123420358826
			14.0385387804209	-4.37123420358826
			14.0424910717442	-4.37123420358826
			14.0464433630675	-4.37123420358826
			14.0503956543908	-4.36728191226494
			14.0543479457142	-4.36728191226494
			14.0583002370375	-4.36728191226494
			14.0622525283608	-4.36728191226494
			14.0662048196841	-4.36728191226494
			14.0701571110074	-4.36728191226494
			14.0741094023307	-4.36728191226494
			14.0780616936541	-4.36332962094163
			14.0820139849774	-4.36332962094163
			14.0859662763007	-4.36332962094163
			14.089918567624	-4.36332962094163
			14.0938708589473	-4.36332962094163
			14.0978231502706	-4.36332962094163
			14.101775441594	-4.35937732961831
			14.1057277329173	-4.35937732961831
			14.1096800242406	-4.35937732961831
			14.1136323155639	-4.35937732961831
			14.1175846068872	-4.35937732961831
			14.1215368982105	-4.35937732961831
			14.1254891895339	-4.35542503829499
			14.1294414808572	-4.35542503829499
			14.1333937721805	-4.35542503829499
			14.1373460635038	-4.35542503829499
			14.1412983548271	-4.35542503829499
			14.1452506461504	-4.35542503829499
			14.1492029374738	-4.35147274697168
			14.1531552287971	-4.35147274697168
			14.1571075201204	-4.35147274697168
			14.1610598114437	-4.35147274697168
			14.165012102767	-4.35147274697168
			14.1689643940903	-4.35147274697168
			14.1729166854137	-4.34752045564836
			14.176868976737	-4.34752045564836
			14.1808212680603	-4.34752045564836
			14.1847735593836	-4.34752045564836
			14.1887258507069	-4.34752045564836
			14.1887258507069	-4.34356816432504
			14.1926781420302	-4.34356816432504
			14.1966304333536	-4.34356816432504
			14.2005827246769	-4.34356816432504
			14.2045350160002	-4.34356816432504
			14.2084873073235	-4.34356816432504
			14.2124395986468	-4.33961587300173
			14.2163918899701	-4.33961587300173
			14.2203441812935	-4.33961587300173
			14.2242964726168	-4.33961587300173
			14.2282487639401	-4.33961587300173
			14.2322010552634	-4.33566358167841
			14.2361533465867	-4.33566358167841
			14.24010563791	-4.33566358167841
			14.2440579292334	-4.33566358167841
			14.2480102205567	-4.33171129035509
			14.25196251188	-4.33171129035509
			14.2559148032033	-4.33171129035509
			14.2598670945266	-4.33171129035509
			14.2638193858499	-4.33171129035509
			14.2677716771733	-4.32775899903178
			14.2717239684966	-4.32775899903178
			14.2756762598199	-4.32775899903178
			14.2796285511432	-4.32775899903178
			14.2835808424665	-4.32380670770846
			14.2875331337898	-4.32380670770846
			14.2914854251132	-4.32380670770846
		</body_post>
		<opercle type=matrix rownames=FALSE colnames=FALSE nrow=240 ncol=2 as.numeric=TRUE >
			8.75037298982315	-5.22888142074798
			8.75037298982315	-5.22492912942467
			8.75432528114647	-5.22492912942467
			8.75432528114647	-5.22097683810135
			8.75827757246979	-5.21702454677803
			8.75827757246979	-5.21307225545471
			8.7622298637931	-5.2091199641314
			8.76618215511642	-5.20516767280808
			8.76618215511642	-5.20121538148476
			8.77013444643974	-5.19726309016145
			8.77013444643974	-5.19331079883813
			8.77408673776305	-5.18935850751481
			8.77408673776305	-5.1854062161915
			8.77803902908637	-5.18145392486818
			8.77803902908637	-5.17750163354486
			8.78199132040969	-5.17354934222155
			8.78199132040969	-5.16959705089823
			8.785943611733	-5.16564475957491
			8.785943611733	-5.1616924682516
			8.78989590305632	-5.15774017692828
			8.78989590305632	-5.15378788560496
			8.79384819437964	-5.14983559428165
			8.79384819437964	-5.14588330295833
			8.79384819437964	-5.14193101163501
			8.79780048570295	-5.1379787203117
			8.79780048570295	-5.13402642898838
			8.79780048570295	-5.13007413766506
			8.80175277702627	-5.12612184634175
			8.80175277702627	-5.12216955501843
			8.80175277702627	-5.11821726369511
			8.80570506834959	-5.1142649723718
			8.80570506834959	-5.11031268104848
			8.80570506834959	-5.10636038972516
			8.8096573596729	-5.10240809840185
			8.8096573596729	-5.09845580707853
			8.8096573596729	-5.09450351575521
			8.8096573596729	-5.0905512244319
			8.81360965099622	-5.08659893310858
			8.81360965099622	-5.08264664178526
			8.81360965099622	-5.07869435046195
			8.81360965099622	-5.07474205913863
			8.81756194231954	-5.07078976781531
			8.81756194231954	-5.066837476492
			8.81756194231954	-5.06288518516868
			8.81756194231954	-5.05893289384536
			8.81756194231954	-5.05498060252205
			8.82151423364285	-5.05102831119873
			8.82151423364285	-5.04707601987541
			8.82151423364285	-5.0431237285521
			8.82151423364285	-5.03917143722878
			8.82151423364285	-5.03521914590546
			8.82151423364285	-5.03126685458215
			8.82546652496617	-5.02731456325883
			8.82546652496617	-5.02336227193551
			8.82546652496617	-5.0194099806122
			8.82546652496617	-5.01545768928888
			8.82546652496617	-5.01150539796556
			8.82546652496617	-5.00755310664225
			8.82546652496617	-5.00360081531893
			8.82546652496617	-4.99964852399561
			8.82941881628949	-4.9956962326723
			8.82941881628949	-4.99174394134898
			8.82941881628949	-4.98779165002566
			8.82941881628949	-4.98383935870235
			8.82941881628949	-4.97988706737903
			8.82941881628949	-4.97593477605571
			8.82941881628949	-4.9719824847324
			8.82941881628949	-4.96803019340908
			8.82941881628949	-4.96407790208576
			8.82941881628949	-4.96012561076245
			8.82941881628949	-4.95617331943913
			8.82941881628949	-4.95222102811581
			8.82941881628949	-4.9482687367925
			8.82941881628949	-4.94431644546918
			8.82941881628949	-4.94036415414586
			8.82941881628949	-4.93641186282255
			8.82941881628949	-4.93245957149923
			8.82941881628949	-4.92850728017591
			8.82941881628949	-4.9245549888526
			8.82941881628949	-4.92060269752928
			8.82941881628949	-4.91665040620596
			8.82941881628949	-4.91269811488265
			8.82941881628949	-4.90874582355933
			8.82941881628949	-4.90479353223601
			8.82941881628949	-4.9008412409127
			8.82941881628949	-4.89688894958938
			8.82941881628949	-4.89293665826606
			8.82941881628949	-4.88898436694275
			8.82941881628949	-4.88503207561943
			8.82941881628949	-4.88107978429611
			8.82941881628949	-4.8771274929728
			8.82941881628949	-4.87317520164948
			8.82546652496617	-4.86922291032616
			8.82546652496617	-4.86527061900285
			8.82546652496617	-4.86131832767953
			8.82546652496617	-4.85736603635621
			8.82546652496617	-4.8534137450329
			8.82546652496617	-4.84946145370958
			8.82546652496617	-4.84550916238626
			8.82546652496617	-4.84155687106295
			8.82546652496617	-4.83760457973963
			8.82546652496617	-4.83365228841631
			8.82151423364285	-4.829699997093
			8.82151423364285	-4.82574770576968
			8.82151423364285	-4.82179541444636
			8.82151423364285	-4.81784312312305
			8.82151423364285	-4.81389083179973
			8.82151423364285	-4.80993854047641
			8.82151423364285	-4.8059862491531
			8.81756194231954	-4.80203395782978
			8.81756194231954	-4.79808166650646
			8.81756194231954	-4.79412937518315
			8.81756194231954	-4.79017708385983
			8.81756194231954	-4.78622479253651
			8.81756194231954	-4.7822725012132
			8.81360965099622	-4.77832020988988
			8.81360965099622	-4.77436791856656
			8.81360965099622	-4.77041562724325
			8.81360965099622	-4.76646333591993
			8.81360965099622	-4.76251104459661
			8.8096573596729	-4.7585587532733
			8.8096573596729	-4.75460646194998
			8.8096573596729	-4.75065417062666
			8.8096573596729	-4.74670187930335
			8.8096573596729	-4.74274958798003
			8.8096573596729	-4.73879729665671
			8.80570506834959	-4.7348450053334
			8.80570506834959	-4.73089271401008
			8.80570506834959	-4.72694042268676
			8.80570506834959	-4.72298813136345
			8.80175277702627	-4.71903584004013
			8.80175277702627	-4.71508354871681
			8.80175277702627	-4.71113125739349
			8.80175277702627	-4.70717896607018
			8.80175277702627	-4.70322667474686
			8.79780048570295	-4.70322667474686
			8.79780048570295	-4.69927438342355
			8.79780048570295	-4.69532209210023
			8.79780048570295	-4.69136980077691
			8.79384819437964	-4.68741750945359
			8.79384819437964	-4.68346521813028
			8.79384819437964	-4.67951292680696
			8.79384819437964	-4.67556063548364
			8.78989590305632	-4.67160834416033
			8.78989590305632	-4.66765605283701
			8.78989590305632	-4.66370376151369
			8.785943611733	-4.65975147019038
			8.785943611733	-4.65579917886706
			8.785943611733	-4.65184688754374
			8.785943611733	-4.64789459622043
			8.78199132040969	-4.64394230489711
			8.78199132040969	-4.63999001357379
			8.78199132040969	-4.63603772225048
			8.78199132040969	-4.63208543092716
			8.77803902908637	-4.62813313960384
			8.77803902908637	-4.62418084828053
			8.77803902908637	-4.62022855695721
			8.77408673776305	-4.61627626563389
			8.77408673776305	-4.61232397431058
			8.77408673776305	-4.60837168298726
			8.77408673776305	-4.60441939166394
			8.77013444643974	-4.60441939166394
			8.77013444643974	-4.60046710034063
			8.77013444643974	-4.59651480901731
			8.77013444643974	-4.59256251769399
			8.76618215511642	-4.59256251769399
			8.76618215511642	-4.58861022637068
			8.76618215511642	-4.58465793504736
			8.76618215511642	-4.58070564372404
			8.7622298637931	-4.58070564372404
			8.7622298637931	-4.57675335240073
			8.7622298637931	-4.57280106107741
			8.7622298637931	-4.56884876975409
			8.75827757246979	-4.56884876975409
			8.75827757246979	-4.56489647843078
			8.75827757246979	-4.56094418710746
			8.75432528114647	-4.55699189578414
			8.75432528114647	-4.55303960446083
			8.75432528114647	-4.54908731313751
			8.75037298982315	-4.54513502181419
			8.75037298982315	-4.54118273049088
			8.75037298982315	-4.53723043916756
			8.74642069849984	-4.53327814784424
			8.74642069849984	-4.52932585652093
			8.74642069849984	-4.52537356519761
			8.74246840717652	-4.52142127387429
			8.74246840717652	-4.51746898255098
			8.74246840717652	-4.51351669122766
			8.7385161158532	-4.51351669122766
			8.7385161158532	-4.50956439990434
			8.7385161158532	-4.50561210858103
			8.73456382452989	-4.50165981725771
			8.73456382452989	-4.49770752593439
			8.73061153320657	-4.49375523461108
			8.73061153320657	-4.48980294328776
			8.73061153320657	-4.48585065196444
			8.72665924188325	-4.48189836064113
			8.72665924188325	-4.47794606931781
			8.72665924188325	-4.47399377799449
			8.72270695055994	-4.47004148667118
			8.72270695055994	-4.46608919534786
			8.71875465923662	-4.46213690402454
			8.71875465923662	-4.45818461270123
			8.71875465923662	-4.45423232137791
			8.7148023679133	-4.45028003005459
			8.7148023679133	-4.44632773873128
			8.71085007658998	-4.44237544740796
			8.71085007658998	-4.43842315608464
			8.71085007658998	-4.43447086476133
			8.70689778526667	-4.43051857343801
			8.70689778526667	-4.42656628211469
			8.70294549394335	-4.42261399079138
			8.70294549394335	-4.41866169946806
			8.70294549394335	-4.41470940814474
			8.69899320262004	-4.41075711682143
			8.69899320262004	-4.40680482549811
			8.69504091129672	-4.40680482549811
			8.69504091129672	-4.40285253417479
			8.6910886199734	-4.39890024285148
			8.6910886199734	-4.39494795152816
			8.6910886199734	-4.39099566020484
			8.68713632865009	-4.38704336888153
			8.68713632865009	-4.38309107755821
			8.68318403732677	-4.37913878623489
			8.68318403732677	-4.37518649491158
			8.67923174600345	-4.37123420358826
			8.67923174600345	-4.36728191226494
			8.67527945468014	-4.36332962094163
			8.67527945468014	-4.35937732961831
			8.67132716335682	-4.35542503829499
			8.67132716335682	-4.35147274697168
			8.67132716335682	-4.34752045564836
			8.6673748720335	-4.34356816432504
			8.6673748720335	-4.33961587300173
			8.66342258071018	-4.33566358167841
			8.66342258071018	-4.33171129035509
			8.66342258071018	-4.32775899903178
			8.65947028938687	-4.32380670770846
			8.65551799806355	-4.31985441638514
			8.65551799806355	-4.31590212506183
		</opercle>
	</curves.scaled>
	<ruler.points type=matrix rownames=TRUE colnames=FALSE nrow=2 ncol=2 as.numeric=TRUE >
		Ruler point 1	2545	2208
		Ruler point 2	2798	2211
	</ruler.points>
</shapes>

