<shapes type=list>
	<ruler.pixel type=vector names=FALSE length=1 as.numeric=TRUE >245.008163129313</ruler.pixel>
	<ruler.interval type=vector names=FALSE length=1 as.numeric=TRUE >1</ruler.interval>
	<scaling.units type=vector names=FALSE length=1 as.numeric=FALSE >cm</scaling.units>
	<scaling type=vector names=FALSE length=1 as.numeric=TRUE >0.00408149666210187</scaling>
	<image.name type=vector names=FALSE length=1 as.numeric=FALSE >TU202142_17_L.JPG</image.name>
	<landmarks.pixel type=matrix rownames=TRUE colnames=FALSE nrow=20 ncol=2 as.numeric=TRUE >
		snout_tip	1775	1023
		dorsal_ant	2444	886
		dorsal_post	2636	945
		caud_upper	3264	971
		caud_lower	3236	1140
		anal_post	3034	1150
		anal_ant	2911	1190
		pelv_1	2513	1218
		pect_1	2118	1151
		lower_operc	2069	1143
		upper_operc	2081	958
		eye_center	1918	1003
		eye_1_ant	1881	1003
		eye_2	1891	978
		eye_3_dors	1922	960
		eye_4	1951	974
		eye_5_post	1958	999
		eye_6	1947	1028
		eye_7_vent	1919	1039
		eye_8	1891	1029
	</landmarks.pixel>
	<landmarks.scaled type=matrix rownames=TRUE colnames=FALSE nrow=20 ncol=2 as.numeric=TRUE >
		snout_tip	7.24465657523081	-4.17537108533021
		dorsal_ant	9.97517784217696	-3.61620604262225
		dorsal_post	10.7588252013005	-3.85701434568626
		caud_upper	13.3220051051005	-3.96313325890091
		caud_lower	13.2077231985616	-4.65290619479613
		anal_post	12.3832608728171	-4.69372116141715
		anal_ant	11.8812367833785	-4.85698102790122
		pelv_1	10.256801111862	-4.97126293444007
		pect_1	8.64460993033175	-4.69780265807925
		lower_operc	8.44461659388876	-4.66515068478243
		upper_operc	8.49359455383398	-3.91007380229359
		eye_center	7.82831059791138	-4.09374115208817
		eye_1_ant	7.67729522141361	-4.09374115208817
		eye_2	7.71811018803463	-3.99170373553563
		eye_3_dors	7.84463658455979	-3.91823679561779
		eye_4	7.96299998776074	-3.97537774888722
		eye_5_post	7.99157046439545	-4.07741516543976
		eye_6	7.94667400111233	-4.19577856864072
		eye_7_vent	7.83239209457348	-4.24067503192384
		eye_8	7.71811018803463	-4.19986006530282
	</landmarks.scaled>
	<curves.control type=list>
		<body_ant type=matrix rownames=FALSE colnames=FALSE nrow=7 ncol=2 as.numeric=TRUE >
			1775	1023
			1869	916
			2081	900
			2160	889
			2285	885
			2345	881
			2444	886
		</body_ant>
		<body_post type=matrix rownames=FALSE colnames=FALSE nrow=5 ncol=2 as.numeric=TRUE >
			2636	945
			2818	991
			3134	994
			3224	975
			3264	971
		</body_post>
		<opercle type=matrix rownames=FALSE colnames=FALSE nrow=3 ncol=2 as.numeric=TRUE >
			2069	1143
			2147	1059
			2081	958
		</opercle>
	</curves.control>
	<curves.pixel type=list>
		<body_ant type=matrix rownames=FALSE colnames=FALSE nrow=683 ncol=2 as.numeric=TRUE >
			1775	1023
			1776	1022
			1777	1021
			1777	1020
			1778	1019
			1779	1018
			1780	1018
			1781	1017
			1782	1016
			1782	1015
			1783	1014
			1784	1013
			1785	1012
			1786	1011
			1787	1011
			1788	1010
			1788	1009
			1789	1008
			1790	1007
			1791	1006
			1792	1005
			1793	1005
			1794	1004
			1795	1003
			1796	1002
			1796	1001
			1797	1000
			1798	1000
			1799	999
			1800	998
			1801	997
			1802	996
			1803	995
			1804	995
			1805	994
			1806	993
			1807	992
			1808	991
			1809	991
			1810	990
			1811	989
			1812	988
			1813	988
			1814	987
			1815	986
			1816	985
			1817	984
			1818	984
			1819	983
			1820	982
			1821	981
			1822	981
			1823	980
			1824	979
			1825	978
			1826	978
			1827	977
			1828	976
			1829	976
			1830	975
			1831	974
			1832	973
			1833	973
			1834	972
			1835	971
			1836	971
			1837	970
			1838	969
			1839	969
			1840	968
			1841	967
			1842	967
			1843	966
			1844	966
			1845	965
			1846	964
			1847	964
			1848	963
			1849	963
			1850	962
			1851	962
			1852	961
			1853	960
			1854	960
			1855	959
			1856	959
			1857	958
			1858	958
			1859	957
			1860	957
			1861	956
			1862	956
			1863	955
			1864	954
			1865	954
			1866	953
			1867	953
			1868	952
			1869	952
			1870	951
			1871	951
			1872	950
			1873	950
			1874	950
			1874	949
			1875	949
			1876	949
			1876	948
			1877	948
			1878	948
			1879	947
			1880	947
			1881	946
			1882	946
			1883	945
			1884	945
			1885	945
			1885	944
			1886	944
			1887	944
			1888	943
			1889	943
			1890	942
			1891	942
			1892	941
			1893	941
			1894	941
			1895	940
			1896	940
			1897	939
			1898	939
			1899	939
			1900	938
			1901	938
			1902	937
			1903	937
			1904	937
			1905	936
			1906	936
			1907	936
			1908	935
			1909	935
			1910	934
			1911	934
			1912	934
			1913	933
			1914	933
			1915	933
			1916	932
			1917	932
			1918	932
			1919	931
			1920	931
			1921	930
			1922	930
			1923	930
			1924	929
			1925	929
			1926	929
			1927	928
			1928	928
			1929	928
			1930	927
			1931	927
			1932	927
			1933	926
			1934	926
			1935	926
			1936	926
			1936	925
			1937	925
			1938	925
			1939	925
			1940	924
			1941	924
			1942	924
			1943	924
			1943	923
			1944	923
			1945	923
			1946	923
			1947	922
			1948	922
			1949	922
			1950	922
			1951	921
			1952	921
			1953	921
			1954	920
			1955	920
			1956	920
			1957	920
			1958	919
			1959	919
			1960	919
			1961	919
			1962	918
			1963	918
			1964	918
			1965	918
			1966	917
			1967	917
			1968	917
			1969	917
			1970	916
			1971	916
			1972	916
			1973	916
			1974	916
			1975	915
			1976	915
			1977	915
			1978	915
			1979	914
			1980	914
			1981	914
			1982	914
			1983	913
			1984	913
			1985	913
			1986	913
			1987	913
			1988	913
			1989	912
			1990	912
			1991	912
			1992	912
			1993	912
			1994	911
			1995	911
			1996	911
			1997	911
			1998	910
			1999	910
			2000	910
			2001	910
			2002	910
			2003	910
			2004	909
			2005	909
			2006	909
			2007	909
			2008	909
			2009	909
			2010	908
			2011	908
			2012	908
			2013	908
			2014	908
			2015	908
			2016	907
			2017	907
			2018	907
			2019	907
			2020	907
			2021	907
			2022	907
			2023	906
			2024	906
			2025	906
			2026	906
			2027	906
			2028	906
			2029	906
			2030	905
			2031	905
			2032	905
			2033	905
			2034	905
			2035	905
			2036	905
			2037	904
			2038	904
			2039	904
			2040	904
			2041	904
			2042	904
			2043	904
			2044	904
			2045	903
			2046	903
			2047	903
			2048	903
			2049	903
			2050	903
			2051	903
			2052	903
			2053	903
			2054	902
			2055	902
			2056	902
			2057	902
			2058	902
			2059	902
			2060	902
			2061	902
			2062	902
			2063	902
			2064	901
			2065	901
			2066	901
			2067	901
			2068	901
			2069	901
			2070	901
			2071	901
			2072	901
			2073	901
			2074	901
			2075	900
			2076	900
			2077	900
			2078	900
			2079	900
			2080	900
			2081	900
			2082	900
			2083	900
			2084	900
			2085	899
			2086	899
			2087	899
			2088	899
			2089	899
			2090	899
			2091	899
			2092	898
			2093	898
			2094	898
			2095	898
			2096	898
			2097	898
			2098	898
			2099	898
			2100	898
			2100	897
			2101	897
			2102	897
			2103	897
			2104	897
			2105	897
			2106	897
			2107	897
			2108	897
			2109	896
			2110	896
			2111	896
			2112	896
			2113	896
			2114	896
			2115	896
			2116	896
			2117	896
			2118	895
			2119	895
			2120	895
			2121	895
			2122	895
			2123	895
			2124	895
			2125	895
			2126	895
			2127	895
			2128	895
			2128	894
			2129	894
			2130	894
			2131	894
			2132	894
			2133	894
			2134	894
			2135	894
			2136	894
			2137	894
			2138	893
			2139	893
			2140	893
			2141	893
			2142	893
			2143	893
			2144	893
			2145	893
			2146	893
			2147	893
			2148	893
			2149	893
			2149	892
			2150	892
			2151	892
			2152	892
			2153	892
			2154	892
			2155	892
			2156	892
			2157	892
			2158	892
			2159	892
			2160	892
			2161	892
			2162	891
			2163	891
			2164	891
			2165	891
			2166	891
			2167	891
			2168	891
			2169	891
			2170	891
			2171	891
			2172	891
			2173	891
			2174	891
			2175	890
			2176	890
			2177	890
			2178	890
			2179	890
			2180	890
			2181	890
			2182	890
			2183	890
			2184	890
			2185	890
			2186	890
			2187	890
			2188	890
			2189	890
			2190	889
			2191	889
			2192	889
			2193	889
			2194	889
			2195	889
			2196	889
			2197	889
			2198	889
			2199	889
			2200	889
			2201	889
			2202	889
			2203	889
			2204	889
			2205	889
			2206	888
			2207	888
			2208	888
			2209	888
			2210	888
			2211	888
			2212	888
			2213	888
			2214	888
			2215	888
			2216	888
			2217	888
			2218	888
			2219	888
			2220	888
			2221	888
			2222	888
			2223	888
			2224	888
			2225	887
			2226	887
			2227	887
			2228	887
			2229	887
			2230	887
			2231	887
			2232	887
			2233	887
			2234	887
			2235	887
			2236	887
			2237	887
			2238	887
			2239	887
			2240	887
			2241	887
			2242	887
			2243	887
			2244	887
			2245	887
			2246	886
			2247	886
			2248	886
			2249	886
			2250	886
			2251	886
			2252	886
			2253	886
			2254	886
			2255	886
			2256	886
			2257	886
			2258	886
			2259	886
			2260	886
			2261	886
			2262	886
			2263	886
			2264	886
			2265	886
			2266	886
			2267	886
			2268	886
			2269	886
			2270	886
			2270	885
			2271	885
			2272	885
			2273	885
			2274	885
			2275	885
			2276	885
			2277	885
			2278	885
			2279	885
			2280	885
			2281	885
			2282	885
			2283	885
			2284	885
			2285	885
			2286	885
			2287	885
			2288	885
			2289	885
			2290	885
			2291	885
			2292	885
			2293	885
			2294	884
			2295	884
			2296	884
			2297	884
			2298	884
			2299	884
			2300	884
			2301	884
			2302	884
			2303	884
			2304	884
			2305	884
			2306	884
			2307	884
			2308	884
			2309	884
			2310	884
			2311	884
			2312	884
			2313	884
			2314	884
			2315	884
			2316	884
			2317	884
			2318	884
			2319	884
			2320	884
			2321	883
			2322	883
			2323	883
			2324	883
			2325	883
			2326	883
			2327	883
			2328	883
			2329	883
			2330	883
			2331	883
			2332	883
			2333	883
			2334	883
			2335	883
			2336	883
			2337	883
			2338	883
			2339	883
			2340	883
			2341	883
			2342	883
			2343	883
			2344	883
			2345	883
			2346	883
			2347	883
			2348	883
			2349	883
			2350	883
			2351	883
			2352	883
			2353	883
			2354	883
			2355	883
			2356	883
			2357	883
			2358	883
			2359	883
			2360	883
			2361	883
			2362	883
			2363	883
			2364	883
			2365	883
			2366	883
			2367	883
			2368	883
			2369	883
			2370	883
			2371	883
			2372	883
			2373	883
			2374	883
			2375	884
			2376	884
			2377	884
			2378	884
			2379	884
			2380	884
			2381	884
			2382	884
			2383	884
			2384	884
			2385	884
			2386	884
			2387	884
			2388	884
			2389	884
			2390	884
			2391	884
			2392	884
			2393	884
			2394	884
			2395	884
			2396	884
			2397	884
			2398	884
			2399	884
			2400	884
			2401	884
			2402	884
			2403	884
			2404	884
			2405	884
			2406	884
			2407	884
			2408	884
			2409	884
			2410	884
			2411	885
			2412	885
			2413	885
			2414	885
			2415	885
			2416	885
			2417	885
			2418	885
			2419	885
			2420	885
			2421	885
			2422	885
			2423	885
			2424	885
			2425	885
			2426	885
			2427	885
			2428	885
			2429	885
			2430	885
			2431	885
			2432	885
			2433	885
			2434	885
			2435	886
			2436	886
			2437	886
			2438	886
			2439	886
			2440	886
			2441	886
			2442	886
			2443	886
			2444	886
		</body_ant>
		<body_post type=matrix rownames=FALSE colnames=FALSE nrow=632 ncol=2 as.numeric=TRUE >
			2636	945
			2637	945
			2638	946
			2639	946
			2640	946
			2641	946
			2642	946
			2642	947
			2643	947
			2644	947
			2645	947
			2646	948
			2647	948
			2648	948
			2649	948
			2650	948
			2651	949
			2652	949
			2653	949
			2654	949
			2655	950
			2656	950
			2657	950
			2658	950
			2659	951
			2660	951
			2661	951
			2662	951
			2663	951
			2664	952
			2665	952
			2666	952
			2667	952
			2668	953
			2669	953
			2670	953
			2671	953
			2672	953
			2673	954
			2674	954
			2675	954
			2676	954
			2677	954
			2678	955
			2679	955
			2680	955
			2681	955
			2682	956
			2683	956
			2684	956
			2685	956
			2686	956
			2687	957
			2688	957
			2689	957
			2690	957
			2691	957
			2692	958
			2693	958
			2694	958
			2695	958
			2696	958
			2697	958
			2698	959
			2699	959
			2700	959
			2701	959
			2702	959
			2703	960
			2704	960
			2705	960
			2706	960
			2707	960
			2708	961
			2709	961
			2710	961
			2711	961
			2712	961
			2713	961
			2714	962
			2715	962
			2716	962
			2717	962
			2718	962
			2719	963
			2720	963
			2721	963
			2722	963
			2723	963
			2724	963
			2725	964
			2726	964
			2727	964
			2728	964
			2729	964
			2730	964
			2731	965
			2732	965
			2733	965
			2734	965
			2735	965
			2736	965
			2737	966
			2738	966
			2739	966
			2740	966
			2741	966
			2742	966
			2743	967
			2744	967
			2745	967
			2746	967
			2747	967
			2748	967
			2749	967
			2750	968
			2751	968
			2752	968
			2753	968
			2754	968
			2755	968
			2756	969
			2757	969
			2758	969
			2759	969
			2760	969
			2761	969
			2762	969
			2763	970
			2764	970
			2765	970
			2766	970
			2767	970
			2768	970
			2769	970
			2770	971
			2771	971
			2772	971
			2773	971
			2774	971
			2775	971
			2776	971
			2777	972
			2778	972
			2779	972
			2780	972
			2781	972
			2782	972
			2783	972
			2784	972
			2785	973
			2786	973
			2787	973
			2788	973
			2789	973
			2790	973
			2791	973
			2792	974
			2793	974
			2794	974
			2795	974
			2796	974
			2797	974
			2798	974
			2799	974
			2800	975
			2801	975
			2802	975
			2803	975
			2804	975
			2805	975
			2806	975
			2807	975
			2808	976
			2809	976
			2810	976
			2811	976
			2812	976
			2813	976
			2814	976
			2815	976
			2816	977
			2817	977
			2818	977
			2819	977
			2820	977
			2821	977
			2822	977
			2823	977
			2824	977
			2825	977
			2826	978
			2827	978
			2828	978
			2829	978
			2830	978
			2831	978
			2832	978
			2833	978
			2834	978
			2835	979
			2836	979
			2837	979
			2838	979
			2839	979
			2840	979
			2841	979
			2842	979
			2843	979
			2844	980
			2845	980
			2846	980
			2847	980
			2848	980
			2849	980
			2850	980
			2851	980
			2852	980
			2853	980
			2854	980
			2855	981
			2856	981
			2857	981
			2858	981
			2859	981
			2860	981
			2861	981
			2862	981
			2863	981
			2864	981
			2865	981
			2866	982
			2867	982
			2868	982
			2869	982
			2870	982
			2871	982
			2872	982
			2873	982
			2874	982
			2875	982
			2876	982
			2877	983
			2878	983
			2879	983
			2880	983
			2881	983
			2882	983
			2883	983
			2884	983
			2885	983
			2886	983
			2887	983
			2888	984
			2889	984
			2890	984
			2891	984
			2892	984
			2893	984
			2894	984
			2895	984
			2896	984
			2897	984
			2898	984
			2899	984
			2900	985
			2901	985
			2902	985
			2903	985
			2904	985
			2905	985
			2906	985
			2907	985
			2908	985
			2909	985
			2910	985
			2911	985
			2912	985
			2913	986
			2914	986
			2915	986
			2916	986
			2917	986
			2918	986
			2919	986
			2920	986
			2921	986
			2922	986
			2923	986
			2924	986
			2925	986
			2926	986
			2927	986
			2928	987
			2929	987
			2930	987
			2931	987
			2932	987
			2933	987
			2934	987
			2935	987
			2936	987
			2937	987
			2938	987
			2939	987
			2940	987
			2941	987
			2942	987
			2943	988
			2944	988
			2945	988
			2946	988
			2947	988
			2948	988
			2949	988
			2950	988
			2951	988
			2952	988
			2953	988
			2954	988
			2955	988
			2956	988
			2957	988
			2958	988
			2959	988
			2959	989
			2960	989
			2961	989
			2962	989
			2963	989
			2964	989
			2965	989
			2966	989
			2967	989
			2968	989
			2969	989
			2970	989
			2971	989
			2972	989
			2973	989
			2974	989
			2975	989
			2976	989
			2977	989
			2978	990
			2979	990
			2980	990
			2981	990
			2982	990
			2983	990
			2984	990
			2985	990
			2986	990
			2987	990
			2988	990
			2989	990
			2990	990
			2991	990
			2992	990
			2993	990
			2994	990
			2995	990
			2996	990
			2997	990
			2998	990
			2999	990
			3000	991
			3001	991
			3002	991
			3003	991
			3004	991
			3005	991
			3006	991
			3007	991
			3008	991
			3009	991
			3010	991
			3011	991
			3012	991
			3013	991
			3014	991
			3015	991
			3016	991
			3017	991
			3018	991
			3019	991
			3020	991
			3021	991
			3022	991
			3023	991
			3024	992
			3025	992
			3026	992
			3027	992
			3028	992
			3029	992
			3030	992
			3031	992
			3032	992
			3033	992
			3034	992
			3035	992
			3036	992
			3037	992
			3038	992
			3039	992
			3040	992
			3041	992
			3042	992
			3043	992
			3044	992
			3045	992
			3046	992
			3047	992
			3048	992
			3049	992
			3050	992
			3051	992
			3052	992
			3053	992
			3054	992
			3055	993
			3056	993
			3057	993
			3058	993
			3059	993
			3060	993
			3061	993
			3062	993
			3063	993
			3064	993
			3065	993
			3066	993
			3067	993
			3068	993
			3069	993
			3070	993
			3071	993
			3072	993
			3073	993
			3074	993
			3075	993
			3076	993
			3077	993
			3078	993
			3079	993
			3080	993
			3081	993
			3082	993
			3083	993
			3084	993
			3085	993
			3086	993
			3087	993
			3088	993
			3089	993
			3090	993
			3091	993
			3092	993
			3093	993
			3094	993
			3095	993
			3096	993
			3097	993
			3098	994
			3099	994
			3100	994
			3101	994
			3102	994
			3103	994
			3104	994
			3105	994
			3106	994
			3107	994
			3108	994
			3109	994
			3110	994
			3111	994
			3112	994
			3113	994
			3114	994
			3115	994
			3116	994
			3117	994
			3118	994
			3119	994
			3120	994
			3121	994
			3122	994
			3123	994
			3124	994
			3125	994
			3126	994
			3127	994
			3128	994
			3129	994
			3130	994
			3131	994
			3132	994
			3133	994
			3134	994
			3135	994
			3136	994
			3137	993
			3138	993
			3139	993
			3140	993
			3141	993
			3142	992
			3143	992
			3144	992
			3145	992
			3146	992
			3147	991
			3148	991
			3149	991
			3150	991
			3151	991
			3152	990
			3153	990
			3154	990
			3155	990
			3156	989
			3157	989
			3158	989
			3159	989
			3160	989
			3161	988
			3162	988
			3163	988
			3164	988
			3165	988
			3166	987
			3167	987
			3168	987
			3169	987
			3170	987
			3171	986
			3172	986
			3173	986
			3174	986
			3175	986
			3176	985
			3177	985
			3178	985
			3179	985
			3180	985
			3181	984
			3182	984
			3183	984
			3184	984
			3185	984
			3186	983
			3187	983
			3188	983
			3189	983
			3190	983
			3191	982
			3192	982
			3193	982
			3194	982
			3195	982
			3196	982
			3197	981
			3198	981
			3199	981
			3200	981
			3201	981
			3202	980
			3203	980
			3204	980
			3205	980
			3206	980
			3207	980
			3208	979
			3209	979
			3210	979
			3211	979
			3212	979
			3213	978
			3214	978
			3215	978
			3216	978
			3217	978
			3218	978
			3219	977
			3220	977
			3221	977
			3222	977
			3223	977
			3224	977
			3225	976
			3226	976
			3227	976
			3228	976
			3229	976
			3230	976
			3231	975
			3232	975
			3233	975
			3234	975
			3235	975
			3236	975
			3237	975
			3238	974
			3239	974
			3240	974
			3241	974
			3242	974
			3243	974
			3244	973
			3245	973
			3246	973
			3247	973
			3248	973
			3249	973
			3250	973
			3251	973
			3251	972
			3252	972
			3253	972
			3254	972
			3255	972
			3256	972
			3257	972
			3258	972
			3259	972
			3260	971
			3261	971
			3262	971
			3263	971
			3264	971
		</body_post>
		<opercle type=matrix rownames=FALSE colnames=FALSE nrow=201 ncol=2 as.numeric=TRUE >
			2069	1143
			2070	1142
			2071	1141
			2072	1140
			2073	1139
			2074	1138
			2075	1137
			2075	1136
			2076	1135
			2077	1134
			2078	1133
			2079	1132
			2080	1131
			2080	1130
			2081	1129
			2082	1128
			2083	1127
			2083	1126
			2084	1125
			2085	1124
			2086	1123
			2086	1122
			2087	1121
			2087	1120
			2088	1120
			2088	1119
			2088	1118
			2089	1118
			2089	1117
			2090	1117
			2090	1116
			2090	1115
			2091	1115
			2091	1114
			2092	1114
			2092	1113
			2092	1112
			2093	1112
			2093	1111
			2093	1110
			2094	1110
			2094	1109
			2095	1109
			2095	1108
			2095	1107
			2096	1107
			2096	1106
			2096	1105
			2097	1105
			2097	1104
			2098	1103
			2098	1102
			2099	1101
			2099	1100
			2099	1099
			2100	1099
			2100	1098
			2100	1097
			2101	1096
			2101	1095
			2102	1094
			2102	1093
			2102	1092
			2103	1091
			2103	1090
			2103	1089
			2104	1089
			2104	1088
			2104	1087
			2105	1086
			2105	1085
			2105	1084
			2106	1083
			2106	1082
			2106	1081
			2107	1080
			2107	1079
			2107	1078
			2108	1077
			2108	1076
			2108	1075
			2108	1074
			2108	1073
			2109	1072
			2109	1071
			2109	1070
			2109	1069
			2109	1068
			2110	1067
			2110	1066
			2110	1065
			2110	1064
			2110	1063
			2110	1062
			2110	1061
			2111	1060
			2111	1059
			2111	1058
			2111	1057
			2111	1056
			2111	1055
			2111	1054
			2111	1053
			2111	1052
			2111	1051
			2111	1050
			2111	1049
			2111	1048
			2111	1047
			2111	1046
			2111	1045
			2111	1044
			2111	1043
			2111	1042
			2111	1041
			2111	1040
			2111	1039
			2111	1038
			2111	1037
			2111	1036
			2111	1035
			2111	1034
			2110	1033
			2110	1032
			2110	1031
			2110	1030
			2110	1029
			2110	1028
			2110	1027
			2110	1026
			2109	1025
			2109	1024
			2109	1023
			2109	1022
			2109	1021
			2108	1020
			2108	1019
			2108	1018
			2108	1017
			2107	1016
			2107	1015
			2107	1014
			2107	1013
			2106	1012
			2106	1011
			2106	1010
			2105	1009
			2105	1008
			2105	1007
			2105	1006
			2104	1005
			2104	1004
			2103	1003
			2103	1002
			2103	1001
			2102	1000
			2102	999
			2102	998
			2101	997
			2101	996
			2100	995
			2100	994
			2100	993
			2099	992
			2099	991
			2098	990
			2098	989
			2097	988
			2097	987
			2097	986
			2096	986
			2096	985
			2096	984
			2095	983
			2095	982
			2094	981
			2094	980
			2093	979
			2093	978
			2092	977
			2092	976
			2091	976
			2091	975
			2090	974
			2090	973
			2089	972
			2089	971
			2088	970
			2088	969
			2087	968
			2087	967
			2086	966
			2086	965
			2085	965
			2085	964
			2084	963
			2083	962
			2083	961
			2082	960
			2082	959
			2081	958
		</opercle>
	</curves.pixel>
	<curves.scaled type=list>
		<body_ant type=matrix rownames=FALSE colnames=FALSE nrow=683 ncol=2 as.numeric=TRUE >
			7.24465657523081	-4.17537108533021
			7.24873807189291	-4.17128958866811
			7.25281956855502	-4.16720809200601
			7.25281956855502	-4.1631265953439
			7.25690106521712	-4.1590450986818
			7.26098256187922	-4.1549636020197
			7.26506405854132	-4.1549636020197
			7.26914555520342	-4.1508821053576
			7.27322705186553	-4.1468006086955
			7.27322705186553	-4.14271911203339
			7.27730854852763	-4.13863761537129
			7.28139004518973	-4.13455611870919
			7.28547154185183	-4.13047462204709
			7.28955303851393	-4.12639312538499
			7.29363453517603	-4.12639312538499
			7.29771603183814	-4.12231162872288
			7.29771603183814	-4.11823013206078
			7.30179752850024	-4.11414863539868
			7.30587902516234	-4.11006713873658
			7.30996052182444	-4.10598564207448
			7.31404201848654	-4.10190414541238
			7.31812351514865	-4.10190414541238
			7.32220501181075	-4.09782264875027
			7.32628650847285	-4.09374115208817
			7.33036800513495	-4.08965965542607
			7.33036800513495	-4.08557815876397
			7.33444950179705	-4.08149666210187
			7.33853099845915	-4.08149666210187
			7.34261249512126	-4.07741516543976
			7.34669399178336	-4.07333366877766
			7.35077548844546	-4.06925217211556
			7.35485698510756	-4.06517067545346
			7.35893848176966	-4.06108917879136
			7.36301997843177	-4.06108917879136
			7.36710147509387	-4.05700768212925
			7.37118297175597	-4.05292618546715
			7.37526446841807	-4.04884468880505
			7.37934596508017	-4.04476319214295
			7.38342746174228	-4.04476319214295
			7.38750895840438	-4.04068169548085
			7.39159045506648	-4.03660019881875
			7.39567195172858	-4.03251870215664
			7.39975344839068	-4.03251870215664
			7.40383494505279	-4.02843720549454
			7.40791644171489	-4.02435570883244
			7.41199793837699	-4.02027421217034
			7.41607943503909	-4.01619271550824
			7.42016093170119	-4.01619271550824
			7.42424242836329	-4.01211121884613
			7.4283239250254	-4.00802972218403
			7.4324054216875	-4.00394822552193
			7.4364869183496	-4.00394822552193
			7.4405684150117	-3.99986672885983
			7.4446499116738	-3.99578523219773
			7.44873140833591	-3.99170373553563
			7.45281290499801	-3.99170373553563
			7.45689440166011	-3.98762223887352
			7.46097589832221	-3.98354074221142
			7.46505739498431	-3.98354074221142
			7.46913889164641	-3.97945924554932
			7.47322038830852	-3.97537774888722
			7.47730188497062	-3.97129625222512
			7.48138338163272	-3.97129625222512
			7.48546487829482	-3.96721475556301
			7.48954637495692	-3.96313325890091
			7.49362787161903	-3.96313325890091
			7.49770936828113	-3.95905176223881
			7.50179086494323	-3.95497026557671
			7.50587236160533	-3.95497026557671
			7.50995385826743	-3.95088876891461
			7.51403535492954	-3.9468072722525
			7.51811685159164	-3.9468072722525
			7.52219834825374	-3.9427257755904
			7.52627984491584	-3.9427257755904
			7.53036134157794	-3.9386442789283
			7.53444283824004	-3.9345627822662
			7.53852433490215	-3.9345627822662
			7.54260583156425	-3.9304812856041
			7.54668732822635	-3.9304812856041
			7.55076882488845	-3.926399788942
			7.55485032155055	-3.926399788942
			7.55893181821266	-3.92231829227989
			7.56301331487476	-3.91823679561779
			7.56709481153686	-3.91823679561779
			7.57117630819896	-3.91415529895569
			7.57525780486106	-3.91415529895569
			7.57933930152316	-3.91007380229359
			7.58342079818527	-3.91007380229359
			7.58750229484737	-3.90599230563149
			7.59158379150947	-3.90599230563149
			7.59566528817157	-3.90191080896938
			7.59974678483367	-3.90191080896938
			7.60382828149578	-3.89782931230728
			7.60790977815788	-3.89374781564518
			7.61199127481998	-3.89374781564518
			7.61607277148208	-3.88966631898308
			7.62015426814418	-3.88966631898308
			7.62423576480629	-3.88558482232098
			7.62831726146839	-3.88558482232098
			7.63239875813049	-3.88150332565887
			7.63648025479259	-3.88150332565887
			7.64056175145469	-3.87742182899677
			7.64464324811679	-3.87742182899677
			7.6487247447789	-3.87742182899677
			7.6487247447789	-3.87334033233467
			7.652806241441	-3.87334033233467
			7.6568877381031	-3.87334033233467
			7.6568877381031	-3.86925883567257
			7.6609692347652	-3.86925883567257
			7.6650507314273	-3.86925883567257
			7.66913222808941	-3.86517733901047
			7.67321372475151	-3.86517733901047
			7.67729522141361	-3.86109584234837
			7.68137671807571	-3.86109584234837
			7.68545821473781	-3.85701434568626
			7.68953971139992	-3.85701434568626
			7.69362120806202	-3.85701434568626
			7.69362120806202	-3.85293284902416
			7.69770270472412	-3.85293284902416
			7.70178420138622	-3.85293284902416
			7.70586569804832	-3.84885135236206
			7.70994719471043	-3.84885135236206
			7.71402869137253	-3.84476985569996
			7.71811018803463	-3.84476985569996
			7.72219168469673	-3.84068835903786
			7.72627318135883	-3.84068835903786
			7.73035467802093	-3.84068835903786
			7.73443617468304	-3.83660686237575
			7.73851767134514	-3.83660686237575
			7.74259916800724	-3.83252536571365
			7.74668066466934	-3.83252536571365
			7.75076216133144	-3.83252536571365
			7.75484365799355	-3.82844386905155
			7.75892515465565	-3.82844386905155
			7.76300665131775	-3.82436237238945
			7.76708814797985	-3.82436237238945
			7.77116964464195	-3.82436237238945
			7.77525114130405	-3.82028087572735
			7.77933263796616	-3.82028087572735
			7.78341413462826	-3.82028087572735
			7.78749563129036	-3.81619937906524
			7.79157712795246	-3.81619937906524
			7.79565862461456	-3.81211788240314
			7.79974012127667	-3.81211788240314
			7.80382161793877	-3.81211788240314
			7.80790311460087	-3.80803638574104
			7.81198461126297	-3.80803638574104
			7.81606610792507	-3.80803638574104
			7.82014760458718	-3.80395488907894
			7.82422910124928	-3.80395488907894
			7.82831059791138	-3.80395488907894
			7.83239209457348	-3.79987339241684
			7.83647359123558	-3.79987339241684
			7.84055508789768	-3.79579189575474
			7.84463658455979	-3.79579189575474
			7.84871808122189	-3.79579189575474
			7.85279957788399	-3.79171039909263
			7.85688107454609	-3.79171039909263
			7.86096257120819	-3.79171039909263
			7.8650440678703	-3.78762890243053
			7.8691255645324	-3.78762890243053
			7.8732070611945	-3.78762890243053
			7.8772885578566	-3.78354740576843
			7.8813700545187	-3.78354740576843
			7.8854515511808	-3.78354740576843
			7.88953304784291	-3.77946590910633
			7.89361454450501	-3.77946590910633
			7.89769604116711	-3.77946590910633
			7.90177753782921	-3.77946590910633
			7.90177753782921	-3.77538441244423
			7.90585903449131	-3.77538441244423
			7.90994053115342	-3.77538441244423
			7.91402202781552	-3.77538441244423
			7.91810352447762	-3.77130291578212
			7.92218502113972	-3.77130291578212
			7.92626651780182	-3.77130291578212
			7.93034801446393	-3.77130291578212
			7.93034801446393	-3.76722141912002
			7.93442951112603	-3.76722141912002
			7.93851100778813	-3.76722141912002
			7.94259250445023	-3.76722141912002
			7.94667400111233	-3.76313992245792
			7.95075549777444	-3.76313992245792
			7.95483699443654	-3.76313992245792
			7.95891849109864	-3.76313992245792
			7.96299998776074	-3.75905842579582
			7.96708148442284	-3.75905842579582
			7.97116298108494	-3.75905842579582
			7.97524447774705	-3.75497692913372
			7.97932597440915	-3.75497692913372
			7.98340747107125	-3.75497692913372
			7.98748896773335	-3.75497692913372
			7.99157046439545	-3.75089543247161
			7.99565196105756	-3.75089543247161
			7.99973345771966	-3.75089543247161
			8.00381495438176	-3.75089543247161
			8.00789645104386	-3.74681393580951
			8.01197794770596	-3.74681393580951
			8.01605944436806	-3.74681393580951
			8.02014094103017	-3.74681393580951
			8.02422243769227	-3.74273243914741
			8.02830393435437	-3.74273243914741
			8.03238543101647	-3.74273243914741
			8.03646692767857	-3.74273243914741
			8.04054842434068	-3.73865094248531
			8.04462992100278	-3.73865094248531
			8.04871141766488	-3.73865094248531
			8.05279291432698	-3.73865094248531
			8.05687441098908	-3.73865094248531
			8.06095590765119	-3.73456944582321
			8.06503740431329	-3.73456944582321
			8.06911890097539	-3.73456944582321
			8.07320039763749	-3.73456944582321
			8.07728189429959	-3.73048794916111
			8.08136339096169	-3.73048794916111
			8.0854448876238	-3.73048794916111
			8.0895263842859	-3.73048794916111
			8.093607880948	-3.726406452499
			8.0976893776101	-3.726406452499
			8.1017708742722	-3.726406452499
			8.10585237093431	-3.726406452499
			8.10993386759641	-3.726406452499
			8.11401536425851	-3.726406452499
			8.11809686092061	-3.7223249558369
			8.12217835758271	-3.7223249558369
			8.12625985424481	-3.7223249558369
			8.13034135090692	-3.7223249558369
			8.13442284756902	-3.7223249558369
			8.13850434423112	-3.7182434591748
			8.14258584089322	-3.7182434591748
			8.14666733755532	-3.7182434591748
			8.15074883421743	-3.7182434591748
			8.15483033087953	-3.7141619625127
			8.15891182754163	-3.7141619625127
			8.16299332420373	-3.7141619625127
			8.16707482086583	-3.7141619625127
			8.17115631752794	-3.7141619625127
			8.17523781419004	-3.7141619625127
			8.17931931085214	-3.7100804658506
			8.18340080751424	-3.7100804658506
			8.18748230417634	-3.7100804658506
			8.19156380083844	-3.7100804658506
			8.19564529750055	-3.7100804658506
			8.19972679416265	-3.7100804658506
			8.20380829082475	-3.70599896918849
			8.20788978748685	-3.70599896918849
			8.21197128414896	-3.70599896918849
			8.21605278081106	-3.70599896918849
			8.22013427747316	-3.70599896918849
			8.22421577413526	-3.70599896918849
			8.22829727079736	-3.70191747252639
			8.23237876745946	-3.70191747252639
			8.23646026412156	-3.70191747252639
			8.24054176078367	-3.70191747252639
			8.24462325744577	-3.70191747252639
			8.24870475410787	-3.70191747252639
			8.25278625076997	-3.70191747252639
			8.25686774743208	-3.69783597586429
			8.26094924409418	-3.69783597586429
			8.26503074075628	-3.69783597586429
			8.26911223741838	-3.69783597586429
			8.27319373408048	-3.69783597586429
			8.27727523074258	-3.69783597586429
			8.28135672740469	-3.69783597586429
			8.28543822406679	-3.69375447920219
			8.28951972072889	-3.69375447920219
			8.29360121739099	-3.69375447920219
			8.29768271405309	-3.69375447920219
			8.30176421071519	-3.69375447920219
			8.3058457073773	-3.69375447920219
			8.3099272040394	-3.69375447920219
			8.3140087007015	-3.68967298254009
			8.3180901973636	-3.68967298254009
			8.32217169402571	-3.68967298254009
			8.32625319068781	-3.68967298254009
			8.33033468734991	-3.68967298254009
			8.33441618401201	-3.68967298254009
			8.33849768067411	-3.68967298254009
			8.34257917733621	-3.68967298254009
			8.34666067399832	-3.68559148587799
			8.35074217066042	-3.68559148587799
			8.35482366732252	-3.68559148587799
			8.35890516398462	-3.68559148587799
			8.36298666064672	-3.68559148587799
			8.36706815730883	-3.68559148587799
			8.37114965397093	-3.68559148587799
			8.37523115063303	-3.68559148587799
			8.37931264729513	-3.68559148587799
			8.38339414395723	-3.68150998921588
			8.38747564061933	-3.68150998921588
			8.39155713728144	-3.68150998921588
			8.39563863394354	-3.68150998921588
			8.39972013060564	-3.68150998921588
			8.40380162726774	-3.68150998921588
			8.40788312392984	-3.68150998921588
			8.41196462059195	-3.68150998921588
			8.41604611725405	-3.68150998921588
			8.42012761391615	-3.68150998921588
			8.42420911057825	-3.67742849255378
			8.42829060724035	-3.67742849255378
			8.43237210390246	-3.67742849255378
			8.43645360056456	-3.67742849255378
			8.44053509722666	-3.67742849255378
			8.44461659388876	-3.67742849255378
			8.44869809055086	-3.67742849255378
			8.45277958721296	-3.67742849255378
			8.45686108387507	-3.67742849255378
			8.46094258053717	-3.67742849255378
			8.46502407719927	-3.67742849255378
			8.46910557386137	-3.67334699589168
			8.47318707052347	-3.67334699589168
			8.47726856718558	-3.67334699589168
			8.48135006384768	-3.67334699589168
			8.48543156050978	-3.67334699589168
			8.48951305717188	-3.67334699589168
			8.49359455383398	-3.67334699589168
			8.49767605049609	-3.67334699589168
			8.50175754715819	-3.67334699589168
			8.50583904382029	-3.67334699589168
			8.50992054048239	-3.66926549922958
			8.51400203714449	-3.66926549922958
			8.51808353380659	-3.66926549922958
			8.5221650304687	-3.66926549922958
			8.5262465271308	-3.66926549922958
			8.5303280237929	-3.66926549922958
			8.534409520455	-3.66926549922958
			8.5384910171171	-3.66518400256748
			8.54257251377921	-3.66518400256748
			8.54665401044131	-3.66518400256748
			8.55073550710341	-3.66518400256748
			8.55481700376551	-3.66518400256748
			8.55889850042761	-3.66518400256748
			8.56297999708971	-3.66518400256748
			8.56706149375182	-3.66518400256748
			8.57114299041392	-3.66518400256748
			8.57114299041392	-3.66110250590537
			8.57522448707602	-3.66110250590537
			8.57930598373812	-3.66110250590537
			8.58338748040022	-3.66110250590537
			8.58746897706233	-3.66110250590537
			8.59155047372443	-3.66110250590537
			8.59563197038653	-3.66110250590537
			8.59971346704863	-3.66110250590537
			8.60379496371073	-3.66110250590537
			8.60787646037284	-3.65702100924327
			8.61195795703494	-3.65702100924327
			8.61603945369704	-3.65702100924327
			8.62012095035914	-3.65702100924327
			8.62420244702124	-3.65702100924327
			8.62828394368334	-3.65702100924327
			8.63236544034545	-3.65702100924327
			8.63644693700755	-3.65702100924327
			8.64052843366965	-3.65702100924327
			8.64460993033175	-3.65293951258117
			8.64869142699385	-3.65293951258117
			8.65277292365596	-3.65293951258117
			8.65685442031806	-3.65293951258117
			8.66093591698016	-3.65293951258117
			8.66501741364226	-3.65293951258117
			8.66909891030436	-3.65293951258117
			8.67318040696646	-3.65293951258117
			8.67726190362857	-3.65293951258117
			8.68134340029067	-3.65293951258117
			8.68542489695277	-3.65293951258117
			8.68542489695277	-3.64885801591907
			8.68950639361487	-3.64885801591907
			8.69358789027697	-3.64885801591907
			8.69766938693908	-3.64885801591907
			8.70175088360118	-3.64885801591907
			8.70583238026328	-3.64885801591907
			8.70991387692538	-3.64885801591907
			8.71399537358748	-3.64885801591907
			8.71807687024959	-3.64885801591907
			8.72215836691169	-3.64885801591907
			8.72623986357379	-3.64477651925697
			8.73032136023589	-3.64477651925697
			8.73440285689799	-3.64477651925697
			8.73848435356009	-3.64477651925697
			8.7425658502222	-3.64477651925697
			8.7466473468843	-3.64477651925697
			8.7507288435464	-3.64477651925697
			8.7548103402085	-3.64477651925697
			8.75889183687061	-3.64477651925697
			8.76297333353271	-3.64477651925697
			8.76705483019481	-3.64477651925697
			8.77113632685691	-3.64477651925697
			8.77113632685691	-3.64069502259486
			8.77521782351901	-3.64069502259486
			8.77929932018111	-3.64069502259486
			8.78338081684322	-3.64069502259486
			8.78746231350532	-3.64069502259486
			8.79154381016742	-3.64069502259486
			8.79562530682952	-3.64069502259486
			8.79970680349162	-3.64069502259486
			8.80378830015372	-3.64069502259486
			8.80786979681583	-3.64069502259486
			8.81195129347793	-3.64069502259486
			8.81603279014003	-3.64069502259486
			8.82011428680213	-3.64069502259486
			8.82419578346423	-3.63661352593276
			8.82827728012634	-3.63661352593276
			8.83235877678844	-3.63661352593276
			8.83644027345054	-3.63661352593276
			8.84052177011264	-3.63661352593276
			8.84460326677474	-3.63661352593276
			8.84868476343684	-3.63661352593276
			8.85276626009895	-3.63661352593276
			8.85684775676105	-3.63661352593276
			8.86092925342315	-3.63661352593276
			8.86501075008525	-3.63661352593276
			8.86909224674736	-3.63661352593276
			8.87317374340946	-3.63661352593276
			8.87725524007156	-3.63253202927066
			8.88133673673366	-3.63253202927066
			8.88541823339576	-3.63253202927066
			8.88949973005786	-3.63253202927066
			8.89358122671997	-3.63253202927066
			8.89766272338207	-3.63253202927066
			8.90174422004417	-3.63253202927066
			8.90582571670627	-3.63253202927066
			8.90990721336837	-3.63253202927066
			8.91398871003048	-3.63253202927066
			8.91807020669258	-3.63253202927066
			8.92215170335468	-3.63253202927066
			8.92623320001678	-3.63253202927066
			8.93031469667888	-3.63253202927066
			8.93439619334099	-3.63253202927066
			8.93847769000309	-3.62845053260856
			8.94255918666519	-3.62845053260856
			8.94664068332729	-3.62845053260856
			8.95072217998939	-3.62845053260856
			8.95480367665149	-3.62845053260856
			8.9588851733136	-3.62845053260856
			8.9629666699757	-3.62845053260856
			8.9670481666378	-3.62845053260856
			8.9711296632999	-3.62845053260856
			8.975211159962	-3.62845053260856
			8.97929265662411	-3.62845053260856
			8.98337415328621	-3.62845053260856
			8.98745564994831	-3.62845053260856
			8.99153714661041	-3.62845053260856
			8.99561864327251	-3.62845053260856
			8.99970013993461	-3.62845053260856
			9.00378163659672	-3.62436903594646
			9.00786313325882	-3.62436903594646
			9.01194462992092	-3.62436903594646
			9.01602612658302	-3.62436903594646
			9.02010762324512	-3.62436903594646
			9.02418911990723	-3.62436903594646
			9.02827061656933	-3.62436903594646
			9.03235211323143	-3.62436903594646
			9.03643360989353	-3.62436903594646
			9.04051510655563	-3.62436903594646
			9.04459660321774	-3.62436903594646
			9.04867809987984	-3.62436903594646
			9.05275959654194	-3.62436903594646
			9.05684109320404	-3.62436903594646
			9.06092258986614	-3.62436903594646
			9.06500408652824	-3.62436903594646
			9.06908558319035	-3.62436903594646
			9.07316707985245	-3.62436903594646
			9.07724857651455	-3.62436903594646
			9.08133007317665	-3.62028753928436
			9.08541156983875	-3.62028753928436
			9.08949306650086	-3.62028753928436
			9.09357456316296	-3.62028753928436
			9.09765605982506	-3.62028753928436
			9.10173755648716	-3.62028753928436
			9.10581905314926	-3.62028753928436
			9.10990054981136	-3.62028753928436
			9.11398204647347	-3.62028753928436
			9.11806354313557	-3.62028753928436
			9.12214503979767	-3.62028753928436
			9.12622653645977	-3.62028753928436
			9.13030803312187	-3.62028753928436
			9.13438952978398	-3.62028753928436
			9.13847102644608	-3.62028753928436
			9.14255252310818	-3.62028753928436
			9.14663401977028	-3.62028753928436
			9.15071551643238	-3.62028753928436
			9.15479701309449	-3.62028753928436
			9.15887850975659	-3.62028753928436
			9.16296000641869	-3.62028753928436
			9.16704150308079	-3.61620604262225
			9.17112299974289	-3.61620604262225
			9.17520449640499	-3.61620604262225
			9.1792859930671	-3.61620604262225
			9.1833674897292	-3.61620604262225
			9.1874489863913	-3.61620604262225
			9.1915304830534	-3.61620604262225
			9.1956119797155	-3.61620604262225
			9.19969347637761	-3.61620604262225
			9.20377497303971	-3.61620604262225
			9.20785646970181	-3.61620604262225
			9.21193796636391	-3.61620604262225
			9.21601946302601	-3.61620604262225
			9.22010095968812	-3.61620604262225
			9.22418245635022	-3.61620604262225
			9.22826395301232	-3.61620604262225
			9.23234544967442	-3.61620604262225
			9.23642694633652	-3.61620604262225
			9.24050844299862	-3.61620604262225
			9.24458993966073	-3.61620604262225
			9.24867143632283	-3.61620604262225
			9.25275293298493	-3.61620604262225
			9.25683442964703	-3.61620604262225
			9.26091592630913	-3.61620604262225
			9.26499742297124	-3.61620604262225
			9.26499742297124	-3.61212454596015
			9.26907891963334	-3.61212454596015
			9.27316041629544	-3.61212454596015
			9.27724191295754	-3.61212454596015
			9.28132340961964	-3.61212454596015
			9.28540490628174	-3.61212454596015
			9.28948640294385	-3.61212454596015
			9.29356789960595	-3.61212454596015
			9.29764939626805	-3.61212454596015
			9.30173089293015	-3.61212454596015
			9.30581238959225	-3.61212454596015
			9.30989388625436	-3.61212454596015
			9.31397538291646	-3.61212454596015
			9.31805687957856	-3.61212454596015
			9.32213837624066	-3.61212454596015
			9.32621987290276	-3.61212454596015
			9.33030136956487	-3.61212454596015
			9.33438286622697	-3.61212454596015
			9.33846436288907	-3.61212454596015
			9.34254585955117	-3.61212454596015
			9.34662735621327	-3.61212454596015
			9.35070885287537	-3.61212454596015
			9.35479034953748	-3.61212454596015
			9.35887184619958	-3.61212454596015
			9.36295334286168	-3.60804304929805
			9.36703483952378	-3.60804304929805
			9.37111633618588	-3.60804304929805
			9.37519783284799	-3.60804304929805
			9.37927932951009	-3.60804304929805
			9.38336082617219	-3.60804304929805
			9.38744232283429	-3.60804304929805
			9.39152381949639	-3.60804304929805
			9.39560531615849	-3.60804304929805
			9.3996868128206	-3.60804304929805
			9.4037683094827	-3.60804304929805
			9.4078498061448	-3.60804304929805
			9.4119313028069	-3.60804304929805
			9.41601279946901	-3.60804304929805
			9.42009429613111	-3.60804304929805
			9.42417579279321	-3.60804304929805
			9.42825728945531	-3.60804304929805
			9.43233878611741	-3.60804304929805
			9.43642028277951	-3.60804304929805
			9.44050177944162	-3.60804304929805
			9.44458327610372	-3.60804304929805
			9.44866477276582	-3.60804304929805
			9.45274626942792	-3.60804304929805
			9.45682776609002	-3.60804304929805
			9.46090926275212	-3.60804304929805
			9.46499075941423	-3.60804304929805
			9.46907225607633	-3.60804304929805
			9.47315375273843	-3.60396155263595
			9.47723524940053	-3.60396155263595
			9.48131674606264	-3.60396155263595
			9.48539824272474	-3.60396155263595
			9.48947973938684	-3.60396155263595
			9.49356123604894	-3.60396155263595
			9.49764273271104	-3.60396155263595
			9.50172422937314	-3.60396155263595
			9.50580572603525	-3.60396155263595
			9.50988722269735	-3.60396155263595
			9.51396871935945	-3.60396155263595
			9.51805021602155	-3.60396155263595
			9.52213171268365	-3.60396155263595
			9.52621320934576	-3.60396155263595
			9.53029470600786	-3.60396155263595
			9.53437620266996	-3.60396155263595
			9.53845769933206	-3.60396155263595
			9.54253919599416	-3.60396155263595
			9.54662069265626	-3.60396155263595
			9.55070218931837	-3.60396155263595
			9.55478368598047	-3.60396155263595
			9.55886518264257	-3.60396155263595
			9.56294667930467	-3.60396155263595
			9.56702817596677	-3.60396155263595
			9.57110967262888	-3.60396155263595
			9.57519116929098	-3.60396155263595
			9.57927266595308	-3.60396155263595
			9.58335416261518	-3.60396155263595
			9.58743565927728	-3.60396155263595
			9.59151715593939	-3.60396155263595
			9.59559865260149	-3.60396155263595
			9.59968014926359	-3.60396155263595
			9.60376164592569	-3.60396155263595
			9.60784314258779	-3.60396155263595
			9.61192463924989	-3.60396155263595
			9.616006135912	-3.60396155263595
			9.6200876325741	-3.60396155263595
			9.6241691292362	-3.60396155263595
			9.6282506258983	-3.60396155263595
			9.6323321225604	-3.60396155263595
			9.63641361922251	-3.60396155263595
			9.64049511588461	-3.60396155263595
			9.64457661254671	-3.60396155263595
			9.64865810920881	-3.60396155263595
			9.65273960587091	-3.60396155263595
			9.65682110253301	-3.60396155263595
			9.66090259919512	-3.60396155263595
			9.66498409585722	-3.60396155263595
			9.66906559251932	-3.60396155263595
			9.67314708918142	-3.60396155263595
			9.67722858584352	-3.60396155263595
			9.68131008250563	-3.60396155263595
			9.68539157916773	-3.60396155263595
			9.68947307582983	-3.60396155263595
			9.69355457249193	-3.60804304929805
			9.69763606915403	-3.60804304929805
			9.70171756581614	-3.60804304929805
			9.70579906247824	-3.60804304929805
			9.70988055914034	-3.60804304929805
			9.71396205580244	-3.60804304929805
			9.71804355246454	-3.60804304929805
			9.72212504912664	-3.60804304929805
			9.72620654578875	-3.60804304929805
			9.73028804245085	-3.60804304929805
			9.73436953911295	-3.60804304929805
			9.73845103577505	-3.60804304929805
			9.74253253243715	-3.60804304929805
			9.74661402909926	-3.60804304929805
			9.75069552576136	-3.60804304929805
			9.75477702242346	-3.60804304929805
			9.75885851908556	-3.60804304929805
			9.76294001574766	-3.60804304929805
			9.76702151240977	-3.60804304929805
			9.77110300907187	-3.60804304929805
			9.77518450573397	-3.60804304929805
			9.77926600239607	-3.60804304929805
			9.78334749905817	-3.60804304929805
			9.78742899572027	-3.60804304929805
			9.79151049238238	-3.60804304929805
			9.79559198904448	-3.60804304929805
			9.79967348570658	-3.60804304929805
			9.80375498236868	-3.60804304929805
			9.80783647903078	-3.60804304929805
			9.81191797569289	-3.60804304929805
			9.81599947235499	-3.60804304929805
			9.82008096901709	-3.60804304929805
			9.82416246567919	-3.60804304929805
			9.82824396234129	-3.60804304929805
			9.83232545900339	-3.60804304929805
			9.8364069556655	-3.60804304929805
			9.8404884523276	-3.61212454596015
			9.8445699489897	-3.61212454596015
			9.8486514456518	-3.61212454596015
			9.8527329423139	-3.61212454596015
			9.85681443897601	-3.61212454596015
			9.86089593563811	-3.61212454596015
			9.86497743230021	-3.61212454596015
			9.86905892896231	-3.61212454596015
			9.87314042562441	-3.61212454596015
			9.87722192228652	-3.61212454596015
			9.88130341894862	-3.61212454596015
			9.88538491561072	-3.61212454596015
			9.88946641227282	-3.61212454596015
			9.89354790893492	-3.61212454596015
			9.89762940559702	-3.61212454596015
			9.90171090225913	-3.61212454596015
			9.90579239892123	-3.61212454596015
			9.90987389558333	-3.61212454596015
			9.91395539224543	-3.61212454596015
			9.91803688890753	-3.61212454596015
			9.92211838556964	-3.61212454596015
			9.92619988223174	-3.61212454596015
			9.93028137889384	-3.61212454596015
			9.93436287555594	-3.61212454596015
			9.93844437221804	-3.61620604262225
			9.94252586888015	-3.61620604262225
			9.94660736554225	-3.61620604262225
			9.95068886220435	-3.61620604262225
			9.95477035886645	-3.61620604262225
			9.95885185552855	-3.61620604262225
			9.96293335219065	-3.61620604262225
			9.96701484885276	-3.61620604262225
			9.97109634551486	-3.61620604262225
			9.97517784217696	-3.61620604262225
		</body_ant>
		<body_post type=matrix rownames=FALSE colnames=FALSE nrow=632 ncol=2 as.numeric=TRUE >
			10.7588252013005	-3.85701434568626
			10.7629066979626	-3.85701434568626
			10.7669881946247	-3.86109584234837
			10.7710696912868	-3.86109584234837
			10.7751511879489	-3.86109584234837
			10.779232684611	-3.86109584234837
			10.7833141812731	-3.86109584234837
			10.7833141812731	-3.86517733901047
			10.7873956779352	-3.86517733901047
			10.7914771745973	-3.86517733901047
			10.7955586712594	-3.86517733901047
			10.7996401679215	-3.86925883567257
			10.8037216645836	-3.86925883567257
			10.8078031612457	-3.86925883567257
			10.8118846579078	-3.86925883567257
			10.8159661545699	-3.86925883567257
			10.820047651232	-3.87334033233467
			10.8241291478941	-3.87334033233467
			10.8282106445563	-3.87334033233467
			10.8322921412184	-3.87334033233467
			10.8363736378805	-3.87742182899677
			10.8404551345426	-3.87742182899677
			10.8445366312047	-3.87742182899677
			10.8486181278668	-3.87742182899677
			10.8526996245289	-3.88150332565887
			10.856781121191	-3.88150332565887
			10.8608626178531	-3.88150332565887
			10.8649441145152	-3.88150332565887
			10.8690256111773	-3.88150332565887
			10.8731071078394	-3.88558482232098
			10.8771886045015	-3.88558482232098
			10.8812701011636	-3.88558482232098
			10.8853515978257	-3.88558482232098
			10.8894330944878	-3.88966631898308
			10.8935145911499	-3.88966631898308
			10.897596087812	-3.88966631898308
			10.9016775844741	-3.88966631898308
			10.9057590811362	-3.88966631898308
			10.9098405777983	-3.89374781564518
			10.9139220744604	-3.89374781564518
			10.9180035711225	-3.89374781564518
			10.9220850677846	-3.89374781564518
			10.9261665644467	-3.89374781564518
			10.9302480611088	-3.89782931230728
			10.9343295577709	-3.89782931230728
			10.938411054433	-3.89782931230728
			10.9424925510951	-3.89782931230728
			10.9465740477572	-3.90191080896938
			10.9506555444193	-3.90191080896938
			10.9547370410814	-3.90191080896938
			10.9588185377435	-3.90191080896938
			10.9629000344056	-3.90191080896938
			10.9669815310677	-3.90599230563149
			10.9710630277298	-3.90599230563149
			10.9751445243919	-3.90599230563149
			10.979226021054	-3.90599230563149
			10.9833075177161	-3.90599230563149
			10.9873890143782	-3.91007380229359
			10.9914705110403	-3.91007380229359
			10.9955520077024	-3.91007380229359
			10.9996335043645	-3.91007380229359
			11.0037150010266	-3.91007380229359
			11.0077964976887	-3.91007380229359
			11.0118779943508	-3.91415529895569
			11.0159594910129	-3.91415529895569
			11.020040987675	-3.91415529895569
			11.0241224843371	-3.91415529895569
			11.0282039809992	-3.91415529895569
			11.0322854776613	-3.91823679561779
			11.0363669743234	-3.91823679561779
			11.0404484709855	-3.91823679561779
			11.0445299676476	-3.91823679561779
			11.0486114643098	-3.91823679561779
			11.0526929609719	-3.92231829227989
			11.056774457634	-3.92231829227989
			11.0608559542961	-3.92231829227989
			11.0649374509582	-3.92231829227989
			11.0690189476203	-3.92231829227989
			11.0731004442824	-3.92231829227989
			11.0771819409445	-3.926399788942
			11.0812634376066	-3.926399788942
			11.0853449342687	-3.926399788942
			11.0894264309308	-3.926399788942
			11.0935079275929	-3.926399788942
			11.097589424255	-3.9304812856041
			11.1016709209171	-3.9304812856041
			11.1057524175792	-3.9304812856041
			11.1098339142413	-3.9304812856041
			11.1139154109034	-3.9304812856041
			11.1179969075655	-3.9304812856041
			11.1220784042276	-3.9345627822662
			11.1261599008897	-3.9345627822662
			11.1302413975518	-3.9345627822662
			11.1343228942139	-3.9345627822662
			11.138404390876	-3.9345627822662
			11.1424858875381	-3.9345627822662
			11.1465673842002	-3.9386442789283
			11.1506488808623	-3.9386442789283
			11.1547303775244	-3.9386442789283
			11.1588118741865	-3.9386442789283
			11.1628933708486	-3.9386442789283
			11.1669748675107	-3.9386442789283
			11.1710563641728	-3.9427257755904
			11.1751378608349	-3.9427257755904
			11.179219357497	-3.9427257755904
			11.1833008541591	-3.9427257755904
			11.1873823508212	-3.9427257755904
			11.1914638474833	-3.9427257755904
			11.1955453441454	-3.9468072722525
			11.1996268408075	-3.9468072722525
			11.2037083374696	-3.9468072722525
			11.2077898341317	-3.9468072722525
			11.2118713307938	-3.9468072722525
			11.2159528274559	-3.9468072722525
			11.220034324118	-3.9468072722525
			11.2241158207801	-3.95088876891461
			11.2281973174422	-3.95088876891461
			11.2322788141043	-3.95088876891461
			11.2363603107664	-3.95088876891461
			11.2404418074285	-3.95088876891461
			11.2445233040906	-3.95088876891461
			11.2486048007527	-3.95497026557671
			11.2526862974148	-3.95497026557671
			11.2567677940769	-3.95497026557671
			11.260849290739	-3.95497026557671
			11.2649307874012	-3.95497026557671
			11.2690122840633	-3.95497026557671
			11.2730937807254	-3.95497026557671
			11.2771752773875	-3.95905176223881
			11.2812567740496	-3.95905176223881
			11.2853382707117	-3.95905176223881
			11.2894197673738	-3.95905176223881
			11.2935012640359	-3.95905176223881
			11.297582760698	-3.95905176223881
			11.3016642573601	-3.95905176223881
			11.3057457540222	-3.96313325890091
			11.3098272506843	-3.96313325890091
			11.3139087473464	-3.96313325890091
			11.3179902440085	-3.96313325890091
			11.3220717406706	-3.96313325890091
			11.3261532373327	-3.96313325890091
			11.3302347339948	-3.96313325890091
			11.3343162306569	-3.96721475556301
			11.338397727319	-3.96721475556301
			11.3424792239811	-3.96721475556301
			11.3465607206432	-3.96721475556301
			11.3506422173053	-3.96721475556301
			11.3547237139674	-3.96721475556301
			11.3588052106295	-3.96721475556301
			11.3628867072916	-3.96721475556301
			11.3669682039537	-3.97129625222512
			11.3710497006158	-3.97129625222512
			11.3751311972779	-3.97129625222512
			11.37921269394	-3.97129625222512
			11.3832941906021	-3.97129625222512
			11.3873756872642	-3.97129625222512
			11.3914571839263	-3.97129625222512
			11.3955386805884	-3.97537774888722
			11.3996201772505	-3.97537774888722
			11.4037016739126	-3.97537774888722
			11.4077831705747	-3.97537774888722
			11.4118646672368	-3.97537774888722
			11.4159461638989	-3.97537774888722
			11.420027660561	-3.97537774888722
			11.4241091572231	-3.97537774888722
			11.4281906538852	-3.97945924554932
			11.4322721505473	-3.97945924554932
			11.4363536472094	-3.97945924554932
			11.4404351438715	-3.97945924554932
			11.4445166405336	-3.97945924554932
			11.4485981371957	-3.97945924554932
			11.4526796338578	-3.97945924554932
			11.4567611305199	-3.97945924554932
			11.460842627182	-3.98354074221142
			11.4649241238441	-3.98354074221142
			11.4690056205062	-3.98354074221142
			11.4730871171683	-3.98354074221142
			11.4771686138304	-3.98354074221142
			11.4812501104925	-3.98354074221142
			11.4853316071547	-3.98354074221142
			11.4894131038168	-3.98354074221142
			11.4934946004789	-3.98762223887352
			11.497576097141	-3.98762223887352
			11.5016575938031	-3.98762223887352
			11.5057390904652	-3.98762223887352
			11.5098205871273	-3.98762223887352
			11.5139020837894	-3.98762223887352
			11.5179835804515	-3.98762223887352
			11.5220650771136	-3.98762223887352
			11.5261465737757	-3.98762223887352
			11.5302280704378	-3.98762223887352
			11.5343095670999	-3.99170373553563
			11.538391063762	-3.99170373553563
			11.5424725604241	-3.99170373553563
			11.5465540570862	-3.99170373553563
			11.5506355537483	-3.99170373553563
			11.5547170504104	-3.99170373553563
			11.5587985470725	-3.99170373553563
			11.5628800437346	-3.99170373553563
			11.5669615403967	-3.99170373553563
			11.5710430370588	-3.99578523219773
			11.5751245337209	-3.99578523219773
			11.579206030383	-3.99578523219773
			11.5832875270451	-3.99578523219773
			11.5873690237072	-3.99578523219773
			11.5914505203693	-3.99578523219773
			11.5955320170314	-3.99578523219773
			11.5996135136935	-3.99578523219773
			11.6036950103556	-3.99578523219773
			11.6077765070177	-3.99986672885983
			11.6118580036798	-3.99986672885983
			11.6159395003419	-3.99986672885983
			11.620020997004	-3.99986672885983
			11.6241024936661	-3.99986672885983
			11.6281839903282	-3.99986672885983
			11.6322654869903	-3.99986672885983
			11.6363469836524	-3.99986672885983
			11.6404284803145	-3.99986672885983
			11.6445099769766	-3.99986672885983
			11.6485914736387	-3.99986672885983
			11.6526729703008	-4.00394822552193
			11.6567544669629	-4.00394822552193
			11.660835963625	-4.00394822552193
			11.6649174602871	-4.00394822552193
			11.6689989569492	-4.00394822552193
			11.6730804536113	-4.00394822552193
			11.6771619502734	-4.00394822552193
			11.6812434469355	-4.00394822552193
			11.6853249435976	-4.00394822552193
			11.6894064402597	-4.00394822552193
			11.6934879369218	-4.00394822552193
			11.6975694335839	-4.00802972218403
			11.701650930246	-4.00802972218403
			11.7057324269082	-4.00802972218403
			11.7098139235703	-4.00802972218403
			11.7138954202324	-4.00802972218403
			11.7179769168945	-4.00802972218403
			11.7220584135566	-4.00802972218403
			11.7261399102187	-4.00802972218403
			11.7302214068808	-4.00802972218403
			11.7343029035429	-4.00802972218403
			11.738384400205	-4.00802972218403
			11.7424658968671	-4.01211121884613
			11.7465473935292	-4.01211121884613
			11.7506288901913	-4.01211121884613
			11.7547103868534	-4.01211121884613
			11.7587918835155	-4.01211121884613
			11.7628733801776	-4.01211121884613
			11.7669548768397	-4.01211121884613
			11.7710363735018	-4.01211121884613
			11.7751178701639	-4.01211121884613
			11.779199366826	-4.01211121884613
			11.7832808634881	-4.01211121884613
			11.7873623601502	-4.01619271550824
			11.7914438568123	-4.01619271550824
			11.7955253534744	-4.01619271550824
			11.7996068501365	-4.01619271550824
			11.8036883467986	-4.01619271550824
			11.8077698434607	-4.01619271550824
			11.8118513401228	-4.01619271550824
			11.8159328367849	-4.01619271550824
			11.820014333447	-4.01619271550824
			11.8240958301091	-4.01619271550824
			11.8281773267712	-4.01619271550824
			11.8322588234333	-4.01619271550824
			11.8363403200954	-4.02027421217034
			11.8404218167575	-4.02027421217034
			11.8445033134196	-4.02027421217034
			11.8485848100817	-4.02027421217034
			11.8526663067438	-4.02027421217034
			11.8567478034059	-4.02027421217034
			11.860829300068	-4.02027421217034
			11.8649107967301	-4.02027421217034
			11.8689922933922	-4.02027421217034
			11.8730737900543	-4.02027421217034
			11.8771552867164	-4.02027421217034
			11.8812367833785	-4.02027421217034
			11.8853182800406	-4.02027421217034
			11.8893997767027	-4.02435570883244
			11.8934812733648	-4.02435570883244
			11.8975627700269	-4.02435570883244
			11.901644266689	-4.02435570883244
			11.9057257633511	-4.02435570883244
			11.9098072600132	-4.02435570883244
			11.9138887566753	-4.02435570883244
			11.9179702533374	-4.02435570883244
			11.9220517499996	-4.02435570883244
			11.9261332466617	-4.02435570883244
			11.9302147433238	-4.02435570883244
			11.9342962399859	-4.02435570883244
			11.938377736648	-4.02435570883244
			11.9424592333101	-4.02435570883244
			11.9465407299722	-4.02435570883244
			11.9506222266343	-4.02843720549454
			11.9547037232964	-4.02843720549454
			11.9587852199585	-4.02843720549454
			11.9628667166206	-4.02843720549454
			11.9669482132827	-4.02843720549454
			11.9710297099448	-4.02843720549454
			11.9751112066069	-4.02843720549454
			11.979192703269	-4.02843720549454
			11.9832741999311	-4.02843720549454
			11.9873556965932	-4.02843720549454
			11.9914371932553	-4.02843720549454
			11.9955186899174	-4.02843720549454
			11.9996001865795	-4.02843720549454
			12.0036816832416	-4.02843720549454
			12.0077631799037	-4.02843720549454
			12.0118446765658	-4.03251870215664
			12.0159261732279	-4.03251870215664
			12.02000766989	-4.03251870215664
			12.0240891665521	-4.03251870215664
			12.0281706632142	-4.03251870215664
			12.0322521598763	-4.03251870215664
			12.0363336565384	-4.03251870215664
			12.0404151532005	-4.03251870215664
			12.0444966498626	-4.03251870215664
			12.0485781465247	-4.03251870215664
			12.0526596431868	-4.03251870215664
			12.0567411398489	-4.03251870215664
			12.060822636511	-4.03251870215664
			12.0649041331731	-4.03251870215664
			12.0689856298352	-4.03251870215664
			12.0730671264973	-4.03251870215664
			12.0771486231594	-4.03251870215664
			12.0771486231594	-4.03660019881875
			12.0812301198215	-4.03660019881875
			12.0853116164836	-4.03660019881875
			12.0893931131457	-4.03660019881875
			12.0934746098078	-4.03660019881875
			12.0975561064699	-4.03660019881875
			12.101637603132	-4.03660019881875
			12.1057190997941	-4.03660019881875
			12.1098005964562	-4.03660019881875
			12.1138820931183	-4.03660019881875
			12.1179635897804	-4.03660019881875
			12.1220450864425	-4.03660019881875
			12.1261265831046	-4.03660019881875
			12.1302080797667	-4.03660019881875
			12.1342895764288	-4.03660019881875
			12.1383710730909	-4.03660019881875
			12.1424525697531	-4.03660019881875
			12.1465340664152	-4.03660019881875
			12.1506155630773	-4.03660019881875
			12.1546970597394	-4.04068169548085
			12.1587785564015	-4.04068169548085
			12.1628600530636	-4.04068169548085
			12.1669415497257	-4.04068169548085
			12.1710230463878	-4.04068169548085
			12.1751045430499	-4.04068169548085
			12.179186039712	-4.04068169548085
			12.1832675363741	-4.04068169548085
			12.1873490330362	-4.04068169548085
			12.1914305296983	-4.04068169548085
			12.1955120263604	-4.04068169548085
			12.1995935230225	-4.04068169548085
			12.2036750196846	-4.04068169548085
			12.2077565163467	-4.04068169548085
			12.2118380130088	-4.04068169548085
			12.2159195096709	-4.04068169548085
			12.220001006333	-4.04068169548085
			12.2240825029951	-4.04068169548085
			12.2281639996572	-4.04068169548085
			12.2322454963193	-4.04068169548085
			12.2363269929814	-4.04068169548085
			12.2404084896435	-4.04068169548085
			12.2444899863056	-4.04476319214295
			12.2485714829677	-4.04476319214295
			12.2526529796298	-4.04476319214295
			12.2567344762919	-4.04476319214295
			12.260815972954	-4.04476319214295
			12.2648974696161	-4.04476319214295
			12.2689789662782	-4.04476319214295
			12.2730604629403	-4.04476319214295
			12.2771419596024	-4.04476319214295
			12.2812234562645	-4.04476319214295
			12.2853049529266	-4.04476319214295
			12.2893864495887	-4.04476319214295
			12.2934679462508	-4.04476319214295
			12.2975494429129	-4.04476319214295
			12.301630939575	-4.04476319214295
			12.3057124362371	-4.04476319214295
			12.3097939328992	-4.04476319214295
			12.3138754295613	-4.04476319214295
			12.3179569262234	-4.04476319214295
			12.3220384228855	-4.04476319214295
			12.3261199195476	-4.04476319214295
			12.3302014162097	-4.04476319214295
			12.3342829128718	-4.04476319214295
			12.3383644095339	-4.04476319214295
			12.342445906196	-4.04884468880505
			12.3465274028581	-4.04884468880505
			12.3506088995202	-4.04884468880505
			12.3546903961823	-4.04884468880505
			12.3587718928444	-4.04884468880505
			12.3628533895066	-4.04884468880505
			12.3669348861687	-4.04884468880505
			12.3710163828308	-4.04884468880505
			12.3750978794929	-4.04884468880505
			12.379179376155	-4.04884468880505
			12.3832608728171	-4.04884468880505
			12.3873423694792	-4.04884468880505
			12.3914238661413	-4.04884468880505
			12.3955053628034	-4.04884468880505
			12.3995868594655	-4.04884468880505
			12.4036683561276	-4.04884468880505
			12.4077498527897	-4.04884468880505
			12.4118313494518	-4.04884468880505
			12.4159128461139	-4.04884468880505
			12.419994342776	-4.04884468880505
			12.4240758394381	-4.04884468880505
			12.4281573361002	-4.04884468880505
			12.4322388327623	-4.04884468880505
			12.4363203294244	-4.04884468880505
			12.4404018260865	-4.04884468880505
			12.4444833227486	-4.04884468880505
			12.4485648194107	-4.04884468880505
			12.4526463160728	-4.04884468880505
			12.4567278127349	-4.04884468880505
			12.460809309397	-4.04884468880505
			12.4648908060591	-4.04884468880505
			12.4689723027212	-4.05292618546715
			12.4730537993833	-4.05292618546715
			12.4771352960454	-4.05292618546715
			12.4812167927075	-4.05292618546715
			12.4852982893696	-4.05292618546715
			12.4893797860317	-4.05292618546715
			12.4934612826938	-4.05292618546715
			12.4975427793559	-4.05292618546715
			12.501624276018	-4.05292618546715
			12.5057057726801	-4.05292618546715
			12.5097872693422	-4.05292618546715
			12.5138687660043	-4.05292618546715
			12.5179502626664	-4.05292618546715
			12.5220317593285	-4.05292618546715
			12.5261132559906	-4.05292618546715
			12.5301947526527	-4.05292618546715
			12.5342762493148	-4.05292618546715
			12.5383577459769	-4.05292618546715
			12.542439242639	-4.05292618546715
			12.5465207393011	-4.05292618546715
			12.5506022359632	-4.05292618546715
			12.5546837326253	-4.05292618546715
			12.5587652292874	-4.05292618546715
			12.5628467259495	-4.05292618546715
			12.5669282226116	-4.05292618546715
			12.5710097192737	-4.05292618546715
			12.5750912159358	-4.05292618546715
			12.579172712598	-4.05292618546715
			12.5832542092601	-4.05292618546715
			12.5873357059222	-4.05292618546715
			12.5914172025843	-4.05292618546715
			12.5954986992464	-4.05292618546715
			12.5995801959085	-4.05292618546715
			12.6036616925706	-4.05292618546715
			12.6077431892327	-4.05292618546715
			12.6118246858948	-4.05292618546715
			12.6159061825569	-4.05292618546715
			12.619987679219	-4.05292618546715
			12.6240691758811	-4.05292618546715
			12.6281506725432	-4.05292618546715
			12.6322321692053	-4.05292618546715
			12.6363136658674	-4.05292618546715
			12.6403951625295	-4.05292618546715
			12.6444766591916	-4.05700768212925
			12.6485581558537	-4.05700768212925
			12.6526396525158	-4.05700768212925
			12.6567211491779	-4.05700768212925
			12.66080264584	-4.05700768212925
			12.6648841425021	-4.05700768212925
			12.6689656391642	-4.05700768212925
			12.6730471358263	-4.05700768212925
			12.6771286324884	-4.05700768212925
			12.6812101291505	-4.05700768212925
			12.6852916258126	-4.05700768212925
			12.6893731224747	-4.05700768212925
			12.6934546191368	-4.05700768212925
			12.6975361157989	-4.05700768212925
			12.701617612461	-4.05700768212925
			12.7056991091231	-4.05700768212925
			12.7097806057852	-4.05700768212925
			12.7138621024473	-4.05700768212925
			12.7179435991094	-4.05700768212925
			12.7220250957715	-4.05700768212925
			12.7261065924336	-4.05700768212925
			12.7301880890957	-4.05700768212925
			12.7342695857578	-4.05700768212925
			12.7383510824199	-4.05700768212925
			12.742432579082	-4.05700768212925
			12.7465140757441	-4.05700768212925
			12.7505955724062	-4.05700768212925
			12.7546770690683	-4.05700768212925
			12.7587585657304	-4.05700768212925
			12.7628400623925	-4.05700768212925
			12.7669215590546	-4.05700768212925
			12.7710030557167	-4.05700768212925
			12.7750845523788	-4.05700768212925
			12.7791660490409	-4.05700768212925
			12.783247545703	-4.05700768212925
			12.7873290423651	-4.05700768212925
			12.7914105390272	-4.05700768212925
			12.7954920356893	-4.05700768212925
			12.7995735323515	-4.05700768212925
			12.8036550290136	-4.05292618546715
			12.8077365256757	-4.05292618546715
			12.8118180223378	-4.05292618546715
			12.8158995189999	-4.05292618546715
			12.819981015662	-4.05292618546715
			12.8240625123241	-4.04884468880505
			12.8281440089862	-4.04884468880505
			12.8322255056483	-4.04884468880505
			12.8363070023104	-4.04884468880505
			12.8403884989725	-4.04884468880505
			12.8444699956346	-4.04476319214295
			12.8485514922967	-4.04476319214295
			12.8526329889588	-4.04476319214295
			12.8567144856209	-4.04476319214295
			12.860795982283	-4.04476319214295
			12.8648774789451	-4.04068169548085
			12.8689589756072	-4.04068169548085
			12.8730404722693	-4.04068169548085
			12.8771219689314	-4.04068169548085
			12.8812034655935	-4.03660019881875
			12.8852849622556	-4.03660019881875
			12.8893664589177	-4.03660019881875
			12.8934479555798	-4.03660019881875
			12.8975294522419	-4.03660019881875
			12.901610948904	-4.03251870215664
			12.9056924455661	-4.03251870215664
			12.9097739422282	-4.03251870215664
			12.9138554388903	-4.03251870215664
			12.9179369355524	-4.03251870215664
			12.9220184322145	-4.02843720549454
			12.9260999288766	-4.02843720549454
			12.9301814255387	-4.02843720549454
			12.9342629222008	-4.02843720549454
			12.9383444188629	-4.02843720549454
			12.942425915525	-4.02435570883244
			12.9465074121871	-4.02435570883244
			12.9505889088492	-4.02435570883244
			12.9546704055113	-4.02435570883244
			12.9587519021734	-4.02435570883244
			12.9628333988355	-4.02027421217034
			12.9669148954976	-4.02027421217034
			12.9709963921597	-4.02027421217034
			12.9750778888218	-4.02027421217034
			12.9791593854839	-4.02027421217034
			12.983240882146	-4.01619271550824
			12.9873223788081	-4.01619271550824
			12.9914038754702	-4.01619271550824
			12.9954853721323	-4.01619271550824
			12.9995668687944	-4.01619271550824
			13.0036483654565	-4.01211121884613
			13.0077298621186	-4.01211121884613
			13.0118113587807	-4.01211121884613
			13.0158928554428	-4.01211121884613
			13.019974352105	-4.01211121884613
			13.0240558487671	-4.00802972218403
			13.0281373454292	-4.00802972218403
			13.0322188420913	-4.00802972218403
			13.0363003387534	-4.00802972218403
			13.0403818354155	-4.00802972218403
			13.0444633320776	-4.00802972218403
			13.0485448287397	-4.00394822552193
			13.0526263254018	-4.00394822552193
			13.0567078220639	-4.00394822552193
			13.060789318726	-4.00394822552193
			13.0648708153881	-4.00394822552193
			13.0689523120502	-3.99986672885983
			13.0730338087123	-3.99986672885983
			13.0771153053744	-3.99986672885983
			13.0811968020365	-3.99986672885983
			13.0852782986986	-3.99986672885983
			13.0893597953607	-3.99986672885983
			13.0934412920228	-3.99578523219773
			13.0975227886849	-3.99578523219773
			13.101604285347	-3.99578523219773
			13.1056857820091	-3.99578523219773
			13.1097672786712	-3.99578523219773
			13.1138487753333	-3.99170373553563
			13.1179302719954	-3.99170373553563
			13.1220117686575	-3.99170373553563
			13.1260932653196	-3.99170373553563
			13.1301747619817	-3.99170373553563
			13.1342562586438	-3.99170373553563
			13.1383377553059	-3.98762223887352
			13.142419251968	-3.98762223887352
			13.1465007486301	-3.98762223887352
			13.1505822452922	-3.98762223887352
			13.1546637419543	-3.98762223887352
			13.1587452386164	-3.98762223887352
			13.1628267352785	-3.98354074221142
			13.1669082319406	-3.98354074221142
			13.1709897286027	-3.98354074221142
			13.1750712252648	-3.98354074221142
			13.1791527219269	-3.98354074221142
			13.183234218589	-3.98354074221142
			13.1873157152511	-3.97945924554932
			13.1913972119132	-3.97945924554932
			13.1954787085753	-3.97945924554932
			13.1995602052374	-3.97945924554932
			13.2036417018995	-3.97945924554932
			13.2077231985616	-3.97945924554932
			13.2118046952237	-3.97945924554932
			13.2158861918858	-3.97537774888722
			13.2199676885479	-3.97537774888722
			13.22404918521	-3.97537774888722
			13.2281306818721	-3.97537774888722
			13.2322121785342	-3.97537774888722
			13.2362936751964	-3.97537774888722
			13.2403751718585	-3.97129625222512
			13.2444566685206	-3.97129625222512
			13.2485381651827	-3.97129625222512
			13.2526196618448	-3.97129625222512
			13.2567011585069	-3.97129625222512
			13.260782655169	-3.97129625222512
			13.2648641518311	-3.97129625222512
			13.2689456484932	-3.97129625222512
			13.2689456484932	-3.96721475556301
			13.2730271451553	-3.96721475556301
			13.2771086418174	-3.96721475556301
			13.2811901384795	-3.96721475556301
			13.2852716351416	-3.96721475556301
			13.2893531318037	-3.96721475556301
			13.2934346284658	-3.96721475556301
			13.2975161251279	-3.96721475556301
			13.30159762179	-3.96721475556301
			13.3056791184521	-3.96313325890091
			13.3097606151142	-3.96313325890091
			13.3138421117763	-3.96313325890091
			13.3179236084384	-3.96313325890091
			13.3220051051005	-3.96313325890091
		</body_post>
		<opercle type=matrix rownames=FALSE colnames=FALSE nrow=201 ncol=2 as.numeric=TRUE >
			8.44461659388876	-4.66515068478243
			8.44869809055086	-4.66106918812033
			8.45277958721296	-4.65698769145823
			8.45686108387507	-4.65290619479613
			8.46094258053717	-4.64882469813403
			8.46502407719927	-4.64474320147192
			8.46910557386137	-4.64066170480982
			8.46910557386137	-4.63658020814772
			8.47318707052347	-4.63249871148562
			8.47726856718558	-4.62841721482352
			8.48135006384768	-4.62433571816141
			8.48543156050978	-4.62025422149931
			8.48951305717188	-4.61617272483721
			8.48951305717188	-4.61209122817511
			8.49359455383398	-4.60800973151301
			8.49767605049609	-4.6039282348509
			8.50175754715819	-4.5998467381888
			8.50175754715819	-4.5957652415267
			8.50583904382029	-4.5916837448646
			8.50992054048239	-4.5876022482025
			8.51400203714449	-4.5835207515404
			8.51400203714449	-4.57943925487829
			8.51808353380659	-4.57535775821619
			8.51808353380659	-4.57127626155409
			8.5221650304687	-4.57127626155409
			8.5221650304687	-4.56719476489199
			8.5221650304687	-4.56311326822989
			8.5262465271308	-4.56311326822989
			8.5262465271308	-4.55903177156778
			8.5303280237929	-4.55903177156778
			8.5303280237929	-4.55495027490568
			8.5303280237929	-4.55086877824358
			8.534409520455	-4.55086877824358
			8.534409520455	-4.54678728158148
			8.5384910171171	-4.54678728158148
			8.5384910171171	-4.54270578491938
			8.5384910171171	-4.53862428825728
			8.54257251377921	-4.53862428825728
			8.54257251377921	-4.53454279159517
			8.54257251377921	-4.53046129493307
			8.54665401044131	-4.53046129493307
			8.54665401044131	-4.52637979827097
			8.55073550710341	-4.52637979827097
			8.55073550710341	-4.52229830160887
			8.55073550710341	-4.51821680494677
			8.55481700376551	-4.51821680494677
			8.55481700376551	-4.51413530828466
			8.55481700376551	-4.51005381162256
			8.55889850042761	-4.51005381162256
			8.55889850042761	-4.50597231496046
			8.56297999708971	-4.50189081829836
			8.56297999708971	-4.49780932163626
			8.56706149375182	-4.49372782497415
			8.56706149375182	-4.48964632831205
			8.56706149375182	-4.48556483164995
			8.57114299041392	-4.48556483164995
			8.57114299041392	-4.48148333498785
			8.57114299041392	-4.47740183832575
			8.57522448707602	-4.47332034166365
			8.57522448707602	-4.46923884500154
			8.57930598373812	-4.46515734833944
			8.57930598373812	-4.46107585167734
			8.57930598373812	-4.45699435501524
			8.58338748040022	-4.45291285835314
			8.58338748040022	-4.44883136169103
			8.58338748040022	-4.44474986502893
			8.58746897706233	-4.44474986502893
			8.58746897706233	-4.44066836836683
			8.58746897706233	-4.43658687170473
			8.59155047372443	-4.43250537504263
			8.59155047372443	-4.42842387838052
			8.59155047372443	-4.42434238171842
			8.59563197038653	-4.42026088505632
			8.59563197038653	-4.41617938839422
			8.59563197038653	-4.41209789173212
			8.59971346704863	-4.40801639507001
			8.59971346704863	-4.40393489840791
			8.59971346704863	-4.39985340174581
			8.60379496371073	-4.39577190508371
			8.60379496371073	-4.39169040842161
			8.60379496371073	-4.38760891175951
			8.60379496371073	-4.3835274150974
			8.60379496371073	-4.3794459184353
			8.60787646037284	-4.3753644217732
			8.60787646037284	-4.3712829251111
			8.60787646037284	-4.367201428449
			8.60787646037284	-4.36311993178689
			8.60787646037284	-4.35903843512479
			8.61195795703494	-4.35495693846269
			8.61195795703494	-4.35087544180059
			8.61195795703494	-4.34679394513849
			8.61195795703494	-4.34271244847639
			8.61195795703494	-4.33863095181428
			8.61195795703494	-4.33454945515218
			8.61195795703494	-4.33046795849008
			8.61603945369704	-4.32638646182798
			8.61603945369704	-4.32230496516588
			8.61603945369704	-4.31822346850377
			8.61603945369704	-4.31414197184167
			8.61603945369704	-4.31006047517957
			8.61603945369704	-4.30597897851747
			8.61603945369704	-4.30189748185537
			8.61603945369704	-4.29781598519326
			8.61603945369704	-4.29373448853116
			8.61603945369704	-4.28965299186906
			8.61603945369704	-4.28557149520696
			8.61603945369704	-4.28148999854486
			8.61603945369704	-4.27740850188276
			8.61603945369704	-4.27332700522065
			8.61603945369704	-4.26924550855855
			8.61603945369704	-4.26516401189645
			8.61603945369704	-4.26108251523435
			8.61603945369704	-4.25700101857225
			8.61603945369704	-4.25291952191014
			8.61603945369704	-4.24883802524804
			8.61603945369704	-4.24475652858594
			8.61603945369704	-4.24067503192384
			8.61603945369704	-4.23659353526174
			8.61603945369704	-4.23251203859964
			8.61603945369704	-4.22843054193753
			8.61603945369704	-4.22434904527543
			8.61603945369704	-4.22026754861333
			8.61195795703494	-4.21618605195123
			8.61195795703494	-4.21210455528913
			8.61195795703494	-4.20802305862702
			8.61195795703494	-4.20394156196492
			8.61195795703494	-4.19986006530282
			8.61195795703494	-4.19577856864072
			8.61195795703494	-4.19169707197862
			8.61195795703494	-4.18761557531651
			8.60787646037284	-4.18353407865441
			8.60787646037284	-4.17945258199231
			8.60787646037284	-4.17537108533021
			8.60787646037284	-4.17128958866811
			8.60787646037284	-4.16720809200601
			8.60379496371073	-4.1631265953439
			8.60379496371073	-4.1590450986818
			8.60379496371073	-4.1549636020197
			8.60379496371073	-4.1508821053576
			8.59971346704863	-4.1468006086955
			8.59971346704863	-4.14271911203339
			8.59971346704863	-4.13863761537129
			8.59971346704863	-4.13455611870919
			8.59563197038653	-4.13047462204709
			8.59563197038653	-4.12639312538499
			8.59563197038653	-4.12231162872288
			8.59155047372443	-4.11823013206078
			8.59155047372443	-4.11414863539868
			8.59155047372443	-4.11006713873658
			8.59155047372443	-4.10598564207448
			8.58746897706233	-4.10190414541238
			8.58746897706233	-4.09782264875027
			8.58338748040022	-4.09374115208817
			8.58338748040022	-4.08965965542607
			8.58338748040022	-4.08557815876397
			8.57930598373812	-4.08149666210187
			8.57930598373812	-4.07741516543976
			8.57930598373812	-4.07333366877766
			8.57522448707602	-4.06925217211556
			8.57522448707602	-4.06517067545346
			8.57114299041392	-4.06108917879136
			8.57114299041392	-4.05700768212925
			8.57114299041392	-4.05292618546715
			8.56706149375182	-4.04884468880505
			8.56706149375182	-4.04476319214295
			8.56297999708971	-4.04068169548085
			8.56297999708971	-4.03660019881875
			8.55889850042761	-4.03251870215664
			8.55889850042761	-4.02843720549454
			8.55889850042761	-4.02435570883244
			8.55481700376551	-4.02435570883244
			8.55481700376551	-4.02027421217034
			8.55481700376551	-4.01619271550824
			8.55073550710341	-4.01211121884613
			8.55073550710341	-4.00802972218403
			8.54665401044131	-4.00394822552193
			8.54665401044131	-3.99986672885983
			8.54257251377921	-3.99578523219773
			8.54257251377921	-3.99170373553563
			8.5384910171171	-3.98762223887352
			8.5384910171171	-3.98354074221142
			8.534409520455	-3.98354074221142
			8.534409520455	-3.97945924554932
			8.5303280237929	-3.97537774888722
			8.5303280237929	-3.97129625222512
			8.5262465271308	-3.96721475556301
			8.5262465271308	-3.96313325890091
			8.5221650304687	-3.95905176223881
			8.5221650304687	-3.95497026557671
			8.51808353380659	-3.95088876891461
			8.51808353380659	-3.9468072722525
			8.51400203714449	-3.9427257755904
			8.51400203714449	-3.9386442789283
			8.50992054048239	-3.9386442789283
			8.50992054048239	-3.9345627822662
			8.50583904382029	-3.9304812856041
			8.50175754715819	-3.926399788942
			8.50175754715819	-3.92231829227989
			8.49767605049609	-3.91823679561779
			8.49767605049609	-3.91415529895569
			8.49359455383398	-3.91007380229359
		</opercle>
	</curves.scaled>
	<ruler.points type=matrix rownames=TRUE colnames=FALSE nrow=2 ncol=2 as.numeric=TRUE >
		Ruler point 1	2429	2215
		Ruler point 2	2674	2217
	</ruler.points>
</shapes>

